###################### HEADER ######################
# SNNAME:	PTF12hni
###################### HEADER ######################


# FILTER r
#        MJD  MAG  MAGERR  Upperlimit  Instrument  Telescope  Source
	56147	18.541373380882764	0.18330361654784286	F	NaN	NaN	NaN
	56148	18.538852702667043	0.16064439838182526	F	NaN	NaN	NaN
	56149	18.53761064542737	0.13841834042634377	F	NaN	NaN	NaN
	56150	18.537469541446495	0.11701791084621191	F	NaN	NaN	NaN
	56151	18.538406580632927	0.09606793267337835	F	NaN	NaN	NaN
	56152	18.540471472035975	0.07616619670519592	F	NaN	NaN	NaN
	56153	18.543482083258997	0.05747379540530557	F	NaN	NaN	NaN
	56154	18.547628062910412	0.040629031598148665	F	NaN	NaN	NaN
	56155	18.552725560837946	0.027381625051035127	F	NaN	NaN	NaN
	56156	18.558829067577847	0.023007898233774967	F	NaN	NaN	NaN
	56157	18.565983552209794	0.030656932320457977	F	NaN	NaN	NaN
	56158	18.57404951586398	0.043301861906418895	F	NaN	NaN	NaN
	56159	18.58311399455653	0.0574251731686768	F	NaN	NaN	NaN
	56160	18.593148225564615	0.0716079175720269	F	NaN	NaN	NaN
	56161	18.604053896341057	0.08555842907749421	F	NaN	NaN	NaN
	56162	18.615947423422043	0.09887122266018795	F	NaN	NaN	NaN
	56163	18.62873264220188	0.11158171118110738	F	NaN	NaN	NaN
	56164	18.642349261496193	0.1236837537829401	F	NaN	NaN	NaN
	56165	18.656939913401374	0.13501496930679135	F	NaN	NaN	NaN
	56166	18.672347361348578	0.14564377469912143	F	NaN	NaN	NaN
	56167	18.688555924408863	0.1554918169077852	F	NaN	NaN	NaN
	56168	18.70580315063873	0.16493324151200411	F	NaN	NaN	NaN
	56169	18.72426888325251	0.17469357832208354	F	NaN	NaN	NaN
	56170	18.74394924914445	0.1847560496529015	F	NaN	NaN	NaN
	56171	18.7648450660602	0.1949943921400642	F	NaN	NaN	NaN
	56172	18.786873254614143	0.20532671898406896	F	NaN	NaN	NaN
	56173	18.80997887964322	0.21547443804482644	F	NaN	NaN	NaN
	56174	18.834117533572066	0.22541423802084856	F	NaN	NaN	NaN
	56175	18.859278685045396	0.23502865908332068	F	NaN	NaN	NaN
	56176	18.88539318438859	0.24424198621378324	F	NaN	NaN	NaN
	56177	18.912385624363274	0.2528325990453475	F	NaN	NaN	NaN
	56178	18.940259322950947	0.2606252392561475	F	NaN	NaN	NaN
	56179	18.96894811682597	0.2676516503176828	F	NaN	NaN	NaN
	56180	18.998412459550135	0.2735088112735066	F	NaN	NaN	NaN
	56181	19.028590672228162	0.2785674557392678	F	NaN	NaN	NaN
	56182	19.059454068471506	0.2823027240135261	F	NaN	NaN	NaN
	56183	19.090942564791362	0.28497589385180233	F	NaN	NaN	NaN
	56184	19.123014687531192	0.2860341623106219	F	NaN	NaN	NaN
	56185	19.155633753134907	0.28554858012651435	F	NaN	NaN	NaN
	56186	19.189452377748115	0.2842337936286504	F	NaN	NaN	NaN
	56187	19.225639158391203	0.2830984594590864	F	NaN	NaN	NaN
	56188	19.263866021579098	0.2823009116553987	F	NaN	NaN	NaN
	56189	19.304095151128806	0.2814906668901498	F	NaN	NaN	NaN
	56190	19.346278712677975	0.2809986464880317	F	NaN	NaN	NaN
	56191	19.390013385657696	0.2806679444651895	F	NaN	NaN	NaN
	56192	19.435239985768913	0.28030863730376165	F	NaN	NaN	NaN
	56193	19.481854155343033	0.28011188134045334	F	NaN	NaN	NaN
	56194	19.529530465233446	0.28028508058372664	F	NaN	NaN	NaN
	56195	19.578181036447432	0.28063957194889605	F	NaN	NaN	NaN
	56196	19.62765964116537	0.28097244429790075	F	NaN	NaN	NaN
	56197	19.677711415085355	0.2813246141183435	F	NaN	NaN	NaN
	56198	19.72821245794335	0.2815940089266436	F	NaN	NaN	NaN
	56199	19.778989324923984	0.2819397517399341	F	NaN	NaN	NaN
	56200	19.829850389992416	0.2820767878062457	F	NaN	NaN	NaN
	56201	19.880626683584126	0.2821368270823773	F	NaN	NaN	NaN
	56202	19.931144737391033	0.2820945016555947	F	NaN	NaN	NaN
	56203	19.981250954555374	0.28205436223501973	F	NaN	NaN	NaN
	56204	20.030707144313745	0.28172341309342974	F	NaN	NaN	NaN
	56205	20.07945442271824	0.2812246055453879	F	NaN	NaN	NaN
	56206	20.127153864779707	0.2807314376588087	F	NaN	NaN	NaN
	56207	20.173797711018874	0.27977730849865046	F	NaN	NaN	NaN
	56208	20.219101077749457	0.2786066287496739	F	NaN	NaN	NaN
	56209	20.26292429621726	0.2772681045453238	F	NaN	NaN	NaN
	56210	20.305164962183554	0.27555868566020253	F	NaN	NaN	NaN
	56211	20.345450357273943	0.27333867688650576	F	NaN	NaN	NaN
	56212	20.38391716353838	0.27077189765785237	F	NaN	NaN	NaN
	56213	20.419992073149473	0.26731590544714806	F	NaN	NaN	NaN
	56214	20.453879487919707	0.26382547914873167	F	NaN	NaN	NaN
	56215	20.485285182123988	0.259760447662571	F	NaN	NaN	NaN
	56216	20.5139017356061	0.25582357737208344	F	NaN	NaN	NaN
	56217	20.539651854830183	0.25048483805240607	F	NaN	NaN	NaN
	56218	20.563435511209487	0.24294496390099368	F	NaN	NaN	NaN
	56219	20.58680172274683	0.23045196338986712	F	NaN	NaN	NaN
	56220	20.60969128199431	0.21303335848208788	F	NaN	NaN	NaN
	56221	20.632009158646188	0.193453682768603	F	NaN	NaN	NaN
	56222	20.653681479418726	0.17254821003823145	F	NaN	NaN	NaN
	56223	20.674619573170148	0.15164421864153205	F	NaN	NaN	NaN
	56224	20.694730856696545	0.13208860675940637	F	NaN	NaN	NaN
	56225	20.713935207116677	0.11577485290888995	F	NaN	NaN	NaN
	56226	20.732139310192586	0.1034371225848282	F	NaN	NaN	NaN
	56227	20.749263635730493	0.09548121349039229	F	NaN	NaN	NaN
	56228	20.76521441515155	0.09133061031789547	F	NaN	NaN	NaN
	56229	20.77993124876814	0.09018108090009108	F	NaN	NaN	NaN
	56230	20.793389107908563	0.09005686046660165	F	NaN	NaN	NaN
	56231	20.805835534878774	0.09027499337039316	F	NaN	NaN	NaN
	56232	20.81737984235665	0.09013818637758281	F	NaN	NaN	NaN
	56233	20.8281288609915	0.09001015268910355	F	NaN	NaN	NaN
	56234	20.838191559105557	0.0899044139350913	F	NaN	NaN	NaN
	56235	20.847544388256864	0.08982101343537156	F	NaN	NaN	NaN
	56236	20.856023218557926	0.08975175677493027	F	NaN	NaN	NaN
	56237	20.863636129675545	0.08970497628475349	F	NaN	NaN	NaN
	56238	20.87039052163575	0.08968961781909374	F	NaN	NaN	NaN
	56239	20.876282744865247	0.0894961188679347	F	NaN	NaN	NaN
	56240	20.88134148000723	0.0897949579925224	F	NaN	NaN	NaN
	56241	20.885566422628163	0.09006223861024255	F	NaN	NaN	NaN
	56242	20.888965125867824	0.09042540644091843	F	NaN	NaN	NaN
	56243	20.891540592645768	0.09096575696365909	F	NaN	NaN	NaN
	56244	20.893293781763585	0.09148251511150743	F	NaN	NaN	NaN
	56245	20.894243705598207	0.09128797335916287	F	NaN	NaN	NaN
	56246	20.89439202243874	0.09086730222955143	F	NaN	NaN	NaN
	56247	20.893757148356535	0.09069594161114627	F	NaN	NaN	NaN
	56248	20.892339318092485	0.09091318568015883	F	NaN	NaN	NaN
	56249	20.890146157408143	0.09166176643314541	F	NaN	NaN	NaN
	56250	20.88718529206505	0.0922735967346725	F	NaN	NaN	NaN
	56251	20.88346434782476	0.09324848746498685	F	NaN	NaN	NaN
	56252	20.878990950448816	0.09446929196331898	F	NaN	NaN	NaN
	56253	20.873772725698775	0.09579991033841848	F	NaN	NaN	NaN
	56254	20.867817299336174	0.09730165458848664	F	NaN	NaN	NaN
	56255	20.861132297122573	0.09907391909360727	F	NaN	NaN	NaN
	56256	20.853669255525798	0.10105679581592386	F	NaN	NaN	NaN
	56257	20.84543455413225	0.10323323401993881	F	NaN	NaN	NaN
	56258	20.836463791481528	0.10559891358255048	F	NaN	NaN	NaN
	56259	20.826656820833573	0.10839619271372683	F	NaN	NaN	NaN
	56260	20.816065602770166	0.11192350779522604	F	NaN	NaN	NaN
	56261	20.80473688499726	0.11492907302907471	F	NaN	NaN	NaN
	56262	20.792572690715257	0.11866616223027943	F	NaN	NaN	NaN
	56263	20.779620354778718	0.12211952901117623	F	NaN	NaN	NaN
	56264	20.765929080680365	0.1254909059033061	F	NaN	NaN	NaN
	56265	20.75140307078189	0.12811476147963582	F	NaN	NaN	NaN
	56266	20.73608501576896	0.1321480881656206	F	NaN	NaN	NaN
	56267	20.720026584141888	0.1363881617208621	F	NaN	NaN	NaN
	56268	20.703134166644528	0.14028946443673151	F	NaN	NaN	NaN
	56269	20.685445791351924	0.14477425232453348	F	NaN	NaN	NaN
	56270	20.667015600992862	0.14977170107848814	F	NaN	NaN	NaN
	56271	20.64778819219046	0.1542136415317928	F	NaN	NaN	NaN
	56272	20.62774232070456	0.15916920969669404	F	NaN	NaN	NaN
	56273	20.60690651042069	0.1649890233512773	F	NaN	NaN	NaN
	56274	20.585276974262012	0.17032264033784505	F	NaN	NaN	NaN
	56275	20.562843210323813	0.17625883488941374	F	NaN	NaN	NaN
	56276	20.539620085896743	0.18262528262021596	F	NaN	NaN	NaN
	56277	20.51561108737354	0.18801890405328686	F	NaN	NaN	NaN
	56278	20.490815719219583	0.19421674888682597	F	NaN	NaN	NaN
	56279	20.46521219343661	0.2016580891907609	F	NaN	NaN	NaN
	56280	20.43880554480401	0.2079476441881306	F	NaN	NaN	NaN
	56281	20.41161099734279	0.21537335840595517	F	NaN	NaN	NaN
	56282	20.383628055518344	0.2231214563049586	F	NaN	NaN	NaN

# FILTER i
#        MJD  MAG  MAGERR  Upperlimit  Instrument  Telescope  Source
	56177	18.698696264909287	0.11047746666099106	F	NaN	NaN	NaN
	56178	18.769568754873454	0.09499345995540681	F	NaN	NaN	NaN
	56179	18.838112310804366	0.08074340057841027	F	NaN	NaN	NaN
	56180	18.903840946112968	0.06892088930162937	F	NaN	NaN	NaN
	56181	18.967014443173333	0.06140371032865827	F	NaN	NaN	NaN
	56182	19.02770499589827	0.059383944887418674	F	NaN	NaN	NaN
	56183	19.08604716171145	0.062351770404422704	F	NaN	NaN	NaN
	56184	19.142119439990278	0.07033476188606111	F	NaN	NaN	NaN
	56185	19.195995087046125	0.07944069456484479	F	NaN	NaN	NaN
	56186	19.247788208922504	0.09031073332771919	F	NaN	NaN	NaN
	56187	19.29754900816979	0.10165985747220171	F	NaN	NaN	NaN
	56188	19.345555605173374	0.11312179992744692	F	NaN	NaN	NaN
	56189	19.391790301536165	0.12435853723479925	F	NaN	NaN	NaN
	56190	19.436238133120114	0.1351310664093186	F	NaN	NaN	NaN
	56191	19.47920902980754	0.14536033597425957	F	NaN	NaN	NaN
	56192	19.520692992630227	0.1548573275869602	F	NaN	NaN	NaN
	56193	19.560715960568853	0.16304627656267232	F	NaN	NaN	NaN
	56194	19.599539260958135	0.1704379479450223	F	NaN	NaN	NaN
	56195	19.637164836793858	0.17738151531671764	F	NaN	NaN	NaN
	56196	19.673651045105174	0.18340610897800844	F	NaN	NaN	NaN
	56197	19.709214853214334	0.1885038826111922	F	NaN	NaN	NaN
	56198	19.743874388616227	0.19303217488060675	F	NaN	NaN	NaN
	56199	19.77771194131824	0.195997502153703	F	NaN	NaN	NaN
	56200	19.810904361165292	0.19831086201424625	F	NaN	NaN	NaN
	56201	19.842246643722305	0.1978207125566006	F	NaN	NaN	NaN
	56202	19.870408437501688	0.19339438839266787	F	NaN	NaN	NaN
	56203	19.89575519520727	0.1862947981852459	F	NaN	NaN	NaN
	56204	19.918344819929814	0.17593603097757718	F	NaN	NaN	NaN
	56205	19.93893362880278	0.1641176782021091	F	NaN	NaN	NaN
	56206	19.957520960993552	0.1521754188817318	F	NaN	NaN	NaN
	56207	19.97475941091978	0.14043033224027157	F	NaN	NaN	NaN
	56208	19.99088854281299	0.13041578410761662	F	NaN	NaN	NaN
	56209	20.00630649866656	0.12223902977118387	F	NaN	NaN	NaN
	56210	20.021399247508203	0.11674821472882446	F	NaN	NaN	NaN
	56211	20.036526574163197	0.11380059495662138	F	NaN	NaN	NaN
	56212	20.052020232514735	0.11396924915490148	F	NaN	NaN	NaN
	56213	20.068371319529778	0.11521014507495594	F	NaN	NaN	NaN
	56214	20.085796158792846	0.11627416924223052	F	NaN	NaN	NaN
	56215	20.10470672921812	0.11802240610316667	F	NaN	NaN	NaN
	56216	20.12556495881545	0.11864680936063918	F	NaN	NaN	NaN
	56217	20.148684145517866	0.11825742254412885	F	NaN	NaN	NaN
	56218	20.17339352556574	0.11547215269193684	F	NaN	NaN	NaN
	56219	20.198127783692772	0.11343845798651828	F	NaN	NaN	NaN
	56220	20.22267978101659	0.11113543267633079	F	NaN	NaN	NaN
	56221	20.247656342062946	0.10907549456783466	F	NaN	NaN	NaN
	56222	20.273928648559423	0.10715209740992951	F	NaN	NaN	NaN
	56223	20.30122341370152	0.10602939262068156	F	NaN	NaN	NaN
	56224	20.329248054241216	0.10555298038448946	F	NaN	NaN	NaN
	56225	20.357695039876084	0.1063970026970831	F	NaN	NaN	NaN
	56226	20.386267332796606	0.10834085384918823	F	NaN	NaN	NaN
	56227	20.41466137577439	0.11219998407561513	F	NaN	NaN	NaN
	56228	20.442576639413357	0.11623964562088412	F	NaN	NaN	NaN
	56229	20.469727038971335	0.1218169029416577	F	NaN	NaN	NaN
	56230	20.495774201760725	0.1280925419612743	F	NaN	NaN	NaN
	56231	20.520445488598256	0.1355203128712415	F	NaN	NaN	NaN
	56232	20.543450609712114	0.1415452254741753	F	NaN	NaN	NaN
	56233	20.56444417887297	0.14834392937820323	F	NaN	NaN	NaN
	56234	20.583156916773483	0.15396242007862537	F	NaN	NaN	NaN
	56235	20.599319591673797	0.15977850980596797	F	NaN	NaN	NaN
	56236	20.614079790327022	0.16354211351219855	F	NaN	NaN	NaN
	56237	20.629257089910656	0.1671990332038344	F	NaN	NaN	NaN
	56238	20.644458071224108	0.1708139769251892	F	NaN	NaN	NaN
	56239	20.659264681896214	0.17506998492361414	F	NaN	NaN	NaN
	56240	20.67328107344748	0.17863961492149144	F	NaN	NaN	NaN
	56241	20.686098602711503	0.18210048409999777	F	NaN	NaN	NaN
	56242	20.697311761534845	0.1847267665706237	F	NaN	NaN	NaN
	56243	20.706502515510444	0.1880423913431696	F	NaN	NaN	NaN
	56244	20.713231926792382	0.19150235515796832	F	NaN	NaN	NaN
	56245	20.71712349756292	0.19078414128281446	F	NaN	NaN	NaN
	56246	20.718537276296832	0.19078961040100012	F	NaN	NaN	NaN
	56247	20.71846035921279	0.19057422196111	F	NaN	NaN	NaN
	56248	20.716940986723998	0.18993680839210692	F	NaN	NaN	NaN
	56249	20.714001896028744	0.18890965220117129	F	NaN	NaN	NaN
	56250	20.70966582432533	0.18752612146324038	F	NaN	NaN	NaN
	56251	20.703955508812033	0.18645090273000034	F	NaN	NaN	NaN
	56252	20.696893686687144	0.1844364381677717	F	NaN	NaN	NaN
	56253	20.688503095148963	0.1827975053856614	F	NaN	NaN	NaN
	56254	20.678806471395788	0.18026452647576308	F	NaN	NaN	NaN
	56255	20.667826552625886	0.17754527223371866	F	NaN	NaN	NaN
	56256	20.655541644932274	0.17609698286137795	F	NaN	NaN	NaN
	56257	20.6420400612694	0.17352893310302447	F	NaN	NaN	NaN
	56258	20.62739829034873	0.1703698537396349	F	NaN	NaN	NaN
	56259	20.611484172005213	0.1671728423839395	F	NaN	NaN	NaN
	56260	20.594405647658512	0.1636240254626504	F	NaN	NaN	NaN
	56261	20.576250961247045	0.15964828276571869	F	NaN	NaN	NaN
	56262	20.55690025068504	0.15575602445503345	F	NaN	NaN	NaN
	56263	20.536449580077523	0.1523534469424136	F	NaN	NaN	NaN
	56264	20.514986772598252	0.15006040124559528	F	NaN	NaN	NaN
	56265	20.492403833267446	0.1483019354507552	F	NaN	NaN	NaN
	56266	20.468785810822112	0.14832438834199896	F	NaN	NaN	NaN
	56267	20.444219676698054	0.1474581980249336	F	NaN	NaN	NaN
	56268	20.418608872048107	0.14697561608213403	F	NaN	NaN	NaN
	56269	20.39202829218797	0.1470521818728679	F	NaN	NaN	NaN
	56270	20.364563625842127	0.14908471815225577	F	NaN	NaN	NaN
	56271	20.336089597554267	0.15187846637493946	F	NaN	NaN	NaN
	56272	20.306472314930126	0.15495681417832996	F	NaN	NaN	NaN
	56273	20.275738610080108	0.16101473921200177	F	NaN	NaN	NaN
	56274	20.243877829837363	0.1672404844921856	F	NaN	NaN	NaN
	56275	20.210866668572404	0.17494251272554556	F	NaN	NaN	NaN
	56276	20.176722844420997	0.18303394096290032	F	NaN	NaN	NaN
	56277	20.141444396662493	0.19329012419233255	F	NaN	NaN	NaN
	56278	20.10502474316355	0.2042938992981515	F	NaN	NaN	NaN
	56279	20.067424703078906	0.21864005085389687	F	NaN	NaN	NaN
	56280	20.028648116221095	0.23316483356710566	F	NaN	NaN	NaN
	56281	19.988710011000205	0.24880730610764518	F	NaN	NaN	NaN
	56282	19.94760380528288	0.26549959939539336	F	NaN	NaN	NaN

# FILTER g
#        MJD  MAG  MAGERR  Upperlimit  Instrument  Telescope  Source
	56177	19.42998899047384	0.09567511905997747	F	NaN	NaN	NaN
	56178	19.488548123942135	0.08742278818799255	F	NaN	NaN	NaN
	56179	19.54647938009215	0.08064686777553283	F	NaN	NaN	NaN
	56180	19.603780902445624	0.07685373622230307	F	NaN	NaN	NaN
	56181	19.660463560188887	0.07731488150911806	F	NaN	NaN	NaN
	56182	19.716511141409367	0.07931296317985691	F	NaN	NaN	NaN
	56183	19.771937085219918	0.08341313652732096	F	NaN	NaN	NaN
	56184	19.826737814100653	0.08915429157338002	F	NaN	NaN	NaN
	56185	19.88090032537106	0.09557298889198337	F	NaN	NaN	NaN
	56186	19.93444156891073	0.10254322950399963	F	NaN	NaN	NaN
	56187	19.987314121776365	0.10970266325398256	F	NaN	NaN	NaN
	56188	20.039582104134155	0.1168946039420225	F	NaN	NaN	NaN
	56189	20.09124500935903	0.12401174937945386	F	NaN	NaN	NaN
	56190	20.142287313074323	0.129606726975619	F	NaN	NaN	NaN
	56191	20.19263625897839	0.13602000427883804	F	NaN	NaN	NaN
	56192	20.24237846168254	0.14167724831538622	F	NaN	NaN	NaN
	56193	20.291513414561688	0.1473461349256291	F	NaN	NaN	NaN
	56194	20.340018458984748	0.15285356312580387	F	NaN	NaN	NaN
	56195	20.38783473663347	0.15794297542561017	F	NaN	NaN	NaN
	56196	20.435042098390195	0.16264935738739536	F	NaN	NaN	NaN
	56197	20.481640037629834	0.1669644394789925	F	NaN	NaN	NaN
	56198	20.52759871100621	0.1708237928395383	F	NaN	NaN	NaN
	56199	20.57287325910581	0.173757121950336	F	NaN	NaN	NaN
	56200	20.617536718621327	0.17677607903873793	F	NaN	NaN	NaN
	56201	20.661588582927685	0.17939711697821437	F	NaN	NaN	NaN
	56202	20.705096966665238	0.18150537348305526	F	NaN	NaN	NaN
	56203	20.74822202973643	0.1830666810270985	F	NaN	NaN	NaN
	56204	20.79090505812389	0.18523006862426103	F	NaN	NaN	NaN
	56205	20.833161634242177	0.18585838599748072	F	NaN	NaN	NaN
	56206	20.874876283864793	0.18674978146248444	F	NaN	NaN	NaN
	56207	20.91610040285001	0.18627282513232357	F	NaN	NaN	NaN
	56208	20.956691605754752	0.1865659088469253	F	NaN	NaN	NaN
	56209	20.996711038314753	0.1866877726565408	F	NaN	NaN	NaN
	56210	21.036031985660586	0.18727401190572923	F	NaN	NaN	NaN
	56211	21.07468468791556	0.18742463795798647	F	NaN	NaN	NaN
	56212	21.112578385449098	0.18614295886839646	F	NaN	NaN	NaN
	56213	21.14970231351924	0.1853394869717738	F	NaN	NaN	NaN
	56214	21.186011766987107	0.18482339917055898	F	NaN	NaN	NaN
	56215	21.22148583495404	0.18348222265564856	F	NaN	NaN	NaN
	56216	21.25603222952515	0.18168836155288684	F	NaN	NaN	NaN
	56217	21.289641666738014	0.17941543152850326	F	NaN	NaN	NaN
	56218	21.322968172564877	0.1781856575947611	F	NaN	NaN	NaN
	56219	21.356318041491797	0.17778079424068338	F	NaN	NaN	NaN
	56220	21.38845061332921	0.1778477204740187	F	NaN	NaN	NaN
	56221	21.41882783083057	0.17553657324821204	F	NaN	NaN	NaN
	56222	21.448163693372525	0.1738105655889955	F	NaN	NaN	NaN
	56223	21.4764445047264	0.17169219107673797	F	NaN	NaN	NaN
	56224	21.50354635401209	0.17087940440569954	F	NaN	NaN	NaN
	56225	21.529621625505662	0.17074695673047754	F	NaN	NaN	NaN
	56226	21.55442987857242	0.17280755139549392	F	NaN	NaN	NaN
	56227	21.578159717919497	0.17434048312660308	F	NaN	NaN	NaN
	56228	21.600666499607577	0.1757510242694727	F	NaN	NaN	NaN
	56229	21.621974204310963	0.1778065741488097	F	NaN	NaN	NaN
	56230	21.642108449671632	0.18009397961231308	F	NaN	NaN	NaN
	56231	21.66091731723412	0.18166032228215223	F	NaN	NaN	NaN
	56232	21.678580836063077	0.18379712137173454	F	NaN	NaN	NaN
	56233	21.69484128924303	0.18606106347673612	F	NaN	NaN	NaN
	56234	21.709894552040872	0.18857679985254322	F	NaN	NaN	NaN
	56235	21.723578369468658	0.190555992419534	F	NaN	NaN	NaN
	56236	21.73581915928162	0.19215623969204562	F	NaN	NaN	NaN
	56237	21.746908220492617	0.19412798136348927	F	NaN	NaN	NaN
	56238	21.757084307066165	0.19607657205984377	F	NaN	NaN	NaN
	56239	21.766427334801342	0.19784471278707827	F	NaN	NaN	NaN
	56240	21.774844395248433	0.1997047748075335	F	NaN	NaN	NaN
	56241	21.78231549232492	0.20234795820413876	F	NaN	NaN	NaN
	56242	21.78883131157702	0.20503805164416705	F	NaN	NaN	NaN
	56243	21.794376039443005	0.20716452955874354	F	NaN	NaN	NaN
	56244	21.798933997764863	0.20938535171992284	F	NaN	NaN	NaN
	56245	21.802508346842377	0.21169917065889213	F	NaN	NaN	NaN
	56246	21.80498305771376	0.21305060679742094	F	NaN	NaN	NaN
	56247	21.806525569352115	0.21464126404735182	F	NaN	NaN	NaN
	56248	21.807075686700443	0.21680259363616394	F	NaN	NaN	NaN
	56249	21.806624703319226	0.21957151124279825	F	NaN	NaN	NaN
	56250	21.805163912768965	0.22261071734300544	F	NaN	NaN	NaN
	56251	21.802684608610154	0.22514697315307017	F	NaN	NaN	NaN
	56252	21.799141443275527	0.22661150055720297	F	NaN	NaN	NaN
	56253	21.794413548143606	0.22882488091820152	F	NaN	NaN	NaN
	56254	21.788637288753396	0.23111028752963336	F	NaN	NaN	NaN
	56255	21.781803958665385	0.23345023291165565	F	NaN	NaN	NaN
	56256	21.773904851440076	0.2355450679956747	F	NaN	NaN	NaN
	56257	21.76493126063796	0.23822486432914677	F	NaN	NaN	NaN
	56258	21.754874479819534	0.24237311414700063	F	NaN	NaN	NaN
	56259	21.74372580254528	0.24668240937098765	F	NaN	NaN	NaN
	56260	21.731371847550104	0.25062180864764927	F	NaN	NaN	NaN
	56261	21.71781413206041	0.25561276499123425	F	NaN	NaN	NaN
	56262	21.703134669465168	0.26102316240471796	F	NaN	NaN	NaN
	56263	21.687324753324855	0.2668426506932463	F	NaN	NaN	NaN
	56264	21.670375677199978	0.2727509017877226	F	NaN	NaN	NaN
	56265	21.652278734651023	0.27875010413232093	F	NaN	NaN	NaN
	56266	21.633025219238487	0.2853092220446009	F	NaN	NaN	NaN
	56267	21.61260642452287	0.29246341290175215	F	NaN	NaN	NaN
	56268	21.590832229101686	0.29949087769084637	F	NaN	NaN	NaN
	56269	21.567994453476416	0.3068320068098755	F	NaN	NaN	NaN
	56270	21.543876102905482	0.31504980303172647	F	NaN	NaN	NaN
	56271	21.51856927447648	0.3251359638111282	F	NaN	NaN	NaN
	56272	21.492042546862425	0.3376201403985406	F	NaN	NaN	NaN
	56273	21.46438195174374	0.3503671427910937	F	NaN	NaN	NaN
	56274	21.435571694376936	0.3642341066756733	F	NaN	NaN	NaN
	56275	21.405621488760893	0.37802713110874064	F	NaN	NaN	NaN
	56276	21.374512903036972	0.3951507349614306	F	NaN	NaN	NaN
	56277	21.342252543248033	0.41092462117241446	F	NaN	NaN	NaN
	56278	21.308882549252992	0.42726951644862554	F	NaN	NaN	NaN
	56279	21.274412635050727	0.444962979285495	F	NaN	NaN	NaN
	56280	21.2388525146401	0.4622828723903757	F	NaN	NaN	NaN
	56281	21.20221190201999	0.481075972600959	F	NaN	NaN	NaN
	56282	21.16445356774482	0.5022590047009364	F	NaN	NaN	NaN