###################### HEADER ######################
# SNNAME:	PTF12gzk
###################### HEADER ######################


# FILTER R
#        MJD  MAG  MAGERR  Upperlimit  Instrument  Telescope  Source
	56133	19.36486271271941	0.10297525791456241	F	NaN	NaN	NaN
	56134	18.334747820068372	0.07556907088981929	F	NaN	NaN	NaN
	56135	17.468117804213577	0.05484771575759627	F	NaN	NaN	NaN
	56136	16.764758939616662	0.03810005362443407	F	NaN	NaN	NaN
	56137	16.224457500739124	0.023695015911528415	F	NaN	NaN	NaN
	56138	15.8752550176841	0.024821261856725105	F	NaN	NaN	NaN
	56139	15.734639560006482	0.04605999835718058	F	NaN	NaN	NaN
	56140	15.667087080690983	0.06837681871197568	F	NaN	NaN	NaN
	56141	15.56250953725986	0.07788022300398434	F	NaN	NaN	NaN
	56142	15.463496240208864	0.07492938321375123	F	NaN	NaN	NaN
	56143	15.381946350140511	0.06737970281721829	F	NaN	NaN	NaN
	56144	15.319944984560086	0.05764724959672071	F	NaN	NaN	NaN
	56145	15.279577260972822	0.03522602726490544	F	NaN	NaN	NaN
	56146	15.25363054268864	0.016685808194455067	F	NaN	NaN	NaN
	56147	15.218475539438591	0.026453833305913846	F	NaN	NaN	NaN
	56148	15.153247883415101	0.03793160828676364	F	NaN	NaN	NaN
	56149	15.095574053279039	0.0373875804093763	F	NaN	NaN	NaN
	56150	15.066628376351666	0.04387280741494266	F	NaN	NaN	NaN
	56151	15.05111985174799	0.053909156446704264	F	NaN	NaN	NaN
	56152	15.05158202230987	0.0433552575138765	F	NaN	NaN	NaN
	56153	15.067843407363675	0.039334997875732566	F	NaN	NaN	NaN

# FILTER B
#        MJD  MAG  MAGERR  Upperlimit  Instrument  Telescope  Source
	56139	16.04764755576652	0.12353507382258516	F	NaN	NaN	NaN
	56140	16.02817787926192	0.07498603846199335	F	NaN	NaN	NaN
	56141	16.022437779592316	0.07806078236701583	F	NaN	NaN	NaN
	56142	16.02692096913071	0.09266109975792633	F	NaN	NaN	NaN
	56143	16.0398499823328	0.10078738936916437	F	NaN	NaN	NaN
	56144	16.059124765581256	0.10129982870602178	F	NaN	NaN	NaN
	56145	16.082645265258744	0.09437239982713638	F	NaN	NaN	NaN
	56146	16.10831138104976	0.08081417002503624	F	NaN	NaN	NaN
	56147	16.1345686231598	0.06193341000804714	F	NaN	NaN	NaN
	56148	16.167681437391053	0.046976132491704334	F	NaN	NaN	NaN
	56149	16.20965627463453	0.039201426890172635	F	NaN	NaN	NaN
	56150	16.259068447241535	0.03699555657290129	F	NaN	NaN	NaN
	56151	16.314366228887497	0.037838755234362226	F	NaN	NaN	NaN
	56152	16.376322577395456	0.04996460875813854	F	NaN	NaN	NaN
	56153	16.444859550962104	0.08247252282492017	F	NaN	NaN	NaN

# FILTER i
#        MJD  MAG  MAGERR  Upperlimit  Instrument  Telescope  Source
	56139	16.02894763935528	0.0665975060942119	F	NaN	NaN	NaN
	56140	15.915495459013052	0.050619235154274314	F	NaN	NaN	NaN
	56141	15.81419589713616	0.03905860698148521	F	NaN	NaN	NaN
	56142	15.724269839508233	0.03127272071335528	F	NaN	NaN	NaN
	56143	15.646065292211034	0.026832764478646437	F	NaN	NaN	NaN
	56144	15.580452242084695	0.024088579175307524	F	NaN	NaN	NaN
	56145	15.52790852144168	0.02016290500944738	F	NaN	NaN	NaN
	56146	15.489820526857049	0.01632174582200237	F	NaN	NaN	NaN
	56147	15.463020630948751	0.01663849009184571	F	NaN	NaN	NaN
	56148	15.441605849917885	0.017678568992368755	F	NaN	NaN	NaN
	56149	15.425337058610918	0.018367807272833395	F	NaN	NaN	NaN
	56150	15.414293358766537	0.017538784420027244	F	NaN	NaN	NaN
	56151	15.408567365814578	0.017567956718961865	F	NaN	NaN	NaN
	56152	15.40815392773653	0.02524000847445789	F	NaN	NaN	NaN

# FILTER r
#        MJD  MAG  MAGERR  Upperlimit  Instrument  Telescope  Source
	56139	15.80293542368091	0.0627739194664747	F	NaN	NaN	NaN
	56140	15.666611646706084	0.05917941877762876	F	NaN	NaN	NaN
	56141	15.54629559248395	0.0597684694901652	F	NaN	NaN	NaN
	56142	15.442708568710161	0.06568030926064769	F	NaN	NaN	NaN
	56143	15.355601777641661	0.07413142351322441	F	NaN	NaN	NaN
	56144	15.28435913178669	0.08373588579787836	F	NaN	NaN	NaN
	56145	15.228292095069964	0.09199461388118443	F	NaN	NaN	NaN
	56146	15.189118115104295	0.08676820067930917	F	NaN	NaN	NaN
	56147	15.171449308589404	0.07108242108781827	F	NaN	NaN	NaN
	56148	15.162735376405484	0.06252725979673186	F	NaN	NaN	NaN
	56149	15.154988717648221	0.058471193814112025	F	NaN	NaN	NaN
	56150	15.14795047351529	0.05488720292360823	F	NaN	NaN	NaN
	56151	15.140877009745683	0.05223860389174166	F	NaN	NaN	NaN
	56152	15.133699457419555	0.051054834126212895	F	NaN	NaN	NaN

# FILTER g
#        MJD  MAG  MAGERR  Upperlimit  Instrument  Telescope  Source
	56139	15.860550993081159	0.0767414404422158	F	NaN	NaN	NaN
	56140	15.791513092215654	0.05703540354705287	F	NaN	NaN	NaN
	56141	15.729545672236146	0.06148480452719162	F	NaN	NaN	NaN
	56142	15.675888778410473	0.06816393501085727	F	NaN	NaN	NaN
	56143	15.63231419421509	0.06997796496338783	F	NaN	NaN	NaN
	56144	15.600594192351107	0.06730855648593222	F	NaN	NaN	NaN
	56145	15.5836480024751	0.05695480999546725	F	NaN	NaN	NaN
	56146	15.581946077650018	0.046962801939072096	F	NaN	NaN	NaN
	56147	15.59867220771452	0.03926132791941434	F	NaN	NaN	NaN
	56148	15.62507709448699	0.015518238410262678	F	NaN	NaN	NaN
	56149	15.653914180252563	0.031702642013529986	F	NaN	NaN	NaN
	56150	15.687090324460549	0.05164448762298102	F	NaN	NaN	NaN
	56151	15.724147670253853	0.0635067193727364	F	NaN	NaN	NaN
	56152	15.76398056925154	0.06851780534384971	F	NaN	NaN	NaN

# FILTER I
#        MJD  MAG  MAGERR  Upperlimit  Instrument  Telescope  Source
	56141	15.39369097561281	0.06763938019412805	F	NaN	NaN	NaN
	56142	15.325566374903184	0.05607877407521625	F	NaN	NaN	NaN
	56143	15.262546776976048	0.050551897324357595	F	NaN	NaN	NaN
	56144	15.204538079387904	0.0472418738738586	F	NaN	NaN	NaN
	56145	15.151613911422984	0.04446591450495322	F	NaN	NaN	NaN
	56146	15.103737797948211	0.04086777574342041	F	NaN	NaN	NaN
	56147	15.06017118234931	0.03468132124978486	F	NaN	NaN	NaN
	56148	15.021609069473543	0.03283045329987726	F	NaN	NaN	NaN
	56149	14.987309550653496	0.03232632624236831	F	NaN	NaN	NaN
	56150	14.960540819860988	0.0347746017021662	F	NaN	NaN	NaN
	56151	14.94801082932006	0.03400688333169596	F	NaN	NaN	NaN
	56152	14.945792237392547	0.03546562851004402	F	NaN	NaN	NaN
	56153	14.955239016150882	0.05637125202111412	F	NaN	NaN	NaN

# FILTER V
#        MJD  MAG  MAGERR  Upperlimit  Instrument  Telescope  Source
	56141	15.511831765980563	0.08689223260333086	F	NaN	NaN	NaN
	56142	15.445184002726348	0.06974375568405201	F	NaN	NaN	NaN
	56143	15.38827888583946	0.06173271923945395	F	NaN	NaN	NaN
	56144	15.340647175312688	0.05885585493495657	F	NaN	NaN	NaN
	56145	15.302037855441942	0.05563834694490409	F	NaN	NaN	NaN
	56146	15.271527887914152	0.05015569363551044	F	NaN	NaN	NaN
	56147	15.254947458430653	0.04459699385489055	F	NaN	NaN	NaN
	56148	15.242028735683986	0.04679784483750317	F	NaN	NaN	NaN
	56149	15.234512828105633	0.04309938667162913	F	NaN	NaN	NaN
	56150	15.233788758557157	0.04273660272634733	F	NaN	NaN	NaN
	56151	15.240366537507668	0.03793353386457326	F	NaN	NaN	NaN
	56152	15.253086715227052	0.03437416980938528	F	NaN	NaN	NaN