###################### HEADER ######################
# SNNAME:	SN1990B
###################### HEADER ######################


# FILTER V
#        MJD  MAG  MAGERR  Upperlimit  Instrument  Telescope  Source
	47909	17.23961554240371	0.8090054715221119	F	NaN	NaN	NaN
	47910	16.810506748639217	0.3829452479113792	F	NaN	NaN	NaN
	47911	16.456417518001835	0.12688972869121132	F	NaN	NaN	NaN
	47912	16.180719823869694	0.3612470695884207	F	NaN	NaN	NaN
	47913	15.985655132234331	0.5346214281165178	F	NaN	NaN	NaN
	47914	15.863560881204497	0.6128117048826767	F	NaN	NaN	NaN
	47915	15.804868643298203	0.6740341786746653	F	NaN	NaN	NaN
	47916	15.819142287986889	0.7223955808964693	F	NaN	NaN	NaN
	47917	15.95261602942744	0.5558772876740352	F	NaN	NaN	NaN
	47918	16.148551857276498	0.27470119645415103	F	NaN	NaN	NaN
	47919	16.340994488551694	0.034117100169537715	F	NaN	NaN	NaN
	47920	16.470321244302085	0.10628599185749096	F	NaN	NaN	NaN
	47921	16.576863903578076	0.17365976477711548	F	NaN	NaN	NaN
	47922	16.648275559886944	0.1621773541841377	F	NaN	NaN	NaN
	47923	16.69835769510127	0.10885428816605812	F	NaN	NaN	NaN
	47924	16.74567566860579	0.06825503129427153	F	NaN	NaN	NaN
	47925	16.799941894382563	0.06417347946046399	F	NaN	NaN	NaN
	47926	16.84816755803105	0.06110504336665196	F	NaN	NaN	NaN
	47927	16.891925807471633	0.056287528086725075	F	NaN	NaN	NaN
	47928	16.925805001908678	0.04778606827781376	F	NaN	NaN	NaN
	47929	16.954403894206692	0.04081245450666787	F	NaN	NaN	NaN
	47930	16.983120357011195	0.03682838199610114	F	NaN	NaN	NaN
	47931	17.0149213927425	0.033927824819494065	F	NaN	NaN	NaN
	47932	17.045077883643497	0.030936862578819953	F	NaN	NaN	NaN
	47933	17.073454887322445	0.028415159252644782	F	NaN	NaN	NaN
	47934	17.100481765755774	0.027323496406707004	F	NaN	NaN	NaN
	47935	17.126587474245518	0.02784209670505078	F	NaN	NaN	NaN
	47936	17.15220324122092	0.029725252236295855	F	NaN	NaN	NaN
	47937	17.177756406186443	0.031687640972744	F	NaN	NaN	NaN
	47938	17.203139148855797	0.03364899320101984	F	NaN	NaN	NaN
	47939	17.22732614615479	0.03753922866334163	F	NaN	NaN	NaN
	47940	17.251062826808994	0.04233049618032577	F	NaN	NaN	NaN
	47941	17.27521764973698	0.04652481712132045	F	NaN	NaN	NaN
	47942	17.30004480684321	0.048932699392916154	F	NaN	NaN	NaN
	47943	17.32463798197521	0.0509214035926871	F	NaN	NaN	NaN
	47944	17.348962857093564	0.05214147216127708	F	NaN	NaN	NaN
	47945	17.373023241924873	0.0528809154890973	F	NaN	NaN	NaN
	47946	17.39682113582323	0.05312404344257361	F	NaN	NaN	NaN
	47947	17.420358985588294	0.052732091008120666	F	NaN	NaN	NaN
	47948	17.44364457796923	0.05187150028994025	F	NaN	NaN	NaN
	47949	17.46668169404762	0.05072652015239235	F	NaN	NaN	NaN
	47950	17.489474114905025	0.048932888311319145	F	NaN	NaN	NaN
	47951	17.51202562162304	0.046953219214088196	F	NaN	NaN	NaN
	47952	17.534339995283233	0.044766825989062224	F	NaN	NaN	NaN
	47953	17.556416990174696	0.042844610879461606	F	NaN	NaN	NaN
	47954	17.57826120859252	0.0404935656933789	F	NaN	NaN	NaN
	47955	17.599879866454394	0.038554313670509856	F	NaN	NaN	NaN
	47956	17.62128160985942	0.03795872894860247	F	NaN	NaN	NaN
	47957	17.642459752647063	0.03897753612907795	F	NaN	NaN	NaN
	47958	17.663422704122105	0.04152109536410825	F	NaN	NaN	NaN
	47959	17.68417429695517	0.045644996148704174	F	NaN	NaN	NaN

# FILTER B
#        MJD  MAG  MAGERR  Upperlimit  Instrument  Telescope  Source
	47916	17.907255347623305	0.06033347421468664	F	NaN	NaN	NaN
	47917	18.02124832541542	0.04793924754600104	F	NaN	NaN	NaN
	47918	18.127325550490895	0.03861775032621584	F	NaN	NaN	NaN
	47919	18.225298037404734	0.03279333023108227	F	NaN	NaN	NaN
	47920	18.315089946239816	0.03167583981510225	F	NaN	NaN	NaN
	47921	18.39654647203298	0.032972212170710044	F	NaN	NaN	NaN
	47922	18.469885849175224	0.03493769821230531	F	NaN	NaN	NaN
	47923	18.535879334542027	0.03685955867320445	F	NaN	NaN	NaN
	47924	18.594039403384187	0.03930196584551107	F	NaN	NaN	NaN
	47925	18.64384681046628	0.041503174825997066	F	NaN	NaN	NaN
	47926	18.68475058788356	0.04313217643773796	F	NaN	NaN	NaN
	47927	18.713397627124344	0.04277026055916934	F	NaN	NaN	NaN
	47928	18.723954408633222	0.04068118007365362	F	NaN	NaN	NaN
	47929	18.722953558877972	0.04009521641836534	F	NaN	NaN	NaN
	47930	18.717913566337156	0.04283687180153183	F	NaN	NaN	NaN
	47931	18.716319479135308	0.04783734677546124	F	NaN	NaN	NaN
	47932	18.725734834209142	0.05196296995844821	F	NaN	NaN	NaN
	47933	18.747093372491243	0.052672002997761466	F	NaN	NaN	NaN
	47934	18.768057165448027	0.05100199591019348	F	NaN	NaN	NaN
	47935	18.795471378006592	0.05109782259769726	F	NaN	NaN	NaN
	47936	18.822852014538178	0.052568555511872665	F	NaN	NaN	NaN
	47937	18.85130048028201	0.054720644631551615	F	NaN	NaN	NaN
	47938	18.88294619096037	0.05756930723377509	F	NaN	NaN	NaN
	47939	18.916535234296923	0.05916523512837437	F	NaN	NaN	NaN
	47940	18.944441478895534	0.05839417757556484	F	NaN	NaN	NaN
	47941	18.96956396518447	0.057561035597708456	F	NaN	NaN	NaN
	47942	18.994606069998515	0.057917015004094186	F	NaN	NaN	NaN
	47943	19.019197202412563	0.05770694039968416	F	NaN	NaN	NaN
	47944	19.04330985378837	0.057118242929753434	F	NaN	NaN	NaN
	47945	19.06680123338137	0.056383997947447695	F	NaN	NaN	NaN
	47946	19.08973180116188	0.05511734720228434	F	NaN	NaN	NaN
	47947	19.11200669935849	0.053620433587573964	F	NaN	NaN	NaN
	47948	19.13359638813536	0.05204332765689509	F	NaN	NaN	NaN
	47949	19.154508822989584	0.05054009279580159	F	NaN	NaN	NaN
	47950	19.174598837354495	0.0498022937263317	F	NaN	NaN	NaN
	47951	19.193964016613467	0.05009534233934751	F	NaN	NaN	NaN
	47952	19.212434371464933	0.05129946480630358	F	NaN	NaN	NaN
	47953	19.230069081448526	0.05404017276675617	F	NaN	NaN	NaN
	47954	19.246798213112363	0.05814396037950597	F	NaN	NaN	NaN
	47955	19.262543658412238	0.06457827434939216	F	NaN	NaN	NaN
	47956	19.277382822257415	0.07274925617188267	F	NaN	NaN	NaN
	47957	19.291142648592867	0.08324855088806943	F	NaN	NaN	NaN
	47958	19.303838974261318	0.09491372997400158	F	NaN	NaN	NaN
	47959	19.31543333308992	0.10851170187444006	F	NaN	NaN	NaN

# FILTER R
#        MJD  MAG  MAGERR  Upperlimit  Instrument  Telescope  Source
	47916	15.163582882744963	0.1685952065936244	F	NaN	NaN	NaN
	47917	15.255364265832014	0.1408768603948451	F	NaN	NaN	NaN
	47918	15.343581491783832	0.11940294356016866	F	NaN	NaN	NaN
	47919	15.428263987656004	0.11024497098160743	F	NaN	NaN	NaN
	47920	15.5094326297615	0.1050951327020439	F	NaN	NaN	NaN
	47921	15.586957478056016	0.10628608225768953	F	NaN	NaN	NaN
	47922	15.660674142874855	0.10976787167389862	F	NaN	NaN	NaN
	47923	15.730861335821892	0.11570508961953682	F	NaN	NaN	NaN
	47924	15.797778539006014	0.12137651486142738	F	NaN	NaN	NaN
	47925	15.861070228404678	0.1265697828890786	F	NaN	NaN	NaN
	47926	15.91931783865139	0.12869730311023872	F	NaN	NaN	NaN
	47927	15.973047933234653	0.13040455790831917	F	NaN	NaN	NaN
	47928	16.022844008360945	0.1310487620420142	F	NaN	NaN	NaN
	47929	16.069410779861645	0.13266695594006891	F	NaN	NaN	NaN
	47930	16.11343483919428	0.135777771044646	F	NaN	NaN	NaN
	47931	16.155546936566985	0.13658688849142328	F	NaN	NaN	NaN
	47932	16.19641437050984	0.1375662857679065	F	NaN	NaN	NaN
	47933	16.23592206800353	0.13490106366929455	F	NaN	NaN	NaN
	47934	16.272067149168453	0.13003204492091539	F	NaN	NaN	NaN
	47935	16.30571307428426	0.12561237508465709	F	NaN	NaN	NaN
	47936	16.338015611123353	0.1215219977941964	F	NaN	NaN	NaN
	47937	16.370119834683397	0.1196399131398772	F	NaN	NaN	NaN
	47938	16.402139888523276	0.11663969801460608	F	NaN	NaN	NaN
	47939	16.432577494311534	0.116554694138371	F	NaN	NaN	NaN
	47940	16.46351594055948	0.1183885949787612	F	NaN	NaN	NaN
	47941	16.49635367943476	0.12141142537663896	F	NaN	NaN	NaN
	47942	16.528884719488193	0.12390804249164863	F	NaN	NaN	NaN
	47943	16.56088201497976	0.12612519165104472	F	NaN	NaN	NaN
	47944	16.592407379378677	0.13079676191081663	F	NaN	NaN	NaN
	47945	16.623524383297323	0.13432484546042092	F	NaN	NaN	NaN
	47946	16.654292464423342	0.1374183076453504	F	NaN	NaN	NaN
	47947	16.68460673145406	0.14195325134106587	F	NaN	NaN	NaN
	47948	16.714395842958425	0.14682771260801686	F	NaN	NaN	NaN
	47949	16.743666488944534	0.15357589843577996	F	NaN	NaN	NaN
	47950	16.77239561197002	0.16110981757418819	F	NaN	NaN	NaN
	47951	16.800656525726794	0.17034295860523394	F	NaN	NaN	NaN
	47952	16.828431675985794	0.18212265519649967	F	NaN	NaN	NaN
	47953	16.85574112765452	0.1941705708317769	F	NaN	NaN	NaN
	47954	16.88263237665588	0.20798433326095445	F	NaN	NaN	NaN
	47955	16.90907508890593	0.2229645074877228	F	NaN	NaN	NaN
	47956	16.935123402210085	0.2404322077123704	F	NaN	NaN	NaN
	47957	16.96079831400871	0.26204061855056165	F	NaN	NaN	NaN
	47958	16.98607685140747	0.28280843919238613	F	NaN	NaN	NaN

# FILTER I
#        MJD  MAG  MAGERR  Upperlimit  Instrument  Telescope  Source
	47917	14.599438000018983	0.2077215917062858	F	NaN	NaN	NaN
	47918	14.643928609337046	0.20021244732938193	F	NaN	NaN	NaN
	47919	14.688050834224777	0.1939297484909111	F	NaN	NaN	NaN
	47920	14.731735359631633	0.18687856634251357	F	NaN	NaN	NaN
	47921	14.77492195608943	0.18113753836004093	F	NaN	NaN	NaN
	47922	14.817722530516583	0.17531573720289806	F	NaN	NaN	NaN
	47923	14.860061619991887	0.17019149585638488	F	NaN	NaN	NaN
	47924	14.901996679872752	0.16624204574710474	F	NaN	NaN	NaN
	47925	14.943533640250537	0.16283636125664327	F	NaN	NaN	NaN
	47926	14.984677719073286	0.1600132849781843	F	NaN	NaN	NaN
	47927	15.025434134289041	0.15774217597556617	F	NaN	NaN	NaN
	47928	15.065794658645116	0.1565513945406803	F	NaN	NaN	NaN
	47929	15.105743302462237	0.15533703088552164	F	NaN	NaN	NaN
	47930	15.145321134473738	0.15458073237286443	F	NaN	NaN	NaN
	47931	15.184533372627659	0.15451045987116543	F	NaN	NaN	NaN
	47932	15.223385234872039	0.15474717729831267	F	NaN	NaN	NaN
	47933	15.26188193915492	0.15558592296217136	F	NaN	NaN	NaN
	47934	15.300003520914034	0.1568512884259956	F	NaN	NaN	NaN
	47935	15.337761830799277	0.15843167724607415	F	NaN	NaN	NaN
	47936	15.375181834524394	0.15979955787446495	F	NaN	NaN	NaN
	47937	15.412268750037429	0.16126466755172722	F	NaN	NaN	NaN
	47938	15.448814791422102	0.16306894628183033	F	NaN	NaN	NaN
	47939	15.485169807909752	0.1647132167319494	F	NaN	NaN	NaN
	47940	15.52082155213898	0.1666450738215997	F	NaN	NaN	NaN
	47941	15.55628465707505	0.16865407051081882	F	NaN	NaN	NaN
	47942	15.59097051312202	0.1703779013474377	F	NaN	NaN	NaN
	47943	15.62556249388725	0.17206694788850738	F	NaN	NaN	NaN
	47944	15.659318015762507	0.17338721599184484	F	NaN	NaN	NaN
	47945	15.692980551085707	0.17462565966947474	F	NaN	NaN	NaN
	47946	15.725920401451727	0.17522816965257962	F	NaN	NaN	NaN
	47947	15.758684419376745	0.1759202305903849	F	NaN	NaN	NaN
	47948	15.790834011580975	0.17692521677438414	F	NaN	NaN	NaN
	47949	15.822730440151656	0.17798594987722924	F	NaN	NaN	NaN
	47950	15.85411518754154	0.17915935575562772	F	NaN	NaN	NaN
	47951	15.885174954801721	0.1801290578132695	F	NaN	NaN	NaN
	47952	15.915820270724709	0.18083897376958258	F	NaN	NaN	NaN
	47953	15.946074304718236	0.18182623276315438	F	NaN	NaN	NaN
	47954	15.976005602521772	0.18304224915241896	F	NaN	NaN	NaN
	47955	16.00548483129249	0.18374654067681417	F	NaN	NaN	NaN
	47956	16.034727524324015	0.1841830827860004	F	NaN	NaN	NaN
	47957	16.06346287591576	0.18454557561743395	F	NaN	NaN	NaN
	47958	16.092042377522734	0.1848853212851133	F	NaN	NaN	NaN
	47959	16.12006477997935	0.18563606559053933	F	NaN	NaN	NaN
	47960	16.148006503509215	0.18644633059164276	F	NaN	NaN	NaN
	47961	16.17534688487455	0.18684418052065993	F	NaN	NaN	NaN
	47962	16.202623124574657	0.1872228908011226	F	NaN	NaN	NaN
	47963	16.229365531992638	0.18748522422043312	F	NaN	NaN	NaN
	47964	16.2559961933417	0.18784195695745537	F	NaN	NaN	NaN
	47965	16.28217706272491	0.1885786588074768	F	NaN	NaN	NaN
	47966	16.30819307376677	0.1890689352557263	F	NaN	NaN	NaN
	47967	16.33383781846266	0.1890042536853392	F	NaN	NaN	NaN
	47968	16.359270107241155	0.18873234962970198	F	NaN	NaN	NaN
	47969	16.384404140597166	0.18816953708515294	F	NaN	NaN	NaN
	47970	16.409283635156147	0.1875126845359264	F	NaN	NaN	NaN
	47971	16.433932370519727	0.18677057741620567	F	NaN	NaN	NaN
	47972	16.458289998903034	0.18569471785576164	F	NaN	NaN	NaN
	47973	16.48247884962163	0.18442535569540508	F	NaN	NaN	NaN
	47974	16.506345539873102	0.1827869224789022	F	NaN	NaN	NaN
	47975	16.53009991929416	0.18101982457188595	F	NaN	NaN	NaN
	47976	16.553187632380215	0.17970227461744645	F	NaN	NaN	NaN
	47977	16.575103627302024	0.17803452354347843	F	NaN	NaN	NaN
	47978	16.59608375652387	0.1761125714381706	F	NaN	NaN	NaN
	47979	16.616402308677976	0.17441752864535107	F	NaN	NaN	NaN
	47980	16.636304670906302	0.17282065843581307	F	NaN	NaN	NaN
	47981	16.65603623035082	0.171703492306189	F	NaN	NaN	NaN
	47982	16.67585141748639	0.16963321041783086	F	NaN	NaN	NaN
	47983	16.69600751751016	0.16891405801662163	F	NaN	NaN	NaN
	47984	16.716748565905835	0.16780112925184862	F	NaN	NaN	NaN
	47985	16.737820823440508	0.16658944904588452	F	NaN	NaN	NaN
	47986	16.758474908153314	0.16497454357751562	F	NaN	NaN	NaN
	47987	16.77874748404585	0.1625905825433018	F	NaN	NaN	NaN
	47988	16.798614809402586	0.16112910194769225	F	NaN	NaN	NaN
	47989	16.81820139244774	0.15953296406898812	F	NaN	NaN	NaN
	47990	16.837517255462963	0.15690469923105058	F	NaN	NaN	NaN
	47991	16.856635885866474	0.154702971225122	F	NaN	NaN	NaN
	47992	16.875606444774917	0.1536793728487934	F	NaN	NaN	NaN
	47993	16.894476686461477	0.15275873053339586	F	NaN	NaN	NaN
	47994	16.913306575778925	0.15151224782117179	F	NaN	NaN	NaN
	47995	16.932147992673222	0.15077926012147286	F	NaN	NaN	NaN
	47996	16.95104816149335	0.15111311345711637	F	NaN	NaN	NaN
	47997	16.970074002942187	0.15047153709076816	F	NaN	NaN	NaN
	47998	16.989264153684484	0.1505389672860942	F	NaN	NaN	NaN
	47999	17.00849397659008	0.1490373587933095	F	NaN	NaN	NaN
	48000	17.02750659157414	0.14875491335002966	F	NaN	NaN	NaN
	48001	17.04631705913761	0.14837449627367355	F	NaN	NaN	NaN
	48002	17.06492569258516	0.14774663541696648	F	NaN	NaN	NaN
	48003	17.083338252283152	0.14705582070544027	F	NaN	NaN	NaN
	48004	17.10159165891141	0.14640773407285163	F	NaN	NaN	NaN
	48005	17.11968846772248	0.14627895824421216	F	NaN	NaN	NaN
	48006	17.137638663771572	0.1457196448721652	F	NaN	NaN	NaN
	48007	17.155472701101772	0.14482071728062126	F	NaN	NaN	NaN
	48008	17.173195925485796	0.14379047788777485	F	NaN	NaN	NaN
	48009	17.190821449523156	0.14336662818388482	F	NaN	NaN	NaN
	48010	17.208373809192466	0.1429858777483041	F	NaN	NaN	NaN
	48011	17.225861689358865	0.14215117399596083	F	NaN	NaN	NaN
	48012	17.243300233021657	0.14208818427520536	F	NaN	NaN	NaN
	48013	17.260708606667244	0.14207822235038875	F	NaN	NaN	NaN
	48014	17.278016442702942	0.14169553751586914	F	NaN	NaN	NaN
	48015	17.295142449835634	0.14144297043927934	F	NaN	NaN	NaN
	48016	17.312081192978695	0.1420622121184779	F	NaN	NaN	NaN
	48017	17.32885635146744	0.14208057383453757	F	NaN	NaN	NaN
	48018	17.3454900639659	0.1431294995491245	F	NaN	NaN	NaN
	48019	17.361988314550825	0.14275008363433467	F	NaN	NaN	NaN
	48020	17.378372747675527	0.14398739889148043	F	NaN	NaN	NaN
	48021	17.39466356719672	0.14665502073370407	F	NaN	NaN	NaN
	48022	17.410870577777054	0.14868267930606063	F	NaN	NaN	NaN
	48023	17.42701368719468	0.15060234069101658	F	NaN	NaN	NaN
	48024	17.44311101539559	0.15247939055967288	F	NaN	NaN	NaN
	48025	17.459176038524845	0.1552459642299543	F	NaN	NaN	NaN
	48026	17.475194507597745	0.1578743561905553	F	NaN	NaN	NaN
	48027	17.491122306279838	0.16092833507721438	F	NaN	NaN	NaN
	48028	17.50695909709964	0.1648311321994141	F	NaN	NaN	NaN
	48029	17.522706258498037	0.1686003127935825	F	NaN	NaN	NaN
	48030	17.538363389635478	0.17252938057121536	F	NaN	NaN	NaN
	48031	17.553930089672406	0.1767521434205535	F	NaN	NaN	NaN
	48032	17.569405957769238	0.18133134280143265	F	NaN	NaN	NaN
	48033	17.584790593086414	0.18684787949986753	F	NaN	NaN	NaN
	48034	17.600083594784373	0.19320573368162824	F	NaN	NaN	NaN
	48035	17.615284562023554	0.19940458263947297	F	NaN	NaN	NaN
	48036	17.630388358434335	0.20661696969789137	F	NaN	NaN	NaN
	48037	17.645395715446533	0.21360591974116983	F	NaN	NaN	NaN
	48038	17.660309769791834	0.2208176080079256	F	NaN	NaN	NaN
	48039	17.675130120630655	0.22758296391165422	F	NaN	NaN	NaN
	48040	17.689856367123443	0.23488525279901296	F	NaN	NaN	NaN
	48041	17.70448810843063	0.24293905673088176	F	NaN	NaN	NaN
	48042	17.71902494371265	0.25205617275146946	F	NaN	NaN	NaN
	48043	17.733466472129937	0.2615446625741643	F	NaN	NaN	NaN
	48044	17.747994220609105	0.2711609261093768	F	NaN	NaN	NaN
	48045	17.762542662918076	0.2808242898139011	F	NaN	NaN	NaN
	48046	17.777091105227043	0.29048765351842537	F	NaN	NaN	NaN
	48047	17.791639547536015	0.3001510172229497	F	NaN	NaN	NaN
	48048	17.806187989844986	0.30981438092747393	F	NaN	NaN	NaN
	48049	17.820736432153957	0.31947774463199824	F	NaN	NaN	NaN
	48050	17.83528487446293	0.32914110833652255	F	NaN	NaN	NaN
	48051	17.8498333167719	0.3388044720410468	F	NaN	NaN	NaN
	48052	17.86438175908087	0.3484678357455711	F	NaN	NaN	NaN
	48053	17.878930201389842	0.3581311994500954	F	NaN	NaN	NaN
	48054	17.893478643698813	0.36779456315461967	F	NaN	NaN	NaN
	48055	17.908162209990817	0.37691897831122917	F	NaN	NaN	NaN
	48056	17.92302710190876	0.3853201674304613	F	NaN	NaN	NaN
	48057	17.937891993826707	0.3937213565496935	F	NaN	NaN	NaN
	48058	17.952756885744652	0.40212254566892564	F	NaN	NaN	NaN
	48059	17.967621777662597	0.4105237347881578	F	NaN	NaN	NaN
	48060	17.982486669580542	0.41892492390738995	F	NaN	NaN	NaN
	48061	17.997351561498487	0.4273261130266221	F	NaN	NaN	NaN
	48062	18.012216453416436	0.43572730214585426	F	NaN	NaN	NaN
	48063	18.02708134533438	0.4441284912650864	F	NaN	NaN	NaN
	48064	18.041946237252326	0.4525296803843185	F	NaN	NaN	NaN
	48065	18.05681112917027	0.46093086950355067	F	NaN	NaN	NaN
	48066	18.071679834911265	0.4693096218138098	F	NaN	NaN	NaN
	48067	18.086817142761262	0.47610818172017844	F	NaN	NaN	NaN
	48068	18.101954450611263	0.4829067416265471	F	NaN	NaN	NaN
	48069	18.11709175846126	0.4897053015329158	F	NaN	NaN	NaN
	48070	18.13222906631126	0.49650386143928443	F	NaN	NaN	NaN
	48071	18.14736637416126	0.5033024213456531	F	NaN	NaN	NaN
	48072	18.16250368201126	0.5101009812520217	F	NaN	NaN	NaN
	48073	18.177640989861256	0.5168995411583903	F	NaN	NaN	NaN
	48074	18.192778297711257	0.523698101064759	F	NaN	NaN	NaN
	48075	18.207915605561254	0.5304966609711277	F	NaN	NaN	NaN
	48076	18.223052913411255	0.5372952208774963	F	NaN	NaN	NaN
	48077	18.238190221261256	0.5440937807838649	F	NaN	NaN	NaN
	48078	18.253464786846585	0.5498973927411559	F	NaN	NaN	NaN
	48079	18.268830476951717	0.5550404652114416	F	NaN	NaN	NaN
	48080	18.284196167056848	0.5601835376817274	F	NaN	NaN	NaN
	48081	18.299561857161983	0.565326610152013	F	NaN	NaN	NaN
	48082	18.314927547267114	0.5704696826222987	F	NaN	NaN	NaN
	48083	18.330293237372246	0.5756127550925845	F	NaN	NaN	NaN
	48084	18.345658927477377	0.5807558275628701	F	NaN	NaN	NaN
	48085	18.36102461758251	0.5858989000331559	F	NaN	NaN	NaN
	48086	18.37639030768764	0.5910419725034416	F	NaN	NaN	NaN
	48087	18.39175599779277	0.5961850449737274	F	NaN	NaN	NaN
	48088	18.407121687897902	0.601328117444013	F	NaN	NaN	NaN
	48089	18.422522035535735	0.606172016613227	F	NaN	NaN	NaN
	48090	18.43807207421908	0.6097237417373408	F	NaN	NaN	NaN
	48091	18.453622112902423	0.6132754668614546	F	NaN	NaN	NaN
	48092	18.469172151585763	0.6168271919855683	F	NaN	NaN	NaN
	48093	18.484722190269107	0.6203789171096823	F	NaN	NaN	NaN
	48094	18.500272228952447	0.623930642233796	F	NaN	NaN	NaN
	48095	18.51582226763579	0.62748236735791	F	NaN	NaN	NaN
	48096	18.53137230631913	0.6310340924820237	F	NaN	NaN	NaN
	48097	18.546922345002475	0.6345858176061375	F	NaN	NaN	NaN
	48098	18.56247238368582	0.6381375427302514	F	NaN	NaN	NaN
	48099	18.57802242236916	0.6416892678543652	F	NaN	NaN	NaN
	48100	18.593572461052503	0.645240992978479	F	NaN	NaN	NaN
	48101	18.609231243784343	0.6476410635140677	F	NaN	NaN	NaN
	48102	18.624921597368974	0.6497067827174928	F	NaN	NaN	NaN
	48103	18.64061195095361	0.651772501920918	F	NaN	NaN	NaN
	48104	18.65630230453824	0.653838221124343	F	NaN	NaN	NaN
	48105	18.67199265812287	0.6559039403277681	F	NaN	NaN	NaN
	48106	18.687683011707506	0.6579696595311932	F	NaN	NaN	NaN
	48107	18.703373365292137	0.6600353787346183	F	NaN	NaN	NaN
	48108	18.719063718876768	0.6621010979380434	F	NaN	NaN	NaN
	48109	18.734754072461403	0.6641668171414685	F	NaN	NaN	NaN
	48110	18.750444426046034	0.6662325363448938	F	NaN	NaN	NaN
	48111	18.76613477963067	0.6682982555483188	F	NaN	NaN	NaN
	48112	18.78185998701852	0.6698627440826808	F	NaN	NaN	NaN
	48113	18.79764662182752	0.6705438481782007	F	NaN	NaN	NaN
	48114	18.813433256636525	0.6712249522737206	F	NaN	NaN	NaN
	48115	18.829219891445526	0.6719060563692405	F	NaN	NaN	NaN
	48116	18.845006526254526	0.6725871604647604	F	NaN	NaN	NaN
	48117	18.86079316106353	0.6732682645602802	F	NaN	NaN	NaN
	48118	18.87657979587253	0.6739493686558001	F	NaN	NaN	NaN
	48119	18.892366430681534	0.67463047275132	F	NaN	NaN	NaN
	48120	18.908153065490534	0.67531157684684	F	NaN	NaN	NaN
	48121	18.923939700299535	0.6759926809423599	F	NaN	NaN	NaN
	48122	18.93972633510854	0.6766737850378798	F	NaN	NaN	NaN
	48123	18.95551296991754	0.6773548891333996	F	NaN	NaN	NaN
	48124	18.971349187649068	0.6768794034711201	F	NaN	NaN	NaN
	48125	18.987188070005516	0.6763417617733851	F	NaN	NaN	NaN
	48126	19.003026952361964	0.6758041200756502	F	NaN	NaN	NaN
	48127	19.01886583471841	0.6752664783779152	F	NaN	NaN	NaN
	48128	19.034704717074863	0.6747288366801802	F	NaN	NaN	NaN
	48129	19.05054359943131	0.6741911949824454	F	NaN	NaN	NaN
	48130	19.06638248178776	0.6736535532847104	F	NaN	NaN	NaN
	48131	19.082221364144207	0.6731159115869755	F	NaN	NaN	NaN
	48132	19.098060246500655	0.6725782698892406	F	NaN	NaN	NaN
	48133	19.113899128857106	0.6720406281915057	F	NaN	NaN	NaN
	48134	19.129738011213554	0.6715029864937707	F	NaN	NaN	NaN
	48135	19.145581296204604	0.6703805302837008	F	NaN	NaN	NaN
	48136	19.161428392431578	0.6687518167345949	F	NaN	NaN	NaN
	48137	19.17727548865855	0.667123103185489	F	NaN	NaN	NaN
	48138	19.193122584885526	0.665494389636383	F	NaN	NaN	NaN
	48139	19.208969681112503	0.663865676087277	F	NaN	NaN	NaN
	48140	19.224816777339477	0.662236962538171	F	NaN	NaN	NaN
	48141	19.24066387356645	0.6606082489890651	F	NaN	NaN	NaN
	48142	19.256510969793425	0.6589795354399591	F	NaN	NaN	NaN
	48143	19.2723580660204	0.657350821890853	F	NaN	NaN	NaN
	48144	19.288205162247372	0.6557221083417472	F	NaN	NaN	NaN
	48145	19.30405225847435	0.6540933947926412	F	NaN	NaN	NaN
	48146	19.319894948865137	0.6523485000000513	F	NaN	NaN	NaN
	48147	19.33570622528572	0.6497752234957881	F	NaN	NaN	NaN
	48148	19.351517501706297	0.6472019469915249	F	NaN	NaN	NaN
	48149	19.36732877812688	0.6446286704872616	F	NaN	NaN	NaN
	48150	19.38314005454746	0.6420553939829984	F	NaN	NaN	NaN
	48151	19.398951330968043	0.6394821174787352	F	NaN	NaN	NaN
	48152	19.41476260738862	0.636908840974472	F	NaN	NaN	NaN
	48153	19.430573883809203	0.6343355644702087	F	NaN	NaN	NaN
	48154	19.446385160229784	0.6317622879659456	F	NaN	NaN	NaN
	48155	19.462196436650363	0.6291890114616823	F	NaN	NaN	NaN
	48156	19.478007713070944	0.6266157349574191	F	NaN	NaN	NaN
	48157	19.493818989491526	0.6240424584531559	F	NaN	NaN	NaN
	48158	19.50957356993895	0.6207802952978658	F	NaN	NaN	NaN
	48159	19.525304992876215	0.617236755904831	F	NaN	NaN	NaN
	48160	19.54103641581348	0.6136932165117963	F	NaN	NaN	NaN
	48161	19.556767838750744	0.6101496771187616	F	NaN	NaN	NaN
	48162	19.57249926168801	0.6066061377257269	F	NaN	NaN	NaN
	48163	19.588230684625273	0.603062598332692	F	NaN	NaN	NaN
	48164	19.603962107562538	0.5995190589396574	F	NaN	NaN	NaN
	48165	19.619693530499802	0.5959755195466228	F	NaN	NaN	NaN
	48166	19.635424953437067	0.592431980153588	F	NaN	NaN	NaN
	48167	19.65115637637433	0.5888884407605532	F	NaN	NaN	NaN
	48168	19.666887799311596	0.5853449013675186	F	NaN	NaN	NaN
	48169	19.68258242776227	0.5817207016597117	F	NaN	NaN	NaN
	48170	19.698189963539296	0.5779055787152543	F	NaN	NaN	NaN
	48171	19.713797499316325	0.5740904557707969	F	NaN	NaN	NaN
	48172	19.72940503509335	0.5702753328263395	F	NaN	NaN	NaN
	48173	19.74501257087038	0.5664602098818821	F	NaN	NaN	NaN
	48174	19.760620106647405	0.5626450869374247	F	NaN	NaN	NaN
	48175	19.77622764242443	0.5588299639929674	F	NaN	NaN	NaN
	48176	19.79183517820146	0.5550148410485098	F	NaN	NaN	NaN
	48177	19.807442713978485	0.5511997181040524	F	NaN	NaN	NaN
	48178	19.823050249755514	0.5473845951595951	F	NaN	NaN	NaN
	48179	19.83865778553254	0.5435694722151377	F	NaN	NaN	NaN
	48180	19.85426532130957	0.5397543492706803	F	NaN	NaN	NaN
	48181	19.869724415066546	0.5352742681934202	F	NaN	NaN	NaN
	48182	19.885164030006415	0.5307069301666051	F	NaN	NaN	NaN
	48183	19.900603644946283	0.52613959213979	F	NaN	NaN	NaN
	48184	19.916043259886152	0.521572254112975	F	NaN	NaN	NaN
	48185	19.93148287482602	0.51700491608616	F	NaN	NaN	NaN
	48186	19.94692248976589	0.5124375780593449	F	NaN	NaN	NaN
	48187	19.962362104705758	0.5078702400325299	F	NaN	NaN	NaN
	48188	19.977801719645626	0.5033029020057148	F	NaN	NaN	NaN
	48189	19.9932413345855	0.49873556397889973	F	NaN	NaN	NaN
	48190	20.008680949525367	0.49416822595208476	F	NaN	NaN	NaN
	48191	20.024120564465235	0.4896008879252697	F	NaN	NaN	NaN
	48192	20.03946034882897	0.4849894380340517	F	NaN	NaN	NaN
	48193	20.05468800925476	0.48032844424417254	F	NaN	NaN	NaN
	48194	20.06991566968055	0.4756674504542934	F	NaN	NaN	NaN
	48195	20.08514333010634	0.4710064566644142	F	NaN	NaN	NaN
	48196	20.100370990532127	0.4663454628745351	F	NaN	NaN	NaN
	48197	20.115598650957917	0.4616844690846559	F	NaN	NaN	NaN
	48198	20.130826311383707	0.4570234752947768	F	NaN	NaN	NaN
	48199	20.146053971809497	0.4523624815048976	F	NaN	NaN	NaN
	48200	20.161281632235287	0.4477014877150185	F	NaN	NaN	NaN
	48201	20.176509292661077	0.4430404939251394	F	NaN	NaN	NaN
	48202	20.191736953086863	0.43837950013526017	F	NaN	NaN	NaN
	48203	20.206949766197578	0.433721755807762	F	NaN	NaN	NaN
	48204	20.221921438432364	0.42911678723135027	F	NaN	NaN	NaN
	48205	20.236893110667154	0.4245118186549385	F	NaN	NaN	NaN
	48206	20.251864782901944	0.4199068500785267	F	NaN	NaN	NaN
	48207	20.26683645513673	0.415301881502115	F	NaN	NaN	NaN
	48208	20.28180812737152	0.4106969129257032	F	NaN	NaN	NaN
	48209	20.29677979960631	0.4060919443492914	F	NaN	NaN	NaN
	48210	20.311751471841095	0.40148697577287973	F	NaN	NaN	NaN
	48211	20.326723144075885	0.39688200719646793	F	NaN	NaN	NaN
	48212	20.341694816310675	0.3922770386200562	F	NaN	NaN	NaN
	48213	20.35666648854546	0.3876720700436444	F	NaN	NaN	NaN
	48214	20.37163816078025	0.3830671014672326	F	NaN	NaN	NaN
	48215	20.38641631891023	0.37859415962758136	F	NaN	NaN	NaN
	48216	20.401087969277093	0.3741938836663008	F	NaN	NaN	NaN
	48217	20.41575961964396	0.36979360770502034	F	NaN	NaN	NaN
	48218	20.43043127001083	0.3653933317437398	F	NaN	NaN	NaN
	48219	20.445102920377693	0.36099305578245927	F	NaN	NaN	NaN
	48220	20.45977457074456	0.3565927798211787	F	NaN	NaN	NaN
	48221	20.474446221111428	0.3521925038598982	F	NaN	NaN	NaN
	48222	20.489117871478296	0.3477922278986177	F	NaN	NaN	NaN
	48223	20.50378952184516	0.3433919519373371	F	NaN	NaN	NaN
	48224	20.518461172212028	0.3389916759760566	F	NaN	NaN	NaN
	48225	20.533132822578896	0.3345914000147761	F	NaN	NaN	NaN
	48226	20.547724652059355	0.33047266393501484	F	NaN	NaN	NaN
	48227	20.56205224688138	0.3272859219457812	F	NaN	NaN	NaN
	48228	20.576379841703403	0.3240991799565476	F	NaN	NaN	NaN
	48229	20.590707436525427	0.32091243796731395	F	NaN	NaN	NaN
	48230	20.60503503134745	0.3177256959780803	F	NaN	NaN	NaN
	48231	20.619362626169472	0.3145389539888467	F	NaN	NaN	NaN
	48232	20.633690220991497	0.31135221199961305	F	NaN	NaN	NaN
	48233	20.64801781581352	0.30816547001037947	F	NaN	NaN	NaN
	48234	20.662345410635545	0.30497872802114584	F	NaN	NaN	NaN
	48235	20.676673005457566	0.30179198603191215	F	NaN	NaN	NaN
	48236	20.69100060027959	0.2986052440426786	F	NaN	NaN	NaN
	48237	20.705328195101615	0.29541850205344494	F	NaN	NaN	NaN
	48238	20.719337944851013	0.2931179380202646	F	NaN	NaN	NaN
	48239	20.733277450451272	0.2910132203973922	F	NaN	NaN	NaN
	48240	20.74721695605153	0.28890850277451985	F	NaN	NaN	NaN
	48241	20.76115646165179	0.28680378515164745	F	NaN	NaN	NaN
	48242	20.77509596725205	0.2846990675287751	F	NaN	NaN	NaN
	48243	20.78903547285231	0.2825943499059027	F	NaN	NaN	NaN
	48244	20.802974978452568	0.2804896322830303	F	NaN	NaN	NaN
	48245	20.816914484052827	0.2783849146601579	F	NaN	NaN	NaN
	48246	20.830853989653086	0.27628019703728557	F	NaN	NaN	NaN
	48247	20.844793495253345	0.2741754794144132	F	NaN	NaN	NaN
	48248	20.858733000853604	0.2720707617915408	F	NaN	NaN	NaN
	48249	20.872497064556995	0.27072374947623096	F	NaN	NaN	NaN
	48250	20.88600444725857	0.2704853010837958	F	NaN	NaN	NaN
	48251	20.899511829960144	0.2702468526913606	F	NaN	NaN	NaN
	48252	20.91301921266172	0.2700084042989255	F	NaN	NaN	NaN
	48253	20.926526595363292	0.26976995590649033	F	NaN	NaN	NaN
	48254	20.940033978064868	0.2695315075140552	F	NaN	NaN	NaN
	48255	20.95354136076644	0.26929305912162005	F	NaN	NaN	NaN
	48256	20.967048743468016	0.2690546107291849	F	NaN	NaN	NaN
	48257	20.98055612616959	0.2688161623367497	F	NaN	NaN	NaN
	48258	20.994063508871164	0.26857771394431457	F	NaN	NaN	NaN
	48259	21.007570891572737	0.2683392655518794	F	NaN	NaN	NaN
	48260	21.021078274274313	0.2681008171594442	F	NaN	NaN	NaN
	48261	21.03411283349631	0.27002990027591617	F	NaN	NaN	NaN
	48262	21.047144059622273	0.2719742630706937	F	NaN	NaN	NaN
	48263	21.06017528574824	0.27391862586547133	F	NaN	NaN	NaN
	48264	21.073206511874208	0.2758629886602489	F	NaN	NaN	NaN
	48265	21.086237738000175	0.27780735145502644	F	NaN	NaN	NaN
	48266	21.09926896412614	0.27975171424980405	F	NaN	NaN	NaN
	48267	21.112300190252107	0.2816960770445816	F	NaN	NaN	NaN
	48268	21.125331416378074	0.28364043983935916	F	NaN	NaN	NaN
	48269	21.13836264250404	0.28558480263413677	F	NaN	NaN	NaN
	48270	21.151393868630006	0.2875291654289144	F	NaN	NaN	NaN
	48271	21.164425094755973	0.28947352822369193	F	NaN	NaN	NaN