###################### HEADER ######################
# SNNAME:	SN1999ex
###################### HEADER ######################


# FILTER B
#        MJD  MAG  MAGERR  Upperlimit  Instrument  Telescope  Source
	51482	20.679472080072784	0.07980130343330315	F	NaN	NaN	NaN
	51483	20.4405755963085	0.06349039989819892	F	NaN	NaN	NaN
	51484	20.05790356062093	0.057078217736132364	F	NaN	NaN	NaN
	51485	19.53246778501721	0.04212785875588395	F	NaN	NaN	NaN
	51486	18.96749549655235	0.028346831743423666	F	NaN	NaN	NaN
	51487	18.550515801499355	0.024308268809997733	F	NaN	NaN	NaN
	51488	18.254514053181158	0.02526580873590751	F	NaN	NaN	NaN
	51489	18.021655901470005	0.01964957896681803	F	NaN	NaN	NaN
	51490	17.84013795159531	0.021017334586373324	F	NaN	NaN	NaN
	51491	17.685153895659543	0.018193311142059083	F	NaN	NaN	NaN
	51492	17.564528653397833	0.021345623205880723	F	NaN	NaN	NaN
	51493	17.4776988034229	0.01989407319461588	F	NaN	NaN	NaN
	51494	17.42328318989074	0.021553555297380334	F	NaN	NaN	NaN
	51495	17.38469364023682	0.024072049142897442	F	NaN	NaN	NaN
	51496	17.349522724347835	0.020329506958964245	F	NaN	NaN	NaN
	51497	17.335856369488468	0.01978487219172168	F	NaN	NaN	NaN
	51498	17.344373495801676	0.018361137691697067	F	NaN	NaN	NaN
	51499	17.36744613978571	0.019728049898149913	F	NaN	NaN	NaN
	51500	17.405554216367847	0.02311438826533477	F	NaN	NaN	NaN
	51501	17.44935504251011	0.024321849873510604	F	NaN	NaN	NaN
	51502	17.49503966240557	0.021886014161595364	F	NaN	NaN	NaN
	51503	17.550352930784303	0.02546092127614312	F	NaN	NaN	NaN
	51504	17.621585102417544	0.024117636226216606	F	NaN	NaN	NaN
	51505	17.708105131687763	0.024450548112974646	F	NaN	NaN	NaN
	51506	17.81407092756979	0.02245182032550806	F	NaN	NaN	NaN
	51507	17.930305169297593	0.023172400804914454	F	NaN	NaN	NaN
	51508	18.044443002513614	0.019940493097188337	F	NaN	NaN	NaN
	51509	18.168148017681382	0.022348789421107282	F	NaN	NaN	NaN
	51510	18.29305218727936	0.026207745212157855	F	NaN	NaN	NaN
	51511	18.415040720780457	0.03335302855506207	F	NaN	NaN	NaN
	51512	18.534578020809736	0.03928745527268931	F	NaN	NaN	NaN
	51513	18.650654656139395	0.04555034173410901	F	NaN	NaN	NaN
	51514	18.75833787986691	0.047685413475262214	F	NaN	NaN	NaN
	51515	18.85968253156133	0.0545602028182546	F	NaN	NaN	NaN
	51516	18.953590138233928	0.05345437493170453	F	NaN	NaN	NaN
	51517	19.036858158753176	0.05178450101527478	F	NaN	NaN	NaN
	51518	19.104992570622088	0.04759785620227021	F	NaN	NaN	NaN
	51519	19.16216902160816	0.047379290671623775	F	NaN	NaN	NaN
	51520	19.207006493285963	0.05701523226438196	F	NaN	NaN	NaN
	51521	19.24025309074275	0.07966758920777249	F	NaN	NaN	NaN

# FILTER I
#        MJD  MAG  MAGERR  Upperlimit  Instrument  Telescope  Source
	51482	19.444042370624803	0.09639252854421543	F	NaN	NaN	NaN
	51483	18.956307713837155	0.06259235983801498	F	NaN	NaN	NaN
	51484	18.480571351009996	0.052329946193864864	F	NaN	NaN	NaN
	51485	18.021398940877216	0.037314826254739676	F	NaN	NaN	NaN
	51486	17.642287207434947	0.03463053949027982	F	NaN	NaN	NaN
	51487	17.34919644557856	0.0291400339005067	F	NaN	NaN	NaN
	51488	17.115658362593617	0.028547247664805674	F	NaN	NaN	NaN
	51489	16.931855318052737	0.02232143466858032	F	NaN	NaN	NaN
	51490	16.768128458568366	0.021242788183916395	F	NaN	NaN	NaN
	51491	16.630352842552664	0.018184828179380108	F	NaN	NaN	NaN
	51492	16.514018084721858	0.01915068551046451	F	NaN	NaN	NaN
	51493	16.41200043436471	0.020294404818094983	F	NaN	NaN	NaN
	51494	16.324594268401636	0.018722361768852846	F	NaN	NaN	NaN
	51495	16.249800637589193	0.020892377874301454	F	NaN	NaN	NaN
	51496	16.178787092720658	0.018925169781063376	F	NaN	NaN	NaN
	51497	16.126420540403558	0.01755787878102402	F	NaN	NaN	NaN
	51498	16.081242159219546	0.017467355217530435	F	NaN	NaN	NaN
	51499	16.035979901361696	0.016710976155148816	F	NaN	NaN	NaN
	51500	15.995400605883123	0.020660440553989332	F	NaN	NaN	NaN
	51501	15.989315741614535	0.02152138027910054	F	NaN	NaN	NaN
	51502	15.97714020876101	0.01927203327256237	F	NaN	NaN	NaN
	51503	15.971785568410374	0.021304810700001398	F	NaN	NaN	NaN
	51504	15.97804881653273	0.01824466597489826	F	NaN	NaN	NaN
	51505	16.00200154134555	0.020338412185095897	F	NaN	NaN	NaN
	51506	16.028313216693576	0.020137694299723605	F	NaN	NaN	NaN
	51507	16.068969006391317	0.016366790508843737	F	NaN	NaN	NaN
	51508	16.109701114358533	0.017300778462126933	F	NaN	NaN	NaN
	51509	16.150827357261853	0.0169624389872957	F	NaN	NaN	NaN
	51510	16.19340362948682	0.01827900728895025	F	NaN	NaN	NaN
	51511	16.238704216921928	0.022873377985393975	F	NaN	NaN	NaN
	51512	16.28656294723401	0.023339903002228483	F	NaN	NaN	NaN
	51513	16.336984196640035	0.02514115257052632	F	NaN	NaN	NaN
	51514	16.39641822922106	0.023347095532843233	F	NaN	NaN	NaN
	51515	16.457297246647684	0.024209116254839617	F	NaN	NaN	NaN
	51516	16.508372097313266	0.023053764074678275	F	NaN	NaN	NaN
	51517	16.556681288175028	0.021838732395420404	F	NaN	NaN	NaN
	51518	16.602144768442248	0.020412637321563648	F	NaN	NaN	NaN
	51519	16.644769195618743	0.021075891931258667	F	NaN	NaN	NaN
	51520	16.68406316902273	0.025423809061489083	F	NaN	NaN	NaN
	51521	16.720323129507737	0.034342484610843375	F	NaN	NaN	NaN

# FILTER R
#        MJD  MAG  MAGERR  Upperlimit  Instrument  Telescope  Source
	51482	19.60245354252399	0.06658299183711032	F	NaN	NaN	NaN
	51483	19.07867607848334	0.03957404393057269	F	NaN	NaN	NaN
	51484	18.587016999878088	0.033377524890887675	F	NaN	NaN	NaN
	51485	18.109855349046228	0.022514252867523454	F	NaN	NaN	NaN
	51486	17.71894414355476	0.02104701724738236	F	NaN	NaN	NaN
	51487	17.447914208336844	0.017251891598098607	F	NaN	NaN	NaN
	51488	17.233952749732243	0.01860467364052904	F	NaN	NaN	NaN
	51489	17.04829414704978	0.015502066508491945	F	NaN	NaN	NaN
	51490	16.890438350281727	0.015543268331516497	F	NaN	NaN	NaN
	51491	16.763992209912217	0.013790595298432962	F	NaN	NaN	NaN
	51492	16.662308925529572	0.01763300089550017	F	NaN	NaN	NaN
	51493	16.57284693864177	0.016910160205819556	F	NaN	NaN	NaN
	51494	16.498808946024965	0.015019489969481811	F	NaN	NaN	NaN
	51495	16.43763164763791	0.016281593074640804	F	NaN	NaN	NaN
	51496	16.38435659725755	0.013937348807345009	F	NaN	NaN	NaN
	51497	16.343566062295825	0.01502121585012612	F	NaN	NaN	NaN
	51498	16.311149090956206	0.013348901293317863	F	NaN	NaN	NaN
	51499	16.287437253048395	0.013830403170472527	F	NaN	NaN	NaN
	51500	16.265218147880738	0.01592418152091083	F	NaN	NaN	NaN
	51501	16.255221405231573	0.016907947143736266	F	NaN	NaN	NaN
	51502	16.254303025964248	0.015393650550235187	F	NaN	NaN	NaN
	51503	16.26175332359656	0.01666847924594483	F	NaN	NaN	NaN
	51504	16.276718867868446	0.014181823927872698	F	NaN	NaN	NaN
	51505	16.303669201839664	0.016235624665282035	F	NaN	NaN	NaN
	51506	16.34015328730458	0.01423393651052888	F	NaN	NaN	NaN
	51507	16.385254238985656	0.013030931088035682	F	NaN	NaN	NaN
	51508	16.438283532650637	0.014255020700331866	F	NaN	NaN	NaN
	51509	16.50030891788785	0.01385106799585762	F	NaN	NaN	NaN
	51510	16.569702631621997	0.01434747460664762	F	NaN	NaN	NaN
	51511	16.64317246627415	0.017734465382779816	F	NaN	NaN	NaN
	51512	16.714348855185133	0.0168917499626998	F	NaN	NaN	NaN
	51513	16.785989106435906	0.017331360696651935	F	NaN	NaN	NaN
	51514	16.855517295481363	0.015507785096169232	F	NaN	NaN	NaN
	51515	16.923510323507998	0.01607465486417988	F	NaN	NaN	NaN
	51516	16.9874960835772	0.015265736905309777	F	NaN	NaN	NaN
	51517	17.047979198502205	0.014624351579441967	F	NaN	NaN	NaN
	51518	17.103282740063293	0.013709383742229818	F	NaN	NaN	NaN
	51519	17.154642134462637	0.014096444242106515	F	NaN	NaN	NaN
	51520	17.20163759810076	0.017482947475359042	F	NaN	NaN	NaN
	51521	17.24445756759853	0.024463853591694264	F	NaN	NaN	NaN

# FILTER U
#        MJD  MAG  MAGERR  Upperlimit  Instrument  Telescope  Source
	51482	20.436560505831878	0.279049048358139	F	NaN	NaN	NaN
	51483	20.516541787079003	0.6439900626204499	F	NaN	NaN	NaN
	51484	20.356575138761176	0.764720962824629	F	NaN	NaN	NaN
	51485	20.02864059742193	0.7623972070052993	F	NaN	NaN	NaN
	51486	19.424936692970288	0.36800134589610367	F	NaN	NaN	NaN
	51487	18.898073480703495	0.1845432317343119	F	NaN	NaN	NaN
	51488	18.425057957726036	0.08835632453619001	F	NaN	NaN	NaN
	51489	18.113027185765617	0.18146736378181527	F	NaN	NaN	NaN
	51490	17.87400190519534	0.23797126203640095	F	NaN	NaN	NaN
	51491	17.722560327621633	0.1908903994446523	F	NaN	NaN	NaN
	51492	17.629420730876635	0.11113837273629096	F	NaN	NaN	NaN
	51493	17.53882426253831	0.07379402440722259	F	NaN	NaN	NaN
	51494	17.44921515322413	0.13845539249113661	F	NaN	NaN	NaN
	51495	17.389479180513998	0.21788107607759172	F	NaN	NaN	NaN
	51496	17.4078084954858	0.18800234686274234	F	NaN	NaN	NaN
	51497	17.46409899288402	0.12955287136126603	F	NaN	NaN	NaN
	51498	17.50588562565316	0.08798984703388041	F	NaN	NaN	NaN
	51499	17.564701115549486	0.09285891655818634	F	NaN	NaN	NaN
	51500	17.616159249345596	0.13147505468812568	F	NaN	NaN	NaN
	51501	17.746044765595617	0.1645283669450422	F	NaN	NaN	NaN
	51502	17.90236711564929	0.12312184457585675	F	NaN	NaN	NaN
	51503	18.06180774491676	0.07651272223326523	F	NaN	NaN	NaN
	51504	18.20811728299823	0.08212277077610741	F	NaN	NaN	NaN
	51505	18.362847002577453	0.10981981077923444	F	NaN	NaN	NaN
	51506	18.529790944434886	0.09446354112007191	F	NaN	NaN	NaN
	51507	18.702266963293482	0.0774224780859147	F	NaN	NaN	NaN
	51508	18.881467263380504	0.06946566050336235	F	NaN	NaN	NaN
	51509	19.068545702101122	0.10110846984195794	F	NaN	NaN	NaN

# FILTER V
#        MJD  MAG  MAGERR  Upperlimit  Instrument  Telescope  Source
	51482	20.093684952418293	0.06866567591644361	F	NaN	NaN	NaN
	51483	19.6151622624173	0.04770517550764165	F	NaN	NaN	NaN
	51484	19.066340364753028	0.0382490148585376	F	NaN	NaN	NaN
	51485	18.520024911506773	0.038485894443093596	F	NaN	NaN	NaN
	51486	18.058898261135276	0.07129590635520004	F	NaN	NaN	NaN
	51487	17.738264306541183	0.07454878656830861	F	NaN	NaN	NaN
	51488	17.538884566528065	0.023044001841003723	F	NaN	NaN	NaN
	51489	17.37247715575602	0.03895241995739207	F	NaN	NaN	NaN
	51490	17.184373916340665	0.022861061873613565	F	NaN	NaN	NaN
	51491	17.052017196142582	0.01843164622849043	F	NaN	NaN	NaN
	51492	16.9511600457994	0.02142115650466366	F	NaN	NaN	NaN
	51493	16.868454096775256	0.020396990306278357	F	NaN	NaN	NaN
	51494	16.805266816178346	0.018853857423882302	F	NaN	NaN	NaN
	51495	16.752773288443606	0.021218108765743177	F	NaN	NaN	NaN
	51496	16.707910329936198	0.017922947695707386	F	NaN	NaN	NaN
	51497	16.674557448043238	0.020414144902771526	F	NaN	NaN	NaN
	51498	16.650397603352808	0.01755094570940464	F	NaN	NaN	NaN
	51499	16.637392806981655	0.018676665867103315	F	NaN	NaN	NaN
	51500	16.62560097220454	0.020331298546189	F	NaN	NaN	NaN
	51501	16.628959057822463	0.021679298303445067	F	NaN	NaN	NaN
	51502	16.63416770817208	0.019331072426224227	F	NaN	NaN	NaN
	51503	16.6495125138662	0.021901504168864473	F	NaN	NaN	NaN
	51504	16.680792603977462	0.018966190746057196	F	NaN	NaN	NaN
	51505	16.73631259059705	0.020215714311623507	F	NaN	NaN	NaN
	51506	16.796429908145747	0.020876950691334304	F	NaN	NaN	NaN
	51507	16.861902002640715	0.01757415421476387	F	NaN	NaN	NaN
	51508	16.93428705936473	0.019716075457765922	F	NaN	NaN	NaN
	51509	17.017406237466332	0.019252937540319957	F	NaN	NaN	NaN
	51510	17.110097287664633	0.02433099215044634	F	NaN	NaN	NaN
	51511	17.20031084272357	0.029930901548738696	F	NaN	NaN	NaN
	51512	17.284012342355364	0.028698862613621787	F	NaN	NaN	NaN
	51513	17.365339073451928	0.028182723883002317	F	NaN	NaN	NaN
	51514	17.44379472162946	0.026002012558759405	F	NaN	NaN	NaN
	51515	17.519523133033108	0.027351218511711798	F	NaN	NaN	NaN
	51516	17.59164211236587	0.02531169978789206	F	NaN	NaN	NaN
	51517	17.659775682091293	0.023614089716091486	F	NaN	NaN	NaN
	51518	17.72279378077264	0.021936777693031814	F	NaN	NaN	NaN
	51519	17.781603359417517	0.02346721063910398	F	NaN	NaN	NaN
	51520	17.835915482142166	0.030212536221519287	F	NaN	NaN	NaN
	51521	17.885786295404312	0.04346127355162542	F	NaN	NaN	NaN