###################### HEADER ######################
# SNNAME:	SN1984L
###################### HEADER ######################


# FILTER B
#        MJD  MAG  MAGERR  Upperlimit  Instrument  Telescope  Source
	45944	14.373785847571288	0.214961910883245	F	NaN	NaN	NaN
	45945	14.442320834713884	0.2027652663353085	F	NaN	NaN	NaN
	45946	14.509778993019681	0.19214275966645378	F	NaN	NaN	NaN
	45947	14.57607436406173	0.18245795887484173	F	NaN	NaN	NaN
	45948	14.641112598953155	0.17309279803445196	F	NaN	NaN	NaN
	45949	14.70484766650568	0.16441526941401693	F	NaN	NaN	NaN
	45950	14.767506616564496	0.15700145466489365	F	NaN	NaN	NaN
	45951	14.829093734085875	0.1491796616465837	F	NaN	NaN	NaN
	45952	14.889591255984397	0.14292505684354795	F	NaN	NaN	NaN
	45953	14.948867468322385	0.13729428384602382	F	NaN	NaN	NaN
	45954	15.00708594897193	0.133925539512355	F	NaN	NaN	NaN
	45955	15.064250982889304	0.13038188759191532	F	NaN	NaN	NaN
	45956	15.12032351869142	0.1273778924870035	F	NaN	NaN	NaN
	45957	15.175217609960818	0.12537301649743327	F	NaN	NaN	NaN
	45958	15.229072355347038	0.1244481668512693	F	NaN	NaN	NaN
	45959	15.281892039806351	0.12420749090275561	F	NaN	NaN	NaN
	45960	15.333617083402034	0.12446071681562049	F	NaN	NaN	NaN
	45961	15.384205787748781	0.12465176473855134	F	NaN	NaN	NaN
	45962	15.433773532017621	0.12548446381877346	F	NaN	NaN	NaN
	45963	15.482324601164821	0.12724477480613947	F	NaN	NaN	NaN
	45964	15.52981515407452	0.12895377576157213	F	NaN	NaN	NaN
	45965	15.57608634108277	0.1313443103680487	F	NaN	NaN	NaN
	45966	15.621168919166859	0.13391879780370494	F	NaN	NaN	NaN
	45967	15.665086161775488	0.13706340724673802	F	NaN	NaN	NaN
	45968	15.707879450623995	0.13982945638463362	F	NaN	NaN	NaN
	45969	15.749590834874741	0.14250411581500078	F	NaN	NaN	NaN
	45970	15.790261696243066	0.14550013362925057	F	NaN	NaN	NaN
	45971	15.829934083891334	0.14857091591378177	F	NaN	NaN	NaN
	45972	15.868649379534883	0.15118337051170005	F	NaN	NaN	NaN
	45973	15.906453307913381	0.1544171508759568	F	NaN	NaN	NaN
	45974	15.942900216952888	0.15713812416304124	F	NaN	NaN	NaN
	45975	15.978079980632351	0.1593532966952906	F	NaN	NaN	NaN
	45976	16.01241544534198	0.16139584507291807	F	NaN	NaN	NaN
	45977	16.045569467788145	0.16311626571967158	F	NaN	NaN	NaN
	45978	16.07717631735557	0.1644513494238019	F	NaN	NaN	NaN
	45979	16.107486113369184	0.1656098597249704	F	NaN	NaN	NaN
	45980	16.13634990315178	0.16673424146425117	F	NaN	NaN	NaN
	45981	16.16338666581555	0.16707316641948433	F	NaN	NaN	NaN
	45982	16.189266827487383	0.16717312437737566	F	NaN	NaN	NaN
	45983	16.214011159320776	0.1670918331853225	F	NaN	NaN	NaN
	45984	16.237181427019298	0.16681442022006154	F	NaN	NaN	NaN
	45985	16.259110679982758	0.16644568299017692	F	NaN	NaN	NaN
	45986	16.28004455566965	0.16617144745709794	F	NaN	NaN	NaN
	45987	16.299913693252975	0.16615185563871154	F	NaN	NaN	NaN
	45988	16.31837076314148	0.16578764385240954	F	NaN	NaN	NaN
	45989	16.335972908315284	0.16570298614172216	F	NaN	NaN	NaN
	45990	16.352740899927916	0.16577993474582378	F	NaN	NaN	NaN
	45991	16.36840016924972	0.1653460483577774	F	NaN	NaN	NaN
	45992	16.383149309543853	0.16544922843455584	F	NaN	NaN	NaN
	45993	16.39720474883867	0.16585641812549892	F	NaN	NaN	NaN
	45994	16.410551990593657	0.1664942385150383	F	NaN	NaN	NaN
	45995	16.42292685164153	0.16708804587787812	F	NaN	NaN	NaN
	45996	16.434748464251957	0.16813544276829054	F	NaN	NaN	NaN
	45997	16.44603759957846	0.16959401454208722	F	NaN	NaN	NaN
	45998	16.45665862689449	0.17137216332704192	F	NaN	NaN	NaN
	45999	16.46672513845394	0.1734256747531232	F	NaN	NaN	NaN
	46000	16.47639962529133	0.17567247793483304	F	NaN	NaN	NaN
	46001	16.485697727588907	0.17810398138238226	F	NaN	NaN	NaN
	46002	16.494487863730782	0.1807658012672564	F	NaN	NaN	NaN
	46003	16.503026427712474	0.1832476627992616	F	NaN	NaN	NaN
	46004	16.511347431180006	0.18570570248729312	F	NaN	NaN	NaN
	46005	16.519402526233456	0.1885707405898327	F	NaN	NaN	NaN
	46006	16.52729590897395	0.19209281881904544	F	NaN	NaN	NaN
	46007	16.53506904089121	0.194884416559303	F	NaN	NaN	NaN
	46008	16.542783448817207	0.19758326490353736	F	NaN	NaN	NaN
	46009	16.550483820773415	0.2001137167662037	F	NaN	NaN	NaN
	46010	16.55822010826998	0.20246399196618642	F	NaN	NaN	NaN
	46011	16.566050329146428	0.20435565785174487	F	NaN	NaN	NaN
	46012	16.5740176993887	0.20564647495515573	F	NaN	NaN	NaN
	46013	16.5821720292766	0.20711403859579627	F	NaN	NaN	NaN
	46014	16.590579685439724	0.20820092059484813	F	NaN	NaN	NaN
	46015	16.59925238443027	0.20892475959284634	F	NaN	NaN	NaN
	46016	16.60830952968939	0.20916298894571844	F	NaN	NaN	NaN
	46017	16.61772635730755	0.20897824421691397	F	NaN	NaN	NaN
	46018	16.627477067624888	0.2082551199744817	F	NaN	NaN	NaN
	46019	16.636996685841247	0.2071194223337026	F	NaN	NaN	NaN
	46020	16.646192467365104	0.20580347284791284	F	NaN	NaN	NaN
	46021	16.65478683788859	0.20415276993567266	F	NaN	NaN	NaN
	46022	16.662965706246734	0.2024957677927327	F	NaN	NaN	NaN
	46023	16.67072907243954	0.20083246641909294	F	NaN	NaN	NaN
	46024	16.67801354400282	0.19872463425493486	F	NaN	NaN	NaN
	46025	16.685040149227124	0.19637743935741458	F	NaN	NaN	NaN
	46026	16.691552740366383	0.19418399299523534	F	NaN	NaN	NaN
	46027	16.69793682798438	0.19202898376689237	F	NaN	NaN	NaN
	46028	16.70380005507046	0.18917101855390409	F	NaN	NaN	NaN
	46029	16.70959046535614	0.18632024477449344	F	NaN	NaN	NaN
	46030	16.71497224784808	0.18386717304792974	F	NaN	NaN	NaN
	46031	16.720264083460087	0.18154966674864403	F	NaN	NaN	NaN
	46032	16.725286078432276	0.1796388567311921	F	NaN	NaN	NaN
	46033	16.730201855741452	0.17743662735519503	F	NaN	NaN	NaN
	46034	16.73495830655609	0.1747972689413696	F	NaN	NaN	NaN
	46035	16.739620541933274	0.1725315015254149	F	NaN	NaN	NaN
	46036	16.74420569195254	0.17057139947135974	F	NaN	NaN	NaN
	46037	16.748736901768577	0.1693448864300676	F	NaN	NaN	NaN
	46038	16.753244994354663	0.16843276867996396	F	NaN	NaN	NaN
	46039	16.757767694980398	0.1676053344037547	F	NaN	NaN	NaN
	46040	16.762292973495484	0.16679284426999763	F	NaN	NaN	NaN
	46041	16.766929681301765	0.16637847805582015	F	NaN	NaN	NaN
	46042	16.77159724000605	0.1660156274630978	F	NaN	NaN	NaN
	46043	16.77643962046571	0.16594469872530088	F	NaN	NaN	NaN
	46044	16.78137197573004	0.16595267761473004	F	NaN	NaN	NaN
	46045	16.786514272205267	0.16614477430102384	F	NaN	NaN	NaN
	46046	16.791833940400487	0.1664109708296571	F	NaN	NaN	NaN
	46047	16.79737039625347	0.16676773383226184	F	NaN	NaN	NaN
	46048	16.803199893750417	0.16695926573531192	F	NaN	NaN	NaN
	46049	16.809224752343347	0.16704064357199155	F	NaN	NaN	NaN
	46050	16.81568659551287	0.16733008146293032	F	NaN	NaN	NaN
	46051	16.822294100207927	0.16768887270528882	F	NaN	NaN	NaN
	46052	16.829510805420867	0.16789546903392027	F	NaN	NaN	NaN
	46053	16.83683375622157	0.16807404507885443	F	NaN	NaN	NaN
	46054	16.844889283207454	0.16804153610696643	F	NaN	NaN	NaN
	46055	16.85302713812691	0.16798248639362795	F	NaN	NaN	NaN
	46056	16.861466824124033	0.16781135121065946	F	NaN	NaN	NaN
	46057	16.869860240453264	0.16763234268036517	F	NaN	NaN	NaN
	46058	16.87819850955831	0.1674492852933336	F	NaN	NaN	NaN
	46059	16.886476598011157	0.16726705984328805	F	NaN	NaN	NaN
	46060	16.894754686464005	0.16708483439324245	F	NaN	NaN	NaN
	46061	16.902978444008127	0.16670348514303523	F	NaN	NaN	NaN
	46062	16.91114787064353	0.16612301209266633	F	NaN	NaN	NaN
	46063	16.919317297278926	0.16554253904229743	F	NaN	NaN	NaN
	46064	16.927407303941816	0.1651702121604987	F	NaN	NaN	NaN
	46065	16.93547745561158	0.1648499218208439	F	NaN	NaN	NaN
	46066	16.943538618469958	0.16459683682685686	F	NaN	NaN	NaN
	46067	16.951518882025884	0.1649485999438891	F	NaN	NaN	NaN
	46068	16.959499145581812	0.16530036306092136	F	NaN	NaN	NaN
	46069	16.96744720863293	0.16553777798680477	F	NaN	NaN	NaN
	46070	16.975346970926832	0.16560367062596076	F	NaN	NaN	NaN
	46071	16.98324673322073	0.16566956326511673	F	NaN	NaN	NaN
	46072	16.991096715427478	0.16598925675272988	F	NaN	NaN	NaN
	46073	16.99892536331116	0.1664177220325405	F	NaN	NaN	NaN
	46074	17.00675401119484	0.16684618731235107	F	NaN	NaN	NaN
	46075	17.01452093152011	0.16669790500026593	F	NaN	NaN	NaN
	46076	17.02228785184538	0.16654962268818077	F	NaN	NaN	NaN
	46077	17.03003906995867	0.16659857738762998	F	NaN	NaN	NaN
	46078	17.037753649577333	0.16710775178066892	F	NaN	NaN	NaN
	46079	17.045468229195997	0.16761692617370788	F	NaN	NaN	NaN
	46080	17.053157036501783	0.1688111400739696	F	NaN	NaN	NaN
	46081	17.060828662265646	0.17046204697904932	F	NaN	NaN	NaN
	46082	17.068500288029508	0.17211295388412906	F	NaN	NaN	NaN
	46083	17.07614170349068	0.17371318230185978	F	NaN	NaN	NaN
	46084	17.083779762251552	0.17530777977655138	F	NaN	NaN	NaN
	46085	17.091412984982192	0.17694637836456417	F	NaN	NaN	NaN
	46086	17.099026863591877	0.17876098140586494	F	NaN	NaN	NaN
	46087	17.106640742201563	0.1805755844471657	F	NaN	NaN	NaN
	46088	17.114247224161563	0.1828293184803095	F	NaN	NaN	NaN
	46089	17.12184630947187	0.18552218350529634	F	NaN	NaN	NaN
	46090	17.129445394782177	0.18821504853028315	F	NaN	NaN	NaN
	46091	17.137040154934432	0.19115205727766788	F	NaN	NaN	NaN
	46092	17.14463383379717	0.19415010195565374	F	NaN	NaN	NaN
	46093	17.152227910700333	0.19717548640430482	F	NaN	NaN	NaN
	46094	17.159825569967303	0.20044692878894688	F	NaN	NaN	NaN
	46095	17.167423229234274	0.20371837117358899	F	NaN	NaN	NaN
	46096	17.17502623540366	0.20708804334200098	F	NaN	NaN	NaN
	46097	17.182637261926676	0.2106050601860714	F	NaN	NaN	NaN
	46098	17.19024828844969	0.21412207703014183	F	NaN	NaN	NaN
	46099	17.1978752428482	0.21777955784895808	F	NaN	NaN	NaN
	46100	17.205509023479063	0.22149723751409478	F	NaN	NaN	NaN
	46101	17.213142804109925	0.22521491717923148	F	NaN	NaN	NaN
	46102	17.220808725700444	0.23031633906568288	F	NaN	NaN	NaN
	46103	17.228474647290962	0.2354177609521343	F	NaN	NaN	NaN
	46104	17.23615302722492	0.24049409650591147	F	NaN	NaN	NaN
	46105	17.243860476626903	0.24551189728344758	F	NaN	NaN	NaN
	46106	17.251567926028883	0.25052969806098363	F	NaN	NaN	NaN
	46107	17.259305924228826	0.25565192184305124	F	NaN	NaN	NaN
	46108	17.267064288294076	0.2608437609614736	F	NaN	NaN	NaN
	46109	17.274822652359326	0.26603560007989596	F	NaN	NaN	NaN
	46110	17.282635287788146	0.27224716793224546	F	NaN	NaN	NaN
	46111	17.290453953368473	0.27857203897726085	F	NaN	NaN	NaN

# FILTER V
#        MJD  MAG  MAGERR  Upperlimit  Instrument  Telescope  Source
	45940	14.035697173727675	0.1853151460280455	F	NaN	NaN	NaN
	45941	14.05552032397075	0.182713615920368	F	NaN	NaN	NaN
	45942	14.075358881310818	0.18015479782188992	F	NaN	NaN	NaN
	45943	14.095083354040666	0.1776477904400045	F	NaN	NaN	NaN
	45944	14.11457030217682	0.17464714356112565	F	NaN	NaN	NaN
	45945	14.133950613734717	0.1722565596889163	F	NaN	NaN	NaN
	45946	14.153268416379431	0.16992049877495216	F	NaN	NaN	NaN
	45947	14.172550854393576	0.16761542826912787	F	NaN	NaN	NaN
	45948	14.191749561874278	0.16538504550597907	F	NaN	NaN	NaN
	45949	14.210905297127626	0.16275815085788145	F	NaN	NaN	NaN
	45950	14.230012574337357	0.15968412578633298	F	NaN	NaN	NaN
	45951	14.24904086132749	0.15826623868237533	F	NaN	NaN	NaN
	45952	14.26803322246613	0.15676102074059206	F	NaN	NaN	NaN
	45953	14.286956382669164	0.15418499871976837	F	NaN	NaN	NaN
	45954	14.305820223361335	0.15241285487931583	F	NaN	NaN	NaN
	45955	14.324647903661926	0.15106051424615832	F	NaN	NaN	NaN
	45956	14.34338527157193	0.14866127624329498	F	NaN	NaN	NaN
	45957	14.362083359242803	0.14654406797938588	F	NaN	NaN	NaN
	45958	14.38072720277392	0.14481632935498778	F	NaN	NaN	NaN
	45959	14.39929495231265	0.1433751705343896	F	NaN	NaN	NaN
	45960	14.417825980238877	0.14185419474044242	F	NaN	NaN	NaN
	45961	14.43628151854746	0.13974506136063003	F	NaN	NaN	NaN
	45962	14.454681136158293	0.13850247205481786	F	NaN	NaN	NaN
	45963	14.473041893623233	0.13786205744448798	F	NaN	NaN	NaN
	45964	14.491309355416254	0.13598191225641434	F	NaN	NaN	NaN
	45965	14.509539534375854	0.1342169592356434	F	NaN	NaN	NaN
	45966	14.52770947368876	0.13269122367038455	F	NaN	NaN	NaN
	45967	14.54580642464729	0.13144119096170534	F	NaN	NaN	NaN
	45968	14.563865858232312	0.13025331027567502	F	NaN	NaN	NaN
	45969	14.581843304106851	0.12892426137815108	F	NaN	NaN	NaN
	45970	14.59976843750755	0.1282215632177161	F	NaN	NaN	NaN
	45971	14.61764900843053	0.12805242309257725	F	NaN	NaN	NaN
	45972	14.635439096144491	0.12769489123072308	F	NaN	NaN	NaN
	45973	14.65319110526402	0.1271020955554652	F	NaN	NaN	NaN
	45974	14.670876669819132	0.1260394968260099	F	NaN	NaN	NaN
	45975	14.688492561068664	0.12542217346513282	F	NaN	NaN	NaN
	45976	14.706068998739557	0.12499886831597995	F	NaN	NaN	NaN
	45977	14.723546477199253	0.12468486973151019	F	NaN	NaN	NaN
	45978	14.740940604101237	0.12442891008371612	F	NaN	NaN	NaN
	45979	14.758264722710445	0.12413051378143314	F	NaN	NaN	NaN
	45980	14.775510647201841	0.1236836062179435	F	NaN	NaN	NaN
	45981	14.792657366975114	0.12331523849747264	F	NaN	NaN	NaN
	45982	14.809741042634679	0.12315415459721912	F	NaN	NaN	NaN
	45983	14.826762704094339	0.12314915468115621	F	NaN	NaN	NaN
	45984	14.843698080269204	0.12294451399171569	F	NaN	NaN	NaN
	45985	14.86056505004017	0.1230239294120167	F	NaN	NaN	NaN
	45986	14.877376969790301	0.12313085476484398	F	NaN	NaN	NaN
	45987	14.894129835511425	0.12308383377638962	F	NaN	NaN	NaN
	45988	14.91080383645484	0.12310974545241263	F	NaN	NaN	NaN
	45989	14.927429751556485	0.12285866626669642	F	NaN	NaN	NaN
	45990	14.944008610730169	0.12251423262204095	F	NaN	NaN	NaN
	45991	14.960524493406592	0.12297322638836185	F	NaN	NaN	NaN
	45992	14.976988140920799	0.12325417433957792	F	NaN	NaN	NaN
	45993	14.99341169668611	0.1233003740860629	F	NaN	NaN	NaN
	45994	15.009794112423348	0.12303195739135206	F	NaN	NaN	NaN
	45995	15.026119229411162	0.12337064636198035	F	NaN	NaN	NaN
	45996	15.042411218829146	0.12376915598993118	F	NaN	NaN	NaN
	45997	15.05867111059111	0.12410876050652689	F	NaN	NaN	NaN
	45998	15.074890108555486	0.1240362333639736	F	NaN	NaN	NaN
	45999	15.09107426868719	0.12464222033885901	F	NaN	NaN	NaN
	46000	15.107233295341938	0.1254624062894947	F	NaN	NaN	NaN
	46001	15.123367869881685	0.12631905007755162	F	NaN	NaN	NaN
	46002	15.139467937788153	0.12695607422119012	F	NaN	NaN	NaN
	46003	15.155549836396732	0.1276232236219535	F	NaN	NaN	NaN
	46004	15.171607090809287	0.12831656371328523	F	NaN	NaN	NaN
	46005	15.187567258885505	0.12932596596031662	F	NaN	NaN	NaN
	46006	15.20340234325218	0.12975899583592382	F	NaN	NaN	NaN
	46007	15.219117457969013	0.1305098081278812	F	NaN	NaN	NaN
	46008	15.23474065502275	0.13128285850467275	F	NaN	NaN	NaN
	46009	15.250266156533945	0.1320832616016887	F	NaN	NaN	NaN
	46010	15.265724820451588	0.1329059123860257	F	NaN	NaN	NaN
	46011	15.281120274876793	0.1337542841924823	F	NaN	NaN	NaN
	46012	15.296469845812087	0.13431918961612674	F	NaN	NaN	NaN
	46013	15.311786733294065	0.13508648708556936	F	NaN	NaN	NaN
	46014	15.327082651400744	0.1360012906225492	F	NaN	NaN	NaN
	46015	15.342372452082259	0.13693874568069145	F	NaN	NaN	NaN
	46016	15.357670157514061	0.13790414415575464	F	NaN	NaN	NaN
	46017	15.37298682559025	0.13889231399700494	F	NaN	NaN	NaN
	46018	15.38829490879767	0.139887775310345	F	NaN	NaN	NaN
	46019	15.403453035887726	0.14082275629990837	F	NaN	NaN	NaN
	46020	15.418611162977781	0.14175773728947175	F	NaN	NaN	NaN
	46021	15.433769290067836	0.14269271827903512	F	NaN	NaN	NaN
	46022	15.448927417157892	0.14362769926859853	F	NaN	NaN	NaN
	46023	15.463887680436239	0.14463118643803463	F	NaN	NaN	NaN
	46024	15.478650079902877	0.14570317978734346	F	NaN	NaN	NaN
	46025	15.493412479369514	0.14677517313665228	F	NaN	NaN	NaN
	46026	15.508174878836153	0.1478471664859611	F	NaN	NaN	NaN
	46027	15.522937278302791	0.14891915983526996	F	NaN	NaN	NaN
	46028	15.53740048167509	0.15020297121214227	F	NaN	NaN	NaN
	46029	15.551788886023804	0.15153973709590687	F	NaN	NaN	NaN
	46030	15.566177290372517	0.15287650297967148	F	NaN	NaN	NaN
	46031	15.580565694721232	0.15421326886343611	F	NaN	NaN	NaN
	46032	15.594918872808702	0.15549120282176127	F	NaN	NaN	NaN
	46033	15.608955014544982	0.1562396494511225	F	NaN	NaN	NaN
	46034	15.622991156281262	0.15698809608048372	F	NaN	NaN	NaN
	46035	15.637027298017543	0.15773654270984497	F	NaN	NaN	NaN
	46036	15.651063439753825	0.1584849893392062	F	NaN	NaN	NaN
	46037	15.66496736944733	0.15957929698619852	F	NaN	NaN	NaN
	46038	15.678672981076671	0.1611923961596501	F	NaN	NaN	NaN
	46039	15.692378592706012	0.16280549533310165	F	NaN	NaN	NaN
	46040	15.706084204335353	0.1644185945065532	F	NaN	NaN	NaN
	46041	15.719789815964694	0.16603169368000475	F	NaN	NaN	NaN
	46042	15.733279269273023	0.1672147340844786	F	NaN	NaN	NaN
	46043	15.746676083300917	0.1682134635879594	F	NaN	NaN	NaN
	46044	15.760072897328811	0.16921219309144025	F	NaN	NaN	NaN
	46045	15.773469711356706	0.17021092259492107	F	NaN	NaN	NaN
	46046	15.7868665253846	0.1712096520984019	F	NaN	NaN	NaN
	46047	15.799976274316538	0.17219740727326727	F	NaN	NaN	NaN
	46048	15.813086023248477	0.17318516244813262	F	NaN	NaN	NaN
	46049	15.826195772180416	0.174172917622998	F	NaN	NaN	NaN
	46050	15.839305521112356	0.17516067279786335	F	NaN	NaN	NaN
	46051	15.852335670267157	0.17622279610781263	F	NaN	NaN	NaN
	46052	15.865180086608634	0.17745844506629468	F	NaN	NaN	NaN
	46053	15.87802450295011	0.17869409402477676	F	NaN	NaN	NaN
	46054	15.890868919291584	0.17992974298325884	F	NaN	NaN	NaN
	46055	15.90371333563306	0.18116539194174092	F	NaN	NaN	NaN
	46056	15.916411591923556	0.18231657490474712	F	NaN	NaN	NaN
	46057	15.929012408180062	0.18341144720410243	F	NaN	NaN	NaN
	46058	15.94161322443657	0.18450631950345775	F	NaN	NaN	NaN
	46059	15.954214040693078	0.1856011918028131	F	NaN	NaN	NaN
	46060	15.966814856949584	0.18669606410216838	F	NaN	NaN	NaN
	46061	15.979215992384564	0.1877792265220214	F	NaN	NaN	NaN
	46062	15.991594941061594	0.18886108784415176	F	NaN	NaN	NaN
	46063	16.003973889738624	0.18994294916628218	F	NaN	NaN	NaN
	46064	16.016352838415653	0.1910248104884126	F	NaN	NaN	NaN
	46065	16.028691760077887	0.19210333936690843	F	NaN	NaN	NaN
	46066	16.040870573680934	0.19316853847086585	F	NaN	NaN	NaN
	46067	16.053049387283977	0.1942337375748232	F	NaN	NaN	NaN
	46068	16.06522820088702	0.19529893667878065	F	NaN	NaN	NaN
	46069	16.077407014490067	0.19636413578273804	F	NaN	NaN	NaN
	46070	16.089496626808863	0.19734969858202506	F	NaN	NaN	NaN
	46071	16.101497037843416	0.19825562507664168	F	NaN	NaN	NaN
	46072	16.11349744887797	0.1991615515712583	F	NaN	NaN	NaN
	46073	16.12549785991252	0.20006747806587494	F	NaN	NaN	NaN
	46074	16.137498270947074	0.20097340456049156	F	NaN	NaN	NaN
	46075	16.149373345931227	0.2018514590524319	F	NaN	NaN	NaN
	46076	16.161217086902784	0.20272254554370303	F	NaN	NaN	NaN
	46077	16.173060827874338	0.20359363203497416	F	NaN	NaN	NaN
	46078	16.18490456884589	0.20446471852624526	F	NaN	NaN	NaN
	46079	16.196734816061692	0.20536059793829103	F	NaN	NaN	NaN
	46080	16.208443619475737	0.2064796136373122	F	NaN	NaN	NaN
	46081	16.220152422889782	0.20759862933633344	F	NaN	NaN	NaN
	46082	16.23186122630383	0.20871764503535462	F	NaN	NaN	NaN
	46083	16.243570029717876	0.20983666073437587	F	NaN	NaN	NaN
	46084	16.255233551111115	0.2108853738893452	F	NaN	NaN	NaN
	46085	16.266829149473146	0.21182863322823417	F	NaN	NaN	NaN
	46086	16.278424747835178	0.21277189256712312	F	NaN	NaN	NaN
	46087	16.290020346197206	0.21371515190601206	F	NaN	NaN	NaN
	46088	16.301615944559238	0.21465841124490104	F	NaN	NaN	NaN
	46089	16.313147512138702	0.2155744208977805	F	NaN	NaN	NaN
	46090	16.32465163795421	0.2164787521137987	F	NaN	NaN	NaN
	46091	16.33615576376972	0.21738308332981682	F	NaN	NaN	NaN
	46092	16.34765988958523	0.21828741454583495	F	NaN	NaN	NaN
	46093	16.35916401540074	0.2191917457618531	F	NaN	NaN	NaN
	46094	16.37059840117522	0.22064855790263865	F	NaN	NaN	NaN
	46095	16.382032786949697	0.22210537004342423	F	NaN	NaN	NaN
	46096	16.393467172724176	0.2235621821842098	F	NaN	NaN	NaN
	46097	16.404901558498654	0.2250189943249954	F	NaN	NaN	NaN
	46098	16.416321542012472	0.2262798124261204	F	NaN	NaN	NaN
	46099	16.427707920251414	0.22708331110136126	F	NaN	NaN	NaN
	46100	16.439094298490357	0.2278868097766021	F	NaN	NaN	NaN
	46101	16.4504806767293	0.22869030845184296	F	NaN	NaN	NaN
	46102	16.461867054968238	0.2294938071270838	F	NaN	NaN	NaN
	46103	16.473237668189153	0.23026416241077857	F	NaN	NaN	NaN
	46104	16.484597771398054	0.2310124221001092	F	NaN	NaN	NaN
	46105	16.49595787460695	0.23176068178943982	F	NaN	NaN	NaN
	46106	16.50731797781585	0.23250894147877044	F	NaN	NaN	NaN
	46107	16.518678081024746	0.23325720116810103	F	NaN	NaN	NaN
	46108	16.530034095961547	0.2339512228557291	F	NaN	NaN	NaN
	46109	16.54138965664589	0.23463921809872318	F	NaN	NaN	NaN
	46110	16.552745217330234	0.23532721334171722	F	NaN	NaN	NaN
	46111	16.56410077801458	0.2360152085847113	F	NaN	NaN	NaN
	46112	16.5754597944209	0.2366659118735867	F	NaN	NaN	NaN
	46113	16.58683263371512	0.23716744734598494	F	NaN	NaN	NaN
	46114	16.59820547300934	0.23766898281838317	F	NaN	NaN	NaN
	46115	16.609578312303558	0.2381705182907814	F	NaN	NaN	NaN
	46116	16.62095115159778	0.2386720537631796	F	NaN	NaN	NaN
	46117	16.632323990892	0.23917358923557785	F	NaN	NaN	NaN
	46118	16.64369683018622	0.23967512470797608	F	NaN	NaN	NaN
	46119	16.65506966948044	0.24017666018037429	F	NaN	NaN	NaN
	46120	16.66644250877466	0.2406781956527725	F	NaN	NaN	NaN
	46121	16.67781534806888	0.24117973112517077	F	NaN	NaN	NaN
	46122	16.6891881873631	0.24168126659756897	F	NaN	NaN	NaN
	46123	16.700562711179877	0.24209209244738936	F	NaN	NaN	NaN
	46124	16.711940881241688	0.2423065721521352	F	NaN	NaN	NaN
	46125	16.7233190513035	0.24252105185688105	F	NaN	NaN	NaN
	46126	16.73469722136531	0.24273553156162686	F	NaN	NaN	NaN
	46127	16.74607539142712	0.24295001126637272	F	NaN	NaN	NaN
	46128	16.757453561488926	0.24316449097111853	F	NaN	NaN	NaN
	46129	16.768831731550737	0.24337897067586436	F	NaN	NaN	NaN
	46130	16.780209901612547	0.24359345038061023	F	NaN	NaN	NaN
	46131	16.791588071674358	0.24380793008535606	F	NaN	NaN	NaN
	46132	16.80296624173617	0.24402240979010192	F	NaN	NaN	NaN
	46133	16.81434441179798	0.24423688949484773	F	NaN	NaN	NaN
	46134	16.825712390896847	0.24434458801561387	F	NaN	NaN	NaN
	46135	16.83706697076667	0.2443118890537405	F	NaN	NaN	NaN
	46136	16.84842155063649	0.2442791900918671	F	NaN	NaN	NaN
	46137	16.85977613050631	0.2442464911299937	F	NaN	NaN	NaN
	46138	16.871130710376136	0.24421379216812028	F	NaN	NaN	NaN
	46139	16.882485290245956	0.2441810932062469	F	NaN	NaN	NaN
	46140	16.893839870115777	0.24414839424437346	F	NaN	NaN	NaN
	46141	16.905194449985597	0.24411569528250004	F	NaN	NaN	NaN
	46142	16.91654902985542	0.24408299632062666	F	NaN	NaN	NaN
	46143	16.92790360972524	0.24405029735875328	F	NaN	NaN	NaN
	46144	16.939258189595062	0.24401759839687986	F	NaN	NaN	NaN
	46145	16.950583993353824	0.24387454647546636	F	NaN	NaN	NaN
	46146	16.96188606207208	0.24364047349983184	F	NaN	NaN	NaN
	46147	16.973188130790334	0.24340640052419737	F	NaN	NaN	NaN
	46148	16.98449019950859	0.24317232754856283	F	NaN	NaN	NaN
	46149	16.995792268226843	0.24293825457292834	F	NaN	NaN	NaN
	46150	17.0070943369451	0.24270418159729384	F	NaN	NaN	NaN
	46151	17.018396405663356	0.24247010862165932	F	NaN	NaN	NaN
	46152	17.02969847438161	0.24223603564602486	F	NaN	NaN	NaN
	46153	17.041000543099866	0.2420019626703903	F	NaN	NaN	NaN
	46154	17.05230261181812	0.24176788969475585	F	NaN	NaN	NaN
	46155	17.063604680536375	0.24153381671912133	F	NaN	NaN	NaN
	46156	17.074852678332828	0.24118926798500648	F	NaN	NaN	NaN
	46157	17.086073314939938	0.2407888158550334	F	NaN	NaN	NaN
	46158	17.097293951547048	0.24038836372506028	F	NaN	NaN	NaN
	46159	17.108514588154158	0.2399879115950872	F	NaN	NaN	NaN
	46160	17.119735224761268	0.23958745946511412	F	NaN	NaN	NaN
	46161	17.130955861368378	0.23918700733514098	F	NaN	NaN	NaN
	46162	17.142176497975488	0.2387865552051679	F	NaN	NaN	NaN
	46163	17.153397134582598	0.23838610307519476	F	NaN	NaN	NaN
	46164	17.164617771189707	0.23798565094522167	F	NaN	NaN	NaN
	46165	17.175838407796817	0.23758519881524856	F	NaN	NaN	NaN
	46166	17.187059044403927	0.23718474668527548	F	NaN	NaN	NaN
	46167	17.198193605615874	0.2365964080873805	F	NaN	NaN	NaN
	46168	17.20930388915226	0.2359550758703277	F	NaN	NaN	NaN
	46169	17.22041417268865	0.23531374365327495	F	NaN	NaN	NaN
	46170	17.231524456225035	0.2346724114362222	F	NaN	NaN	NaN
	46171	17.24263473976142	0.23403107921916938	F	NaN	NaN	NaN
	46172	17.25374502329781	0.23338974700211662	F	NaN	NaN	NaN
	46173	17.264855306834196	0.2327484147850638	F	NaN	NaN	NaN
	46174	17.275965590370582	0.23210708256801107	F	NaN	NaN	NaN
	46175	17.28707587390697	0.2314657503509583	F	NaN	NaN	NaN
	46176	17.298186157443357	0.2308244181339055	F	NaN	NaN	NaN
	46177	17.309296440979743	0.23018308591685271	F	NaN	NaN	NaN
	46178	17.320281934984983	0.22960883591558282	F	NaN	NaN	NaN
	46179	17.33125294449107	0.2290423722429311	F	NaN	NaN	NaN
	46180	17.34222395399716	0.2284759085702794	F	NaN	NaN	NaN
	46181	17.353194963503245	0.2279094448976277	F	NaN	NaN	NaN
	46182	17.36416597300933	0.22734298122497598	F	NaN	NaN	NaN
	46183	17.375136982515418	0.22677651755232425	F	NaN	NaN	NaN
	46184	17.386107992021508	0.22621005387967258	F	NaN	NaN	NaN
	46185	17.397079001527594	0.22564359020702085	F	NaN	NaN	NaN
	46186	17.40805001103368	0.22507712653436918	F	NaN	NaN	NaN
	46187	17.419021020539766	0.22451066286171745	F	NaN	NaN	NaN
	46188	17.42999001170598	0.2239425401723582	F	NaN	NaN	NaN
	46189	17.440792826222186	0.22323782510735313	F	NaN	NaN	NaN
	46190	17.451595640738393	0.22253311004234808	F	NaN	NaN	NaN
	46191	17.4623984552546	0.22182839497734302	F	NaN	NaN	NaN
	46192	17.47320126977081	0.221123679912338	F	NaN	NaN	NaN
	46193	17.48400408428702	0.22041896484733292	F	NaN	NaN	NaN
	46194	17.494806898803226	0.21971424978232784	F	NaN	NaN	NaN
	46195	17.505609713319437	0.2190095347173228	F	NaN	NaN	NaN
	46196	17.516412527835644	0.21830481965231777	F	NaN	NaN	NaN
	46197	17.52721534235185	0.21760010458731271	F	NaN	NaN	NaN
	46198	17.53801815686806	0.21689538952230764	F	NaN	NaN	NaN
	46199	17.54879574054274	0.2162209581738629	F	NaN	NaN	NaN
	46200	17.55940143910949	0.2157528346444908	F	NaN	NaN	NaN
	46201	17.570007137676242	0.21528471111511877	F	NaN	NaN	NaN
	46202	17.58061283624299	0.2148165875857467	F	NaN	NaN	NaN
	46203	17.591218534809745	0.21434846405637464	F	NaN	NaN	NaN
	46204	17.601824233376494	0.21388034052700255	F	NaN	NaN	NaN
	46205	17.612429931943247	0.21341221699763047	F	NaN	NaN	NaN
	46206	17.623035630509996	0.2129440934682584	F	NaN	NaN	NaN
	46207	17.63364132907675	0.21247596993888634	F	NaN	NaN	NaN
	46208	17.644247027643498	0.21200784640951426	F	NaN	NaN	NaN
	46209	17.65485272621025	0.21153972288014222	F	NaN	NaN	NaN
	46210	17.665403271771197	0.211073852038039	F	NaN	NaN	NaN
	46211	17.675782933428913	0.21061496083353942	F	NaN	NaN	NaN
	46212	17.68616259508663	0.21015606962903988	F	NaN	NaN	NaN
	46213	17.696542256744348	0.20969717842454033	F	NaN	NaN	NaN
	46214	17.706921918402063	0.20923828722004076	F	NaN	NaN	NaN
	46215	17.71730158005978	0.20877939601554119	F	NaN	NaN	NaN
	46216	17.727681241717498	0.20832050481104164	F	NaN	NaN	NaN
	46217	17.738060903375214	0.20786161360654204	F	NaN	NaN	NaN
	46218	17.74844056503293	0.2074027224020425	F	NaN	NaN	NaN
	46219	17.758820226690645	0.20694383119754292	F	NaN	NaN	NaN
	46220	17.769199888348364	0.20648493999304335	F	NaN	NaN	NaN
	46221	17.77948776517338	0.2061566584179732	F	NaN	NaN	NaN
	46222	17.789612468962485	0.20606057173966597	F	NaN	NaN	NaN
	46223	17.799737172751588	0.20596448506135867	F	NaN	NaN	NaN
	46224	17.809861876540694	0.20586839838305143	F	NaN	NaN	NaN
	46225	17.8199865803298	0.20577231170474414	F	NaN	NaN	NaN
	46226	17.830111284118903	0.20567622502643684	F	NaN	NaN	NaN
	46227	17.84023598790801	0.20558013834812958	F	NaN	NaN	NaN
	46228	17.850360691697112	0.20548405166982228	F	NaN	NaN	NaN
	46229	17.86048539548622	0.20538796499151502	F	NaN	NaN	NaN
	46230	17.87061009927532	0.20529187831320772	F	NaN	NaN	NaN
	46231	17.880734803064428	0.20519579163490043	F	NaN	NaN	NaN
	46232	17.890724380531314	0.20508472164678854	F	NaN	NaN	NaN
	46233	17.900565205492228	0.20495715742687454	F	NaN	NaN	NaN
	46234	17.910406030453142	0.20482959320696054	F	NaN	NaN	NaN
	46235	17.920246855414057	0.20470202898704656	F	NaN	NaN	NaN
	46236	17.93008768037497	0.20457446476713254	F	NaN	NaN	NaN
	46237	17.93992850533588	0.2044469005472186	F	NaN	NaN	NaN
	46238	17.949769330296796	0.20431933632730456	F	NaN	NaN	NaN
	46239	17.95961015525771	0.2041917721073906	F	NaN	NaN	NaN
	46240	17.969450980218625	0.2040642078874766	F	NaN	NaN	NaN
	46241	17.979291805179535	0.2039366436675626	F	NaN	NaN	NaN
	46242	17.98913263014045	0.2038090794476486	F	NaN	NaN	NaN
	46243	17.998788277627007	0.20357238651273823	F	NaN	NaN	NaN
	46244	18.00831630280015	0.20326048324722132	F	NaN	NaN	NaN
	46245	18.017844327973297	0.20294857998170443	F	NaN	NaN	NaN
	46246	18.02737235314644	0.2026366767161875	F	NaN	NaN	NaN
	46247	18.036900378319586	0.20232477345067057	F	NaN	NaN	NaN
	46248	18.04642840349273	0.20201287018515368	F	NaN	NaN	NaN
	46249	18.055956428665876	0.20170096691963674	F	NaN	NaN	NaN
	46250	18.06548445383902	0.20138906365411985	F	NaN	NaN	NaN
	46251	18.075012479012162	0.20107716038860293	F	NaN	NaN	NaN
	46252	18.08454050418531	0.20076525712308602	F	NaN	NaN	NaN
	46253	18.094068529358452	0.20045335385756913	F	NaN	NaN	NaN
	46254	18.103354616242477	0.20022401449106814	F	NaN	NaN	NaN
	46255	18.112540920668277	0.2000287269021276	F	NaN	NaN	NaN
	46256	18.121727225094073	0.19983343931318714	F	NaN	NaN	NaN
	46257	18.130913529519873	0.1996381517242466	F	NaN	NaN	NaN
	46258	18.140099833945673	0.1994428641353061	F	NaN	NaN	NaN
	46259	18.14928613837147	0.1992475765463656	F	NaN	NaN	NaN
	46260	18.15847244279727	0.19905228895742508	F	NaN	NaN	NaN
	46261	18.167658747223065	0.19885700136848455	F	NaN	NaN	NaN
	46262	18.176845051648865	0.19866171377954406	F	NaN	NaN	NaN
	46263	18.186031356074665	0.19846642619060356	F	NaN	NaN	NaN
	46264	18.19521766050046	0.198271138601663	F	NaN	NaN	NaN
	46265	18.204098556159757	0.19809140454617385	F	NaN	NaN	NaN
	46266	18.21291421887863	0.1979149926046259	F	NaN	NaN	NaN
	46267	18.221729881597504	0.1977385806630779	F	NaN	NaN	NaN
	46268	18.230545544316378	0.19756216872152993	F	NaN	NaN	NaN
	46269	18.23936120703525	0.197385756779982	F	NaN	NaN	NaN
	46270	18.248176869754126	0.197209344838434	F	NaN	NaN	NaN
	46271	18.256992532473	0.19703293289688606	F	NaN	NaN	NaN
	46272	18.265808195191873	0.19685652095533807	F	NaN	NaN	NaN
	46273	18.274623857910747	0.1966801090137901	F	NaN	NaN	NaN
	46274	18.28343952062962	0.1965036970722421	F	NaN	NaN	NaN
	46275	18.292255183348495	0.19632728513069414	F	NaN	NaN	NaN
	46276	18.300695257160857	0.19620335014983684	F	NaN	NaN	NaN
	46277	18.30911135721323	0.19608276476221542	F	NaN	NaN	NaN
	46278	18.317527457265598	0.19596217937459398	F	NaN	NaN	NaN
	46279	18.32594355731797	0.19584159398697254	F	NaN	NaN	NaN
	46280	18.334359657370342	0.1957210085993511	F	NaN	NaN	NaN
	46281	18.34277575742271	0.19560042321172968	F	NaN	NaN	NaN
	46282	18.351191857475083	0.19547983782410822	F	NaN	NaN	NaN
	46283	18.359607957527455	0.19535925243648683	F	NaN	NaN	NaN
	46284	18.368024057579824	0.19523866704886536	F	NaN	NaN	NaN
	46285	18.376440157632196	0.19511808166124395	F	NaN	NaN	NaN
	46286	18.384832262601506	0.19499416709265063	F	NaN	NaN	NaN
	46287	18.392819879027797	0.19481413204481374	F	NaN	NaN	NaN
	46288	18.40080749545409	0.19463409699697684	F	NaN	NaN	NaN
	46289	18.408795111880377	0.19445406194914	F	NaN	NaN	NaN
	46290	18.416782728306668	0.19427402690130308	F	NaN	NaN	NaN
	46291	18.424770344732956	0.1940939918534662	F	NaN	NaN	NaN
	46292	18.432757961159247	0.19391395680562928	F	NaN	NaN	NaN
	46293	18.44074557758554	0.19373392175779244	F	NaN	NaN	NaN
	46294	18.448733194011826	0.19355388670995555	F	NaN	NaN	NaN
	46295	18.456720810438117	0.19337385166211865	F	NaN	NaN	NaN
	46296	18.464708426864405	0.19319381661428175	F	NaN	NaN	NaN
	46297	18.472617369701965	0.19299554870544738	F	NaN	NaN	NaN
	46298	18.480147581542596	0.19270950865181036	F	NaN	NaN	NaN
	46299	18.487677793383227	0.19242346859817328	F	NaN	NaN	NaN
	46300	18.495208005223862	0.19213742854453625	F	NaN	NaN	NaN
	46301	18.502738217064493	0.19185138849089917	F	NaN	NaN	NaN
	46302	18.510268428905125	0.19156534843726208	F	NaN	NaN	NaN
	46303	18.517798640745756	0.19127930838362503	F	NaN	NaN	NaN
	46304	18.52532885258639	0.19099326832998795	F	NaN	NaN	NaN
	46305	18.532859064427022	0.1907072282763509	F	NaN	NaN	NaN
	46306	18.540389276267653	0.1904211882227138	F	NaN	NaN	NaN
	46307	18.54791948810829	0.19013514816907678	F	NaN	NaN	NaN
	46308	18.55530963819189	0.18982233464104864	F	NaN	NaN	NaN
	46309	18.562353524487285	0.189443331134665	F	NaN	NaN	NaN
	46310	18.56939741078268	0.18906432762828135	F	NaN	NaN	NaN
	46311	18.576441297078073	0.18868532412189767	F	NaN	NaN	NaN
	46312	18.58348518337347	0.188306320615514	F	NaN	NaN	NaN
	46313	18.590529069668865	0.18792731710913035	F	NaN	NaN	NaN
	46314	18.59757295596426	0.1875483136027467	F	NaN	NaN	NaN
	46315	18.604616842259652	0.187169310096363	F	NaN	NaN	NaN
	46316	18.611660728555048	0.18679030658997936	F	NaN	NaN	NaN
	46317	18.618704614850444	0.1864113030835957	F	NaN	NaN	NaN
	46318	18.62574850114584	0.18603229957721204	F	NaN	NaN	NaN
	46319	18.63258422785329	0.18556234610484462	F	NaN	NaN	NaN
	46320	18.63911286764387	0.18495821892028055	F	NaN	NaN	NaN
	46321	18.64564150743445	0.1843540917357165	F	NaN	NaN	NaN
	46322	18.652170147225032	0.18374996455115244	F	NaN	NaN	NaN
	46323	18.65869878701561	0.1831458373665884	F	NaN	NaN	NaN
	46324	18.66522742680619	0.18254171018202436	F	NaN	NaN	NaN
	46325	18.67175606659677	0.18193758299746032	F	NaN	NaN	NaN
	46326	18.678284706387352	0.18133345581289625	F	NaN	NaN	NaN
	46327	18.684813346177933	0.18072932862833221	F	NaN	NaN	NaN
	46328	18.691341985968513	0.18012520144376815	F	NaN	NaN	NaN
	46329	18.69787062575909	0.1795210742592041	F	NaN	NaN	NaN
	46330	18.70426463394666	0.17887531636876874	F	NaN	NaN	NaN
	46331	18.710535843195743	0.1781922846283672	F	NaN	NaN	NaN
	46332	18.71681753061109	0.17751744652292087	F	NaN	NaN	NaN
	46333	18.723102719588457	0.17684902192301763	F	NaN	NaN	NaN
	46334	18.729388456153824	0.17618575360256997	F	NaN	NaN	NaN
	46335	18.735672638377352	0.1755280517678026	F	NaN	NaN	NaN
	46336	18.741947985198603	0.17487765314404513	F	NaN	NaN	NaN
	46337	18.748213786334876	0.17423171124291278	F	NaN	NaN	NaN
	46338	18.754468564199524	0.17359012557291986	F	NaN	NaN	NaN
	46339	18.760702952887513	0.17295442155126534	F	NaN	NaN	NaN
	46340	18.76691435584931	0.17232345540156144	F	NaN	NaN	NaN
	46341	18.773104642266496	0.17169616170152002	F	NaN	NaN	NaN
	46342	18.7792701447656	0.171072702231594	F	NaN	NaN	NaN
	46343	18.78539268680753	0.17045437924846835	F	NaN	NaN	NaN
	46344	18.79148401903187	0.1698390479485602	F	NaN	NaN	NaN
	46345	18.797542663851978	0.16922661007707543	F	NaN	NaN	NaN
	46346	18.803551301319953	0.16861791312378593	F	NaN	NaN	NaN
	46347	18.809509216606067	0.16801225216105342	F	NaN	NaN	NaN
	46348	18.815424351214965	0.16740883399773385	F	NaN	NaN	NaN
	46349	18.821292721496988	0.166807663145563	F	NaN	NaN	NaN
	46350	18.827082757099493	0.1662095225970637	F	NaN	NaN	NaN
	46351	18.8328199187518	0.1656130539873904	F	NaN	NaN	NaN
	46352	18.83850272886726	0.1650181884304705	F	NaN	NaN	NaN
	46353	18.844107162622556	0.16442532184809328	F	NaN	NaN	NaN
	46354	18.84963188857289	0.1638341439489899	F	NaN	NaN	NaN
	46355	18.855092169713398	0.16324420549775503	F	NaN	NaN	NaN
	46356	18.860484955285685	0.16265549422228934	F	NaN	NaN	NaN
	46357	18.86576278278866	0.16206866946841858	F	NaN	NaN	NaN
	46358	18.870998431333188	0.16148816009764855	F	NaN	NaN	NaN
	46359	18.876201291605742	0.16091678092728556	F	NaN	NaN	NaN
	46360	18.881389990227916	0.1603601483569935	F	NaN	NaN	NaN
	46361	18.88655866729899	0.1598211965482669	F	NaN	NaN	NaN
	46362	18.891710795991738	0.1590837075500235	F	NaN	NaN	NaN
	46363	18.896845278787538	0.1582658682858486	F	NaN	NaN	NaN
	46364	18.90195640015152	0.15776567248574913	F	NaN	NaN	NaN
	46365	18.907039153701398	0.15728310523518513	F	NaN	NaN	NaN
	46366	18.912098502944943	0.1568141062079796	F	NaN	NaN	NaN
	46367	18.91713335036353	0.15635877788454491	F	NaN	NaN	NaN
	46368	18.92213482412002	0.15592105547224466	F	NaN	NaN	NaN
	46369	18.927100396248246	0.155180002615252	F	NaN	NaN	NaN
	46370	18.932035708142134	0.15456608824023713	F	NaN	NaN	NaN
	46371	18.936939662283056	0.15416735981682975	F	NaN	NaN	NaN
	46372	18.941799418082738	0.15378816236355908	F	NaN	NaN	NaN
	46373	18.946616550888855	0.1534269621813093	F	NaN	NaN	NaN
	46374	18.951396567532626	0.1528916640429498	F	NaN	NaN	NaN
	46375	18.95613837049543	0.15216805876392273	F	NaN	NaN	NaN
	46376	18.96082433798901	0.15185345823627122	F	NaN	NaN	NaN
	46377	18.965461773572564	0.1518549255286329	F	NaN	NaN	NaN
	46378	18.97005523706576	0.15181179736748046	F	NaN	NaN	NaN
	46379	18.974603630949986	0.15154176484466464	F	NaN	NaN	NaN
	46380	18.97908373978815	0.15129647190116385	F	NaN	NaN	NaN
	46381	18.983510220248686	0.15107027106823487	F	NaN	NaN	NaN
	46382	18.987885872690857	0.1508620237258308	F	NaN	NaN	NaN
	46383	18.992209599596045	0.15067200114361332	F	NaN	NaN	NaN
	46384	18.996451779429496	0.15051030631234708	F	NaN	NaN	NaN
	46385	19.00059959572629	0.15040250750489334	F	NaN	NaN	NaN
	46386	19.00470093446025	0.15032125450021314	F	NaN	NaN	NaN
	46387	19.00880227319421	0.15024000149553293	F	NaN	NaN	NaN
	46388	19.01290361192817	0.15015874849085273	F	NaN	NaN	NaN
	46389	19.017004950662127	0.15007749548617252	F	NaN	NaN	NaN
	46390	19.02096290040002	0.1502521000485687	F	NaN	NaN	NaN
	46391	19.024867950296102	0.15052109696459642	F	NaN	NaN	NaN
	46392	19.028773000192185	0.15079009388062414	F	NaN	NaN	NaN
	46393	19.03267805008827	0.15105909079665186	F	NaN	NaN	NaN
	46394	19.03658309998435	0.15132808771267955	F	NaN	NaN	NaN
	46395	19.040333057142846	0.1514359898745934	F	NaN	NaN	NaN
	46396	19.044042035309992	0.1515013271773286	F	NaN	NaN	NaN
	46397	19.047751013477136	0.15156666448006376	F	NaN	NaN	NaN
	46398	19.051459991644283	0.15163200178279895	F	NaN	NaN	NaN
	46399	19.055168969811426	0.15169733908553412	F	NaN	NaN	NaN
	46400	19.05871117776964	0.15200105894462715	F	NaN	NaN	NaN
	46401	19.06222430131679	0.1523463522736203	F	NaN	NaN	NaN
	46402	19.065737424863933	0.15269164560261347	F	NaN	NaN	NaN
	46403	19.069250548411077	0.15303693893160664	F	NaN	NaN	NaN
	46404	19.072763671958224	0.15338223226059977	F	NaN	NaN	NaN
	46405	19.07609837409528	0.15388941708774645	F	NaN	NaN	NaN
	46406	19.079415860131366	0.1544122230243647	F	NaN	NaN	NaN
	46407	19.08273334616745	0.15493502896098293	F	NaN	NaN	NaN
	46408	19.086050832203536	0.15545783489760118	F	NaN	NaN	NaN
	46409	19.08936831823962	0.15598064083421942	F	NaN	NaN	NaN
	46410	19.092495757934643	0.1569782906993841	F	NaN	NaN	NaN
	46411	19.095617823568602	0.1579893680278258	F	NaN	NaN	NaN
	46412	19.098739889202566	0.15900044535626745	F	NaN	NaN	NaN
	46413	19.101861954836526	0.16001152268470914	F	NaN	NaN	NaN
	46414	19.10497757876181	0.16101760688742028	F	NaN	NaN	NaN
	46415	19.10790444110259	0.1618773773755237	F	NaN	NaN	NaN
	46416	19.11083130344337	0.1627371478636271	F	NaN	NaN	NaN
	46417	19.113758165784148	0.1635969183517305	F	NaN	NaN	NaN
	46418	19.116685028124923	0.16445668883983394	F	NaN	NaN	NaN
	46419	19.119593659257475	0.16531033874877188	F	NaN	NaN	NaN
	46420	19.122325535414006	0.1661046484971344	F	NaN	NaN	NaN
	46421	19.12505741157054	0.16689895824549694	F	NaN	NaN	NaN
	46422	19.127789287727072	0.1676932679938595	F	NaN	NaN	NaN
	46423	19.130521163883603	0.16848757774222203	F	NaN	NaN	NaN
	46424	19.13322304560254	0.16930543120434194	F	NaN	NaN	NaN
	46425	19.135760152683766	0.17025262221087423	F	NaN	NaN	NaN
	46426	19.13829725976499	0.17119981321740652	F	NaN	NaN	NaN
	46427	19.140834366846214	0.17214700422393883	F	NaN	NaN	NaN
	46428	19.14337147392744	0.17309419523047112	F	NaN	NaN	NaN
	46429	19.14586684961188	0.1741030680976848	F	NaN	NaN	NaN
	46430	19.14820940472674	0.17533782022628203	F	NaN	NaN	NaN
	46431	19.150551959841593	0.1765725723548793	F	NaN	NaN	NaN
	46432	19.15289451495645	0.17780732448347655	F	NaN	NaN	NaN
	46433	19.15523707007131	0.1790420766120738	F	NaN	NaN	NaN
	46434	19.157526183100373	0.1803586473203343	F	NaN	NaN	NaN
	46435	19.1596744033578	0.18189092155680414	F	NaN	NaN	NaN
	46436	19.161822623615226	0.18342319579327399	F	NaN	NaN	NaN
	46437	19.163970843872654	0.18495547002974383	F	NaN	NaN	NaN
	46438	19.166119064130083	0.18648774426621367	F	NaN	NaN	NaN
	46439	19.168202157882888	0.1879426375193171	F	NaN	NaN	NaN
	46440	19.170156260391824	0.18924426799016508	F	NaN	NaN	NaN
	46441	19.17211036290076	0.19054589846101297	F	NaN	NaN	NaN
	46442	19.174064465409696	0.1918475289318609	F	NaN	NaN	NaN
	46443	19.176018567918632	0.19314915940270883	F	NaN	NaN	NaN
	46444	19.177895885774305	0.19460123337738122	F	NaN	NaN	NaN
	46445	19.179656087643686	0.19628277168616923	F	NaN	NaN	NaN
	46446	19.18141628951307	0.19796430999495723	F	NaN	NaN	NaN
	46447	19.183176491382454	0.19964584830374515	F	NaN	NaN	NaN
	46448	19.184936693251835	0.20132738661253316	F	NaN	NaN	NaN
	46449	19.186608478589495	0.20312998938891308	F	NaN	NaN	NaN
	46450	19.188174996928264	0.2050767291601149	F	NaN	NaN	NaN
	46451	19.18974151526703	0.20702346893131673	F	NaN	NaN	NaN
	46452	19.1913080336058	0.20897020870251853	F	NaN	NaN	NaN
	46453	19.19287455194457	0.2109169484737203	F	NaN	NaN	NaN
	46454	19.194341048143333	0.21294317202926177	F	NaN	NaN	NaN
	46455	19.195714100060425	0.21504365219570468	F	NaN	NaN	NaN
	46456	19.197087151977517	0.21714413236214758	F	NaN	NaN	NaN
	46457	19.19846020389461	0.2192446125285905	F	NaN	NaN	NaN
	46458	19.199833255811704	0.22134509269503344	F	NaN	NaN	NaN
	46459	19.20109470625069	0.22353027572319933	F	NaN	NaN	NaN
	46460	19.202274508855044	0.22577742751167357	F	NaN	NaN	NaN
	46461	19.2034543114594	0.2280245793001478	F	NaN	NaN	NaN
	46462	19.204634114063754	0.23027173108862203	F	NaN	NaN	NaN
	46463	19.20581391666811	0.23251888287709624	F	NaN	NaN	NaN
	46464	19.206870564726444	0.23475730655566004	F	NaN	NaN	NaN
	46465	19.207857335127	0.23699077792107714	F	NaN	NaN	NaN
	46466	19.208844105527557	0.23922424928649422	F	NaN	NaN	NaN
	46467	19.209830875928116	0.24145772065191135	F	NaN	NaN	NaN
	46468	19.210817646328675	0.24369119201732847	F	NaN	NaN	NaN
	46469	19.21166973538547	0.24611350161527026	F	NaN	NaN	NaN
	46470	19.212463690691166	0.24861732120191155	F	NaN	NaN	NaN
	46471	19.213257645996865	0.25112114078855285	F	NaN	NaN	NaN
	46472	19.21405160130256	0.25362496037519416	F	NaN	NaN	NaN
	46473	19.214845556608257	0.2561287799618354	F	NaN	NaN	NaN
	46474	19.21549333004264	0.25885565857171566	F	NaN	NaN	NaN
	46475	19.216094687362414	0.26165336356446955	F	NaN	NaN	NaN
	46476	19.21669604468219	0.26445106855722345	F	NaN	NaN	NaN
	46477	19.217297402001964	0.26724877354997734	F	NaN	NaN	NaN
	46478	19.21789875932174	0.2700464785427312	F	NaN	NaN	NaN
	46479	19.21834246051283	0.2726599986063228	F	NaN	NaN	NaN
	46480	19.21875143695562	0.2752329507874076	F	NaN	NaN	NaN
	46481	19.219160413398413	0.2778059029684925	F	NaN	NaN	NaN
	46482	19.219569389841205	0.2803788551495773	F	NaN	NaN	NaN
	46483	19.219978366283996	0.2829518073306621	F	NaN	NaN	NaN