###################### HEADER ######################
# SNNAME:	SN1994I
###################### HEADER ######################


# FILTER B
#        MJD  MAG  MAGERR  Upperlimit  Instrument  Telescope  Source
	49445	14.24076479567426	0.15051055090098586	F	NaN	NaN	NaN
	49446	14.079344922772604	0.12055005483402158	F	NaN	NaN	NaN
	49447	13.957319846750991	0.09546610628635677	F	NaN	NaN	NaN
	49448	13.874285601712458	0.07487691176113477	F	NaN	NaN	NaN
	49449	13.829216094778044	0.05968027745911422	F	NaN	NaN	NaN
	49450	13.824620954964953	0.050915671044028436	F	NaN	NaN	NaN
	49451	13.861052669522527	0.04942575231685443	F	NaN	NaN	NaN
	49452	13.940777279317153	0.06001198183897101	F	NaN	NaN	NaN
	49453	14.037509991153238	0.06443917794295367	F	NaN	NaN	NaN
	49454	14.15356763943977	0.038989173451096364	F	NaN	NaN	NaN
	49455	14.28664340464508	0.0916127257970293	F	NaN	NaN	NaN
	49456	14.423770304574491	0.1510761353771865	F	NaN	NaN	NaN
	49457	14.572609278574022	0.2069292713710433	F	NaN	NaN	NaN
	49458	14.732608871136678	0.25075865872525954	F	NaN	NaN	NaN
	49459	14.90351273392456	0.2904317220037276	F	NaN	NaN	NaN
	49460	15.067574599017536	0.33331440316110084	F	NaN	NaN	NaN
	49461	15.209575207484413	0.3797217767493218	F	NaN	NaN	NaN
	49462	15.332391420853002	0.41591307835268876	F	NaN	NaN	NaN
	49463	15.43911146938099	0.4410109562760653	F	NaN	NaN	NaN
	49464	15.531039675071183	0.4560294338805358	F	NaN	NaN	NaN
	49465	15.610207131992954	0.4621394778340213	F	NaN	NaN	NaN
	49466	15.678205472836362	0.460942377854172	F	NaN	NaN	NaN
	49467	15.737008288071426	0.4534165180109246	F	NaN	NaN	NaN
	49468	15.788264713987562	0.4409609007033479	F	NaN	NaN	NaN
	49469	15.833890837455437	0.4256525027121318	F	NaN	NaN	NaN
	49470	15.8756299233803	0.40801950804598774	F	NaN	NaN	NaN
	49471	15.915230626161426	0.3884796350869118	F	NaN	NaN	NaN
	49472	15.954550926618078	0.37033476633716267	F	NaN	NaN	NaN
	49473	15.995377023546238	0.3547126213257617	F	NaN	NaN	NaN
	49474	16.039505882833186	0.34100324720130903	F	NaN	NaN	NaN
	49475	16.088734470366198	0.3310087889395476	F	NaN	NaN	NaN
	49476	16.14248257363322	0.3235590295889449	F	NaN	NaN	NaN
	49477	16.194837385018097	0.3142920438047513	F	NaN	NaN	NaN
	49478	16.245394769041756	0.30258372704362974	F	NaN	NaN	NaN
	49479	16.29422628501577	0.28902021350777335	F	NaN	NaN	NaN
	49480	16.341398521550037	0.2746308912989885	F	NaN	NaN	NaN
	49481	16.386960186138218	0.2590765782600325	F	NaN	NaN	NaN
	49482	16.430995013316362	0.24340780936289014	F	NaN	NaN	NaN
	49483	16.473566571073498	0.22630463641079193	F	NaN	NaN	NaN
	49484	16.514742418596605	0.20870090122517398	F	NaN	NaN	NaN
	49485	16.554589988619774	0.19195258465466997	F	NaN	NaN	NaN
	49486	16.593181621232322	0.17626438936649838	F	NaN	NaN	NaN
	49487	16.630570754218443	0.16061840731951427	F	NaN	NaN	NaN
	49488	16.66683835541217	0.1464806211109686	F	NaN	NaN	NaN
	49489	16.702047427066045	0.1332784068363876	F	NaN	NaN	NaN
	49490	16.736265390660076	0.12206931225421641	F	NaN	NaN	NaN
	49491	16.769557613365535	0.11272257793915315	F	NaN	NaN	NaN
	49492	16.801993327859492	0.10568582564388576	F	NaN	NaN	NaN
	49493	16.833643459692613	0.10027681776369324	F	NaN	NaN	NaN
	49494	16.8644291795733	0.09676665696928566	F	NaN	NaN	NaN
	49495	16.893946665761693	0.09389041605296103	F	NaN	NaN	NaN
	49496	16.92215454250398	0.0924626765115504	F	NaN	NaN	NaN
	49497	16.949073891080115	0.09175145325355735	F	NaN	NaN	NaN
	49498	16.974671012108125	0.0934832581513522	F	NaN	NaN	NaN
	49499	16.998967678333536	0.09612348610938448	F	NaN	NaN	NaN
	49500	17.02195999120708	0.10175701514166183	F	NaN	NaN	NaN
	49501	17.043615918175238	0.10864919330332386	F	NaN	NaN	NaN
	49502	17.063973153485136	0.11786150807826923	F	NaN	NaN	NaN
	49503	17.082996327080128	0.12806956482513876	F	NaN	NaN	NaN
	49504	17.100695719667243	0.13978661342262147	F	NaN	NaN	NaN
	49505	17.11705134526723	0.1534319379317603	F	NaN	NaN	NaN
	49506	17.132097259904313	0.16830799685289544	F	NaN	NaN	NaN
	49507	17.145807128946387	0.1831402512489132	F	NaN	NaN	NaN
	49508	17.158163783631938	0.20118390225656765	F	NaN	NaN	NaN
	49509	17.169182855183877	0.22098101601934544	F	NaN	NaN	NaN
	49510	17.17886129013808	0.24084962232272855	F	NaN	NaN	NaN
	49511	17.18719603503043	0.2617136412653407	F	NaN	NaN	NaN

# FILTER I
#        MJD  MAG  MAGERR  Upperlimit  Instrument  Telescope  Source
	49445	13.567259216256721	0.014914060659172727	F	NaN	NaN	NaN
	49446	13.240338910076671	0.014529142913263885	F	NaN	NaN	NaN
	49447	12.976312807176848	0.017435795439561648	F	NaN	NaN	NaN
	49448	12.774045684714903	0.020889502158047787	F	NaN	NaN	NaN
	49449	12.639568516619265	0.027033256557992595	F	NaN	NaN	NaN
	49450	12.555039869346171	0.0352688771055066	F	NaN	NaN	NaN
	49451	12.506311621886224	0.033351956302055855	F	NaN	NaN	NaN
	49452	12.501115186855548	0.02715826420639211	F	NaN	NaN	NaN
	49453	12.508449846472592	0.018097027798586962	F	NaN	NaN	NaN
	49454	12.540357543284257	0.02181867688255086	F	NaN	NaN	NaN
	49455	12.579371470086432	0.028523655331445096	F	NaN	NaN	NaN
	49456	12.628320888679562	0.028872706251799177	F	NaN	NaN	NaN
	49457	12.693499917568142	0.019721106927518196	F	NaN	NaN	NaN
	49458	12.779773450590083	0.018290178974955898	F	NaN	NaN	NaN
	49459	12.877059002090968	0.019261119837136426	F	NaN	NaN	NaN
	49460	12.973009498851363	0.021019294232910338	F	NaN	NaN	NaN
	49461	13.060886268787371	0.01976823062403507	F	NaN	NaN	NaN
	49462	13.145858748495783	0.0218608622004465	F	NaN	NaN	NaN
	49463	13.230937757292093	0.02904291210652169	F	NaN	NaN	NaN
	49464	13.318812546014062	0.03523424853301846	F	NaN	NaN	NaN
	49465	13.414415105479573	0.04341924476432697	F	NaN	NaN	NaN
	49466	13.51431665132257	0.054112274190376786	F	NaN	NaN	NaN
	49467	13.613128069837941	0.06405641860460845	F	NaN	NaN	NaN
	49468	13.705452066634834	0.06883592788214923	F	NaN	NaN	NaN
	49469	13.787527294930708	0.06539937599441992	F	NaN	NaN	NaN
	49470	13.863504494409254	0.05754077709053988	F	NaN	NaN	NaN
	49471	13.932972424640644	0.03970828290525381	F	NaN	NaN	NaN
	49472	13.99100180845174	0.03196093214831232	F	NaN	NaN	NaN
	49473	14.032480083809979	0.02813441748666587	F	NaN	NaN	NaN
	49474	14.0699953250187	0.029748457351979868	F	NaN	NaN	NaN
	49475	14.111552525094472	0.030858979729611567	F	NaN	NaN	NaN
	49476	14.154851609827839	0.02769124910446819	F	NaN	NaN	NaN
	49477	14.201277379682075	0.020542753742415217	F	NaN	NaN	NaN
	49478	14.246023406399003	0.01943097176017097	F	NaN	NaN	NaN
	49479	14.285798320681774	0.01990857696553326	F	NaN	NaN	NaN
	49480	14.32361029646725	0.020306301023804468	F	NaN	NaN	NaN
	49481	14.362565898512358	0.02135043542700721	F	NaN	NaN	NaN
	49482	14.402018209411006	0.019455406638822306	F	NaN	NaN	NaN
	49483	14.441838444747255	0.01623316948983595	F	NaN	NaN	NaN
	49484	14.479299668246204	0.020181094068122362	F	NaN	NaN	NaN
	49485	14.511728933417821	0.021971089665328195	F	NaN	NaN	NaN
	49486	14.538326072717911	0.02120753518027973	F	NaN	NaN	NaN
	49487	14.562524272973661	0.02064414340752773	F	NaN	NaN	NaN
	49488	14.588202729278441	0.019985030039300897	F	NaN	NaN	NaN
	49489	14.616641357239418	0.0199355475137858	F	NaN	NaN	NaN
	49490	14.63895520252474	0.02526105593373876	F	NaN	NaN	NaN
	49491	14.663909974006417	0.03230991021062861	F	NaN	NaN	NaN
	49492	14.70157608244638	0.03199312371537255	F	NaN	NaN	NaN
	49493	14.746015805584625	0.03755345621384419	F	NaN	NaN	NaN
	49494	14.787576045811441	0.04343243562238841	F	NaN	NaN	NaN
	49495	14.837969089446563	0.033543808671545126	F	NaN	NaN	NaN
	49496	14.876235630855627	0.0362680502301589	F	NaN	NaN	NaN
	49497	14.90470598138701	0.03543232004467872	F	NaN	NaN	NaN
	49498	14.92872731911724	0.034560450202109703	F	NaN	NaN	NaN
	49499	14.95061265263624	0.03544807683148551	F	NaN	NaN	NaN
	49500	14.972674990533944	0.037396564726121906	F	NaN	NaN	NaN
	49501	14.997234260866566	0.03947290620984081	F	NaN	NaN	NaN
	49502	15.024409770176641	0.04028177857044873	F	NaN	NaN	NaN
	49503	15.052010109436806	0.040323903776013366	F	NaN	NaN	NaN
	49504	15.079797591618512	0.039930822320149016	F	NaN	NaN	NaN
	49505	15.107600967175848	0.03896842852623188	F	NaN	NaN	NaN
	49506	15.136187552230739	0.037564356293018755	F	NaN	NaN	NaN
	49507	15.165008804058298	0.036531777271380475	F	NaN	NaN	NaN
	49508	15.193960996969128	0.03666113787434501	F	NaN	NaN	NaN
	49509	15.223064513095705	0.03853659364346405	F	NaN	NaN	NaN
	49510	15.252333693317848	0.041645854655878875	F	NaN	NaN	NaN
	49511	15.28178775758002	0.047236933624245844	F	NaN	NaN	NaN
	49512	15.311441330279521	0.055406630836448145	F	NaN	NaN	NaN
	49513	15.341314058167924	0.06541137033026713	F	NaN	NaN	NaN
	49514	15.371423033398257	0.07694971314121722	F	NaN	NaN	NaN

# FILTER R
#        MJD  MAG  MAGERR  Upperlimit  Instrument  Telescope  Source
	49445	13.659546337868708	0.04372405595291272	F	NaN	NaN	NaN
	49446	13.360514580275098	0.03306418908535475	F	NaN	NaN	NaN
	49447	13.113005062468464	0.0316652028424448	F	NaN	NaN	NaN
	49448	12.917793222087234	0.03498395062584541	F	NaN	NaN	NaN
	49449	12.783654576730052	0.03591130958643579	F	NaN	NaN	NaN
	49450	12.702313006137047	0.03688314209805457	F	NaN	NaN	NaN
	49451	12.661170826910055	0.037131069258062976	F	NaN	NaN	NaN
	49452	12.655082735216924	0.029796256228217875	F	NaN	NaN	NaN
	49453	12.69023377153204	0.028980679938050025	F	NaN	NaN	NaN
	49454	12.743481033840963	0.026850882825854787	F	NaN	NaN	NaN
	49455	12.81456662778093	0.023982498990338698	F	NaN	NaN	NaN
	49456	12.90186189642185	0.022637789016389402	F	NaN	NaN	NaN
	49457	12.995885099266392	0.024496874071666404	F	NaN	NaN	NaN
	49458	13.105503906566398	0.02586300684606606	F	NaN	NaN	NaN
	49459	13.22316527312167	0.029341174916847013	F	NaN	NaN	NaN
	49460	13.339789671151122	0.03241635554839118	F	NaN	NaN	NaN
	49461	13.451191482191634	0.03428483419136912	F	NaN	NaN	NaN
	49462	13.567951671153276	0.03671348453092993	F	NaN	NaN	NaN
	49463	13.688183727893794	0.039580245576839944	F	NaN	NaN	NaN
	49464	13.80869470847673	0.04369315421541631	F	NaN	NaN	NaN
	49465	13.926293457871694	0.048583400095806584	F	NaN	NaN	NaN
	49466	14.037810444977968	0.054160392971494845	F	NaN	NaN	NaN
	49467	14.141015245900077	0.06007704725434389	F	NaN	NaN	NaN
	49468	14.241926552208724	0.06812514004933358	F	NaN	NaN	NaN
	49469	14.339396053889919	0.0781586834557838	F	NaN	NaN	NaN
	49470	14.429991432673823	0.0853967290418806	F	NaN	NaN	NaN
	49471	14.510597285149831	0.08562179468519006	F	NaN	NaN	NaN
	49472	14.582342886365156	0.08290886540896084	F	NaN	NaN	NaN
	49473	14.647391285565513	0.07919249261213254	F	NaN	NaN	NaN
	49474	14.707526328458519	0.07482850779863436	F	NaN	NaN	NaN
	49475	14.764528507820934	0.06970781225811029	F	NaN	NaN	NaN
	49476	14.816427112492603	0.060782080107710024	F	NaN	NaN	NaN
	49477	14.85799239121481	0.0493044640629324	F	NaN	NaN	NaN
	49478	14.897399849457363	0.04571930757782336	F	NaN	NaN	NaN
	49479	14.9415275199418	0.04409755626742702	F	NaN	NaN	NaN
	49480	14.984108275354602	0.043373447026762074	F	NaN	NaN	NaN
	49481	15.024152823350684	0.0426668635722849	F	NaN	NaN	NaN
	49482	15.062354451042276	0.043315772060739686	F	NaN	NaN	NaN
	49483	15.099404363851253	0.04635344531633973	F	NaN	NaN	NaN
	49484	15.135999764380148	0.04971599443513209	F	NaN	NaN	NaN
	49485	15.172643176316907	0.05085307129878887	F	NaN	NaN	NaN
	49486	15.207196068660414	0.05017669291909361	F	NaN	NaN	NaN
	49487	15.239590356562744	0.047904879815705445	F	NaN	NaN	NaN
	49488	15.27079059956062	0.04722644074379061	F	NaN	NaN	NaN
	49489	15.301753629505564	0.04844118717744965	F	NaN	NaN	NaN
	49490	15.333440912626957	0.04900516503577222	F	NaN	NaN	NaN
	49491	15.365945856500488	0.048085695621044644	F	NaN	NaN	NaN
	49492	15.397953078251824	0.04717374254784142	F	NaN	NaN	NaN
	49493	15.429450584155491	0.04661195195752299	F	NaN	NaN	NaN
	49494	15.460474957297958	0.0465108949834508	F	NaN	NaN	NaN
	49495	15.491091903304087	0.045774887993402076	F	NaN	NaN	NaN
	49496	15.521440267974949	0.0453495522961087	F	NaN	NaN	NaN
	49497	15.551564692407686	0.0454113955075487	F	NaN	NaN	NaN
	49498	15.581494325111278	0.04586764529637665	F	NaN	NaN	NaN
	49499	15.61126018952858	0.04655408535360179	F	NaN	NaN	NaN
	49500	15.640893309102454	0.0473493997117081	F	NaN	NaN	NaN
	49501	15.670424598540803	0.04811057957523819	F	NaN	NaN	NaN
	49502	15.699885223746042	0.04845259443780983	F	NaN	NaN	NaN
	49503	15.729260473589344	0.05002554079112333	F	NaN	NaN	NaN
	49504	15.758439914617604	0.052432242061087646	F	NaN	NaN	NaN
	49505	15.787421058240508	0.05566881748113249	F	NaN	NaN	NaN
	49506	15.81620759748297	0.05980167070542991	F	NaN	NaN	NaN
	49507	15.844803424712676	0.06485574753059653	F	NaN	NaN	NaN
	49508	15.87321644747437	0.07129644417780241	F	NaN	NaN	NaN
	49509	15.901446804919532	0.07807597281275151	F	NaN	NaN	NaN
	49510	15.929502100384173	0.08679130804314086	F	NaN	NaN	NaN
	49511	15.957384642851046	0.09609982939812911	F	NaN	NaN	NaN
	49512	15.985100921006204	0.10724260475543233	F	NaN	NaN	NaN
	49513	16.012653310162868	0.11903702898499949	F	NaN	NaN	NaN
	49514	16.040046458387653	0.13173360630269493	F	NaN	NaN	NaN

# FILTER V
#        MJD  MAG  MAGERR  Upperlimit  Instrument  Telescope  Source
	49445	13.837115960141599	0.028726738768061907	F	NaN	NaN	NaN
	49446	13.55808491253203	0.053876209428671135	F	NaN	NaN	NaN
	49447	13.331942874626513	0.08310558353966976	F	NaN	NaN	NaN
	49448	13.160090634259575	0.1107724899919521	F	NaN	NaN	NaN
	49449	13.036299390282519	0.12781226530682474	F	NaN	NaN	NaN
	49450	12.96324153395958	0.11806345174316318	F	NaN	NaN	NaN
	49451	12.946683450561409	0.07837571168011742	F	NaN	NaN	NaN
	49452	12.954572855069374	0.05396826839423803	F	NaN	NaN	NaN
	49453	12.999148318050036	0.05012847202481706	F	NaN	NaN	NaN
	49454	13.058495499732262	0.017040796694762217	F	NaN	NaN	NaN
	49455	13.133462463055336	0.06333459419081433	F	NaN	NaN	NaN
	49456	13.22757390726995	0.15798672538309466	F	NaN	NaN	NaN
	49457	13.350036574033021	0.18294873319350408	F	NaN	NaN	NaN
	49458	13.492019290808319	0.17912190064911138	F	NaN	NaN	NaN
	49459	13.641931933756132	0.16667065376685458	F	NaN	NaN	NaN
	49460	13.804183379043211	0.13524994203457236	F	NaN	NaN	NaN
	49461	13.952915766829845	0.12562218041152376	F	NaN	NaN	NaN
	49462	14.069787530387083	0.1660758499259815	F	NaN	NaN	NaN
	49463	14.183116581878918	0.21900168858642205	F	NaN	NaN	NaN
	49464	14.297462367817547	0.27219933325541984	F	NaN	NaN	NaN
	49465	14.410822590188403	0.32283720701464513	F	NaN	NaN	NaN
	49466	14.521195476301472	0.3676228981669959	F	NaN	NaN	NaN
	49467	14.62658532337377	0.4023160101776845	F	NaN	NaN	NaN
	49468	14.724977757477095	0.42360682633723135	F	NaN	NaN	NaN
	49469	14.81414886244101	0.43137728891664007	F	NaN	NaN	NaN
	49470	14.893657271649769	0.43902187312445295	F	NaN	NaN	NaN
	49471	14.968915283349272	0.4393183607862185	F	NaN	NaN	NaN
	49472	15.043245825650528	0.42242510244762715	F	NaN	NaN	NaN
	49473	15.112679244737386	0.3886692944677068	F	NaN	NaN	NaN
	49474	15.177683748593648	0.3455705827747237	F	NaN	NaN	NaN
	49475	15.239098972471059	0.30072416543846103	F	NaN	NaN	NaN
	49476	15.297757471426658	0.26120258257571327	F	NaN	NaN	NaN
	49477	15.348641697405137	0.22303515129207124	F	NaN	NaN	NaN
	49478	15.390072912607481	0.18227567655799548	F	NaN	NaN	NaN
	49479	15.427471574341139	0.1451717474709803	F	NaN	NaN	NaN
	49480	15.466273956233575	0.11725642889839014	F	NaN	NaN	NaN
	49481	15.509483885333673	0.10019728418655861	F	NaN	NaN	NaN
	49482	15.552115239154013	0.08583899386593782	F	NaN	NaN	NaN
	49483	15.593422673920074	0.07337315860761619	F	NaN	NaN	NaN
	49484	15.633161123105273	0.0625546806415021	F	NaN	NaN	NaN
	49485	15.671079842033544	0.052846897516028585	F	NaN	NaN	NaN
	49486	15.706916740000384	0.04349624894883225	F	NaN	NaN	NaN
	49487	15.739966020643271	0.03493490165601762	F	NaN	NaN	NaN
	49488	15.769473598473656	0.0292175355894587	F	NaN	NaN	NaN
	49489	15.796287813464817	0.02769045071499874	F	NaN	NaN	NaN
	49490	15.821316273399303	0.030564500014141766	F	NaN	NaN	NaN
	49491	15.845477227600666	0.0345478337225424	F	NaN	NaN	NaN
	49492	15.869683718968295	0.03792667368956165	F	NaN	NaN	NaN
	49493	15.894849073278614	0.039193749243436715	F	NaN	NaN	NaN
	49494	15.921887374282877	0.03703934884373225	F	NaN	NaN	NaN
	49495	15.95066665659443	0.032202350581973536	F	NaN	NaN	NaN
	49496	15.979031252183473	0.026956915802007837	F	NaN	NaN	NaN
	49497	16.007097412955265	0.023810539033090907	F	NaN	NaN	NaN
	49498	16.035106879096514	0.025383626828489034	F	NaN	NaN	NaN
	49499	16.06330540289903	0.031104438643365824	F	NaN	NaN	NaN
	49500	16.09193873665464	0.039352876891699966	F	NaN	NaN	NaN
	49501	16.121253988343472	0.0480553071313992	F	NaN	NaN	NaN
	49502	16.15149781162051	0.055662265958550165	F	NaN	NaN	NaN
	49503	16.182670769780245	0.06234881818715915	F	NaN	NaN	NaN
	49504	16.21421526601773	0.06912140978831847	F	NaN	NaN	NaN
	49505	16.246094707489807	0.07615776818532195	F	NaN	NaN	NaN
	49506	16.2783119901084	0.08319583874512348	F	NaN	NaN	NaN
	49507	16.31086980030113	0.09051845066186041	F	NaN	NaN	NaN
	49508	16.34376333584522	0.0978749638694757	F	NaN	NaN	NaN
	49509	16.377002182439035	0.10541046977078644	F	NaN	NaN	NaN
	49510	16.410581883795366	0.11299287343468692	F	NaN	NaN	NaN
	49511	16.444508229029676	0.12100340970644383	F	NaN	NaN	NaN
	49512	16.47877856153865	0.12896837422700652	F	NaN	NaN	NaN
	49513	16.513398776524443	0.13643908123411677	F	NaN	NaN	NaN
	49514	16.548370149973664	0.14457150108510547	F	NaN	NaN	NaN

# FILTER U
#        MJD  MAG  MAGERR  Upperlimit  Instrument  Telescope  Source
	49447	13.828500975840953	0.14840450285096446	F	NaN	NaN	NaN
	49448	13.960781418104524	0.12030527251958621	F	NaN	NaN	NaN
	49449	14.082215801778018	0.1448057864998439	F	NaN	NaN	NaN
	49450	14.19618761098565	0.16998213466399534	F	NaN	NaN	NaN
	49451	14.25524454850985	0.16191671930783477	F	NaN	NaN	NaN
	49452	14.309662476153555	0.16318016897631718	F	NaN	NaN	NaN
	49453	14.42213732397038	0.1612839579166853	F	NaN	NaN	NaN
	49454	14.562937610016718	0.16429431120516852	F	NaN	NaN	NaN
	49455	14.88590991244483	0.1514832248036662	F	NaN	NaN	NaN
	49456	15.138123310898248	0.2044947092947766	F	NaN	NaN	NaN
	49457	15.35136492833011	0.3095767459754877	F	NaN	NaN	NaN
	49458	15.551325409199253	0.41216081004125116	F	NaN	NaN	NaN
	49459	15.73708872795511	0.5231516608800874	F	NaN	NaN	NaN
	49460	15.907877065109538	0.6652503046986377	F	NaN	NaN	NaN
	49461	16.06258792430345	0.8531059379477578	F	NaN	NaN	NaN