###################### HEADER ######################
# SNNAME:	SN1983N
###################### HEADER ######################


# FILTER V
#        MJD  MAG  MAGERR  Upperlimit  Instrument  Telescope  Source
	45519	12.957528222116494	0.08363159761787028	F	NaN	NaN	NaN
	45520	12.657012373615943	0.0652900789334893	F	NaN	NaN	NaN
	45521	12.385883289097926	0.05598547441890637	F	NaN	NaN	NaN
	45522	12.144183979680335	0.05746701036456767	F	NaN	NaN	NaN
	45523	11.930657981828142	0.06286899842517493	F	NaN	NaN	NaN
	45524	11.745892990279408	0.0710444905860587	F	NaN	NaN	NaN
	45525	11.589135351475127	0.07863620934785256	F	NaN	NaN	NaN
	45526	11.459595342043473	0.08545234154558706	F	NaN	NaN	NaN
	45527	11.357661650134549	0.09296807102192516	F	NaN	NaN	NaN
	45528	11.283752858681881	0.09809007854047996	F	NaN	NaN	NaN
	45529	11.240574079951895	0.09877791511919437	F	NaN	NaN	NaN
	45530	11.22631965751203	0.0967101563663085	F	NaN	NaN	NaN
	45531	11.233322912673138	0.09311906964710913	F	NaN	NaN	NaN
	45532	11.253711642793835	0.0919699366410041	F	NaN	NaN	NaN
	45533	11.27982221499564	0.09388630157412431	F	NaN	NaN	NaN
	45534	11.303940487612756	0.0961070267859771	F	NaN	NaN	NaN
	45535	11.31862308097035	0.0974581805822794	F	NaN	NaN	NaN
	45536	11.334258876951715	0.09628188122089126	F	NaN	NaN	NaN
	45537	11.359052585851673	0.09454612797189196	F	NaN	NaN	NaN
	45538	11.391672520819258	0.09102092124172889	F	NaN	NaN	NaN
	45539	11.430930593195164	0.08787505551009599	F	NaN	NaN	NaN
	45540	11.475567257397321	0.08508620036438345	F	NaN	NaN	NaN
	45541	11.524390409715409	0.08401583151486595	F	NaN	NaN	NaN
	45542	11.576147934567231	0.08209611835758951	F	NaN	NaN	NaN
	45543	11.629595032335725	0.08269263994910703	F	NaN	NaN	NaN
	45544	11.683508232688848	0.0839187032299782	F	NaN	NaN	NaN
	45545	11.736653541400523	0.08464554762206211	F	NaN	NaN	NaN
	45546	11.789398295226803	0.08491762763483776	F	NaN	NaN	NaN
	45547	11.842982594133577	0.08665621053374045	F	NaN	NaN	NaN
	45548	11.897484863324781	0.0886656884947435	F	NaN	NaN	NaN
	45549	11.952974464512936	0.0911953570580142	F	NaN	NaN	NaN
	45550	12.00952550533778	0.0940402243095857	F	NaN	NaN	NaN
	45551	12.06721209343904	0.09814727287329489	F	NaN	NaN	NaN
	45552	12.126135285241778	0.10221601003950315	F	NaN	NaN	NaN
	45553	12.186319030639517	0.1058375847663783	F	NaN	NaN	NaN
	45554	12.247897463912137	0.1135119406168918	F	NaN	NaN	NaN
	45555	12.31085986511067	0.12269173110463738	F	NaN	NaN	NaN
	45556	12.375333057061036	0.1357975436217373	F	NaN	NaN	NaN
	45557	12.441452578638222	0.14771679697847873	F	NaN	NaN	NaN
	45558	12.509172212817921	0.161198208974127	F	NaN	NaN	NaN
	45559	12.57860041877021	0.17658197242298038	F	NaN	NaN	NaN
	45560	12.649933185877979	0.19490562782717424	F	NaN	NaN	NaN
	45561	12.723082210264863	0.21339724794418466	F	NaN	NaN	NaN
	45562	12.798130997668357	0.2333190428763039	F	NaN	NaN	NaN
	45563	12.875349167532729	0.2559129754157064	F	NaN	NaN	NaN

# FILTER B
#        MJD  MAG  MAGERR  Upperlimit  Instrument  Telescope  Source
	45519	13.539020524541032	0.1362583282408341	F	NaN	NaN	NaN
	45520	13.298250895483477	0.12174875400547755	F	NaN	NaN	NaN
	45521	13.05548245361547	0.13710874667540196	F	NaN	NaN	NaN
	45522	12.815750034971911	0.15607251682226514	F	NaN	NaN	NaN
	45523	12.577332645597679	0.16808152125655873	F	NaN	NaN	NaN
	45524	12.33441062856848	0.1705131146298999	F	NaN	NaN	NaN
	45525	12.09649729763378	0.16913984850025782	F	NaN	NaN	NaN
	45526	11.873625611665696	0.17117945512202332	F	NaN	NaN	NaN
	45527	11.675325395157115	0.18104817815206184	F	NaN	NaN	NaN
	45528	11.511041496607694	0.19585041908161854	F	NaN	NaN	NaN
	45529	11.390794629514005	0.20856283994285973	F	NaN	NaN	NaN
	45530	11.32204074491347	0.21346589952799666	F	NaN	NaN	NaN
	45531	11.300166517048398	0.21076827418391095	F	NaN	NaN	NaN
	45532	11.318636004092184	0.20431800246712578	F	NaN	NaN	NaN
	45533	11.371500913045868	0.19389384647396132	F	NaN	NaN	NaN
	45534	11.452812950910474	0.18083108346673263	F	NaN	NaN	NaN
	45535	11.556985954487835	0.16837757536991207	F	NaN	NaN	NaN
	45536	11.677713979274577	0.15816111713248207	F	NaN	NaN	NaN
	45537	11.808282035525728	0.152442373094491	F	NaN	NaN	NaN
	45538	11.942741830242323	0.14856507776100394	F	NaN	NaN	NaN
	45539	12.075145070425387	0.14459221934415736	F	NaN	NaN	NaN
	45540	12.199543463075951	0.13866222934295058	F	NaN	NaN	NaN
	45541	12.30924982241057	0.1260682002518475	F	NaN	NaN	NaN
	45542	12.412766084487764	0.11049887964625399	F	NaN	NaN	NaN
	45543	12.52180729539381	0.09463700599702966	F	NaN	NaN	NaN
	45544	12.635423973059273	0.08250796663211467	F	NaN	NaN	NaN
	45545	12.752679589806615	0.08473949823071415	F	NaN	NaN	NaN
	45546	12.873105480527194	0.10521704305040724	F	NaN	NaN	NaN
	45547	12.997768742624364	0.1378952554211601	F	NaN	NaN	NaN