###################### HEADER ######################
# SNNAME:	SN1990I
###################### HEADER ######################


# FILTER V
#        MJD  MAG  MAGERR  Upperlimit  Instrument  Telescope  Source
	48009	15.51566886918344	0.04635074103523383	F	NaN	NaN	NaN
	48010	15.58210693951934	0.04092368928287302	F	NaN	NaN	NaN
	48011	15.647114052974336	0.03691598418277077	F	NaN	NaN	NaN
	48012	15.710731734044277	0.03452995124750632	F	NaN	NaN	NaN
	48013	15.772878328311634	0.03328707496919068	F	NaN	NaN	NaN
	48014	15.833527244538471	0.033348824732534574	F	NaN	NaN	NaN
	48015	15.892790211226542	0.034288095877184746	F	NaN	NaN	NaN
	48016	15.950577843502746	0.036147680860828965	F	NaN	NaN	NaN
	48017	16.00702773101889	0.03894840970353482	F	NaN	NaN	NaN
	48018	16.062054505966774	0.04207801367936648	F	NaN	NaN	NaN
	48019	16.115791740933307	0.044905626561467765	F	NaN	NaN	NaN
	48020	16.16815808517519	0.047999116296040076	F	NaN	NaN	NaN
	48021	16.219283094214433	0.050736990916143226	F	NaN	NaN	NaN
	48022	16.268765178033604	0.0531208445733742	F	NaN	NaN	NaN
	48023	16.31639923083473	0.055722427281941336	F	NaN	NaN	NaN
	48024	16.362349918702243	0.05789148856492757	F	NaN	NaN	NaN
	48025	16.40678190772057	0.05984332302156868	F	NaN	NaN	NaN
	48026	16.449859863974154	0.06160719759168616	F	NaN	NaN	NaN
	48027	16.491748453547423	0.06343873155304007	F	NaN	NaN	NaN
	48028	16.532612342524807	0.06488365862699459	F	NaN	NaN	NaN
	48029	16.572616196990744	0.06616075457574645	F	NaN	NaN	NaN
	48030	16.61086188983956	0.06705476199459509	F	NaN	NaN	NaN
	48031	16.64658914566055	0.06715625509297173	F	NaN	NaN	NaN
	48032	16.679953322139568	0.06688404650439479	F	NaN	NaN	NaN
	48033	16.71110977696252	0.06614350996335841	F	NaN	NaN	NaN
	48034	16.74021386781526	0.06497552192060617	F	NaN	NaN	NaN
	48035	16.767420952383674	0.06344448101113358	F	NaN	NaN	NaN
	48036	16.79288638835364	0.06161768383697486	F	NaN	NaN	NaN
	48037	16.816765533411033	0.05956501768396398	F	NaN	NaN	NaN
	48038	16.83921374524174	0.057242713834013616	F	NaN	NaN	NaN
	48039	16.860386381531626	0.05494933871818383	F	NaN	NaN	NaN
	48040	16.880438799966573	0.05271041240338746	F	NaN	NaN	NaN
	48041	16.89952635823246	0.05036716216329831	F	NaN	NaN	NaN
	48042	16.917804414015162	0.048127944550265964	F	NaN	NaN	NaN
	48043	16.935428325000558	0.04613125995932649	F	NaN	NaN	NaN
	48044	16.952553448874525	0.0442329316462275	F	NaN	NaN	NaN
	48045	16.96933514332294	0.0425699033536078	F	NaN	NaN	NaN
	48046	16.985928766031684	0.04147701663434407	F	NaN	NaN	NaN
	48047	17.00248967468663	0.04081051611840844	F	NaN	NaN	NaN
	48048	17.019173226973653	0.04006392026187562	F	NaN	NaN	NaN
	48049	17.03613478057864	0.039708219122165704	F	NaN	NaN	NaN
	48050	17.053529693187453	0.03889830663235424	F	NaN	NaN	NaN
	48051	17.07153574694361	0.03860461340467163	F	NaN	NaN	NaN
	48052	17.090297216595978	0.03892434202099074	F	NaN	NaN	NaN
	48053	17.109970673256566	0.03794373754506045	F	NaN	NaN	NaN
	48054	17.130712688037356	0.03742789219419558	F	NaN	NaN	NaN
	48055	17.151694847606084	0.03652237685801463	F	NaN	NaN	NaN
	48056	17.172075586391006	0.03494815466799789	F	NaN	NaN	NaN
	48057	17.191991747144925	0.034181753748164664	F	NaN	NaN	NaN
	48058	17.211580172620636	0.03269289010493491	F	NaN	NaN	NaN
	48059	17.230977564744723	0.03224224626744814	F	NaN	NaN	NaN
	48060	17.25032140143286	0.031411144301214444	F	NaN	NaN	NaN
	48061	17.2697474649065	0.031172355001613195	F	NaN	NaN	NaN
	48062	17.287767679919686	0.030918594056208948	F	NaN	NaN	NaN
	48063	17.30543552272151	0.03119792185909136	F	NaN	NaN	NaN
	48064	17.324079135954022	0.031798022407195176	F	NaN	NaN	NaN
	48065	17.34245275963786	0.032536784510278076	F	NaN	NaN	NaN
	48066	17.360646197181037	0.03328780252579753	F	NaN	NaN	NaN
	48067	17.378749251991547	0.0344385477604837	F	NaN	NaN	NaN
	48068	17.396851727477404	0.03576557592463246	F	NaN	NaN	NaN
	48069	17.415043427046616	0.03686074702957687	F	NaN	NaN	NaN
	48070	17.433414154107183	0.03821973330606117	F	NaN	NaN	NaN
	48071	17.45205371206712	0.03940278503381959	F	NaN	NaN	NaN
	48072	17.47097010087083	0.040250502299188494	F	NaN	NaN	NaN
	48073	17.490091279945897	0.04047394591574536	F	NaN	NaN	NaN
	48074	17.509386991925076	0.04071931530262793	F	NaN	NaN	NaN
	48075	17.528826979441142	0.04080099123911744	F	NaN	NaN	NaN
	48076	17.548380985126855	0.04080152661186444	F	NaN	NaN	NaN
	48077	17.568019821683684	0.040721866821741004	F	NaN	NaN	NaN
	48078	17.587710021538282	0.040966021045664866	F	NaN	NaN	NaN
	48079	17.60742439730354	0.04107615241382717	F	NaN	NaN	NaN
	48080	17.627132042221476	0.04127656695295056	F	NaN	NaN	NaN
	48081	17.64680092772622	0.0415645465315204	F	NaN	NaN	NaN
	48082	17.666404988238554	0.04206259025827701	F	NaN	NaN	NaN
	48083	17.685907354013846	0.04241965104555714	F	NaN	NaN	NaN
	48084	17.705286800651635	0.04276502014961194	F	NaN	NaN	NaN
	48085	17.724618059097672	0.0431205171270297	F	NaN	NaN	NaN
	48086	17.74399249504362	0.04343047351896847	F	NaN	NaN	NaN
	48087	17.7634110270989	0.04357548269690848	F	NaN	NaN	NaN
	48088	17.78286532012213	0.04365901954616086	F	NaN	NaN	NaN
	48089	17.80234994250182	0.04368739443694107	F	NaN	NaN	NaN
	48090	17.82186127983405	0.0436632145762104	F	NaN	NaN	NaN
	48091	17.84139080925331	0.04375228864678807	F	NaN	NaN	NaN
	48092	17.860936378126247	0.04347274045006071	F	NaN	NaN	NaN
	48093	17.880489819024376	0.043323385833167256	F	NaN	NaN	NaN
	48094	17.900046618945616	0.04314448997881237	F	NaN	NaN	NaN
	48095	17.919601158554332	0.042942526151455135	F	NaN	NaN	NaN
	48096	17.939148006239034	0.042721798966787405	F	NaN	NaN	NaN
	48097	17.95868083179005	0.04248547547251339	F	NaN	NaN	NaN
	48098	17.97819654395338	0.042239623781820154	F	NaN	NaN	NaN
	48099	17.997686352853098	0.041987664836794183	F	NaN	NaN	NaN
	48100	18.01714639331322	0.041735969430857583	F	NaN	NaN	NaN
	48101	18.036571278061935	0.04120701582796116	F	NaN	NaN	NaN
	48102	18.05595423707101	0.040970080663886535	F	NaN	NaN	NaN
	48103	18.075290966532172	0.0404762921637094	F	NaN	NaN	NaN
	48104	18.094576079173624	0.04016968013266782	F	NaN	NaN	NaN
	48105	18.11382956164973	0.04005677951447242	F	NaN	NaN	NaN
	48106	18.13307655794167	0.039808493602015646	F	NaN	NaN	NaN
	48107	18.152316375442894	0.039756281209722966	F	NaN	NaN	NaN
	48108	18.171548321546844	0.03985528225844881	F	NaN	NaN	NaN
	48109	18.190771703646973	0.04015810009377685	F	NaN	NaN	NaN
	48110	18.209985550364706	0.0405182435517622	F	NaN	NaN	NaN
	48111	18.229189104161627	0.04109921106685972	F	NaN	NaN	NaN
	48112	18.248381929559258	0.0420117379349779	F	NaN	NaN	NaN
	48113	18.26756333395104	0.04340078061700289	F	NaN	NaN	NaN
	48114	18.286732624730426	0.0446635805886276	F	NaN	NaN	NaN
	48115	18.305889109290852	0.04559370235847825	F	NaN	NaN	NaN
	48116	18.32503162139416	0.04718352953734212	F	NaN	NaN	NaN
	48117	18.3441597390924	0.04900633260214059	F	NaN	NaN	NaN
	48118	18.36327274688293	0.051062873263367614	F	NaN	NaN	NaN
	48119	18.382369929263124	0.053351875203075834	F	NaN	NaN	NaN
	48120	18.401450570730333	0.05587047983406344	F	NaN	NaN	NaN
	48121	18.420513955781928	0.05897811577198199	F	NaN	NaN	NaN
	48122	18.43955936891528	0.061733965857918335	F	NaN	NaN	NaN
	48123	18.458586094627744	0.06489258185240834	F	NaN	NaN	NaN
	48124	18.477593417416685	0.06826105030199457	F	NaN	NaN	NaN
	48125	18.49658062177947	0.07183439253486916	F	NaN	NaN	NaN
	48126	18.515828911498016	0.07539636404145562	F	NaN	NaN	NaN
	48127	18.53507720121656	0.07895833554804209	F	NaN	NaN	NaN
	48128	18.554325490935106	0.08252030705462855	F	NaN	NaN	NaN
	48129	18.57357378065365	0.08608227856121503	F	NaN	NaN	NaN
	48130	18.59300876888402	0.08937542798529738	F	NaN	NaN	NaN
	48131	18.612790482922055	0.09216933639901174	F	NaN	NaN	NaN
	48132	18.632572196960094	0.09496324481272611	F	NaN	NaN	NaN
	48133	18.65235391099813	0.09775715322644049	F	NaN	NaN	NaN
	48134	18.67213562503617	0.10055106164015484	F	NaN	NaN	NaN
	48135	18.69228092718691	0.10318939284281786	F	NaN	NaN	NaN
	48136	18.712582052814533	0.1057610480978865	F	NaN	NaN	NaN
	48137	18.73288317844215	0.10833270335295513	F	NaN	NaN	NaN
	48138	18.75318430406977	0.11090435860802375	F	NaN	NaN	NaN
	48139	18.773510699640372	0.11344122047681107	F	NaN	NaN	NaN
	48140	18.79431722412766	0.1153170080062936	F	NaN	NaN	NaN
	48141	18.815123748614948	0.11719279553577616	F	NaN	NaN	NaN
	48142	18.835930273102235	0.11906858306525869	F	NaN	NaN	NaN
	48143	18.85673679758952	0.12094437059474125	F	NaN	NaN	NaN
	48144	18.87773987652871	0.1226159703343595	F	NaN	NaN	NaN
	48145	18.899037787145758	0.12398128838918325	F	NaN	NaN	NaN
	48146	18.920335697762805	0.125346606444007	F	NaN	NaN	NaN
	48147	18.941633608379853	0.12671192449883073	F	NaN	NaN	NaN
	48148	18.962931518996896	0.12807724255365444	F	NaN	NaN	NaN
	48149	18.984587459663828	0.12918423118745714	F	NaN	NaN	NaN
	48150	19.006362743680718	0.13020511001425286	F	NaN	NaN	NaN
	48151	19.02813802769761	0.13122598884104858	F	NaN	NaN	NaN
	48152	19.0499133117145	0.13224686766784427	F	NaN	NaN	NaN
	48153	19.071734931798385	0.13322261223829826	F	NaN	NaN	NaN
	48154	19.09397357648521	0.13379214850167037	F	NaN	NaN	NaN
	48155	19.116212221172038	0.13436168476504248	F	NaN	NaN	NaN
	48156	19.138450865858864	0.1349312210284146	F	NaN	NaN	NaN
	48157	19.16068951054569	0.1355007572917867	F	NaN	NaN	NaN
	48158	19.183130361805528	0.13603306645778274	F	NaN	NaN	NaN
	48159	19.205818354432374	0.13651987583809638	F	NaN	NaN	NaN
	48160	19.228506347059223	0.13700668521841003	F	NaN	NaN	NaN
	48161	19.251194339686073	0.13749349459872365	F	NaN	NaN	NaN
	48162	19.273882332312922	0.13798030397903732	F	NaN	NaN	NaN
	48163	19.296918593107858	0.13820510255213292	F	NaN	NaN	NaN
	48164	19.320041920944817	0.1383643984234252	F	NaN	NaN	NaN
	48165	19.343165248781773	0.13852369429471753	F	NaN	NaN	NaN
	48166	19.366288576618732	0.13868299016600982	F	NaN	NaN	NaN
	48167	19.38947510282772	0.1387614423058265	F	NaN	NaN	NaN
	48168	19.41301975314488	0.13838177996728673	F	NaN	NaN	NaN
	48169	19.43656440346204	0.13800211762874692	F	NaN	NaN	NaN
	48170	19.4601090537792	0.13762245529020717	F	NaN	NaN	NaN
	48171	19.48365370409636	0.13724279295166736	F	NaN	NaN	NaN
	48172	19.50740200928866	0.13697142400310086	F	NaN	NaN	NaN
	48173	19.531353969356108	0.13680834844450757	F	NaN	NaN	NaN
	48174	19.555305929423554	0.13664527288591427	F	NaN	NaN	NaN
	48175	19.579257889491	0.13648219732732098	F	NaN	NaN	NaN
	48176	19.603209849558446	0.13631912176872768	F	NaN	NaN	NaN
	48177	19.627496112093215	0.13606708401473477	F	NaN	NaN	NaN
	48178	19.65184136918104	0.13579934704978874	F	NaN	NaN	NaN
	48179	19.676186626268862	0.13553161008484277	F	NaN	NaN	NaN
	48180	19.70053188335669	0.13526387311989677	F	NaN	NaN	NaN
	48181	19.724952997302605	0.13497915603164817	F	NaN	NaN	NaN
	48182	19.74967753868089	0.13462651845018797	F	NaN	NaN	NaN
	48183	19.774402080059176	0.13427388086872777	F	NaN	NaN	NaN
	48184	19.799126621437463	0.13392124328726757	F	NaN	NaN	NaN
	48185	19.82385116281575	0.13356860570580736	F	NaN	NaN	NaN
	48186	19.84877660355234	0.13334977998991487	F	NaN	NaN	NaN
	48187	19.87386641649118	0.13324043670948563	F	NaN	NaN	NaN
	48188	19.89895622943002	0.1331310934290564	F	NaN	NaN	NaN
	48189	19.924046042368857	0.13302175014862716	F	NaN	NaN	NaN
	48190	19.9491358553077	0.13291240686819794	F	NaN	NaN	NaN
	48191	19.974541801194114	0.1329433432781127	F	NaN	NaN	NaN
	48192	19.999982872963596	0.13298986632028764	F	NaN	NaN	NaN
	48193	20.025423944733078	0.1330363893624626	F	NaN	NaN	NaN
	48194	20.050865016502556	0.13308291240463757	F	NaN	NaN	NaN
	48195	20.07639039979722	0.13322340102985855	F	NaN	NaN	NaN
	48196	20.102168717667432	0.13364578640421754	F	NaN	NaN	NaN
	48197	20.12794703553764	0.13406817177857655	F	NaN	NaN	NaN
	48198	20.15372535340785	0.13449055715293556	F	NaN	NaN	NaN
	48199	20.179503671278063	0.13491294252729458	F	NaN	NaN	NaN
	48200	20.20547592917076	0.13504871858717185	F	NaN	NaN	NaN
	48201	20.23157748041179	0.1349934217707268	F	NaN	NaN	NaN
	48202	20.257679031652817	0.13493812495428176	F	NaN	NaN	NaN
	48203	20.283780582893844	0.1348828281378367	F	NaN	NaN	NaN
	48204	20.309882134134874	0.13482753132139166	F	NaN	NaN	NaN
	48205	20.33627744498476	0.1349202894807691	F	NaN	NaN	NaN
	48206	20.36268821686669	0.13502084000729556	F	NaN	NaN	NaN
	48207	20.389098988748625	0.13512139053382202	F	NaN	NaN	NaN
	48208	20.415509760630556	0.13522194106034846	F	NaN	NaN	NaN
	48209	20.44200909488579	0.13523942789553567	F	NaN	NaN	NaN
	48210	20.468715074678716	0.13506309945093395	F	NaN	NaN	NaN
	48211	20.495421054471645	0.13488677100633223	F	NaN	NaN	NaN
	48212	20.52212703426457	0.1347104425617305	F	NaN	NaN	NaN
	48213	20.5488330140575	0.1345341141171288	F	NaN	NaN	NaN
	48214	20.57572177071813	0.13415438520969997	F	NaN	NaN	NaN
	48215	20.60270894569214	0.1336651329761342	F	NaN	NaN	NaN
	48216	20.62969612066615	0.13317588074256842	F	NaN	NaN	NaN
	48217	20.65668329564016	0.13268662850900265	F	NaN	NaN	NaN
	48218	20.68367047061417	0.13219737627543687	F	NaN	NaN	NaN
	48219	20.71082445992676	0.1319088199091662	F	NaN	NaN	NaN
	48220	20.738034650835345	0.13237534228511627	F	NaN	NaN	NaN
	48221	20.765300413423233	0.13227234404658436	F	NaN	NaN	NaN
	48222	20.79262111777375	0.13176916167808728	F	NaN	NaN	NaN
	48223	20.81999613397021	0.13123311431977988	F	NaN	NaN	NaN
	48224	20.84742483209594	0.13005387286297995	F	NaN	NaN	NaN
	48225	20.874906582234242	0.1291463855000671	F	NaN	NaN	NaN
	48226	20.902440754468447	0.12851404197931235	F	NaN	NaN	NaN
	48227	20.930026718881862	0.1282679466855829	F	NaN	NaN	NaN
	48228	20.95766843940743	0.12761526576317445	F	NaN	NaN	NaN
	48229	20.985360587292735	0.12709366236588934	F	NaN	NaN	NaN
	48230	21.01310253262109	0.12582203420307966	F	NaN	NaN	NaN
	48231	21.040893645475816	0.12496173199343447	F	NaN	NaN	NaN
	48232	21.068733295940223	0.12370149998793675	F	NaN	NaN	NaN
	48233	21.096620854097637	0.12292429777379227	F	NaN	NaN	NaN
	48234	21.12455569003137	0.12248372424851015	F	NaN	NaN	NaN
	48235	21.15253717382474	0.12181987049787743	F	NaN	NaN	NaN
	48236	21.180564675561065	0.12066399507052031	F	NaN	NaN	NaN
	48237	21.208689676558283	0.12002302633509505	F	NaN	NaN	NaN
	48238	21.23691739801093	0.11951598030849553	F	NaN	NaN	NaN
	48239	21.265185925605774	0.11909702580219411	F	NaN	NaN	NaN
	48240	21.293432898772497	0.11872897285818589	F	NaN	NaN	NaN
	48241	21.321652666007438	0.11843817190391528	F	NaN	NaN	NaN
	48242	21.34988475975185	0.11800548945539882	F	NaN	NaN	NaN
	48243	21.378134735609414	0.11782766983345305	F	NaN	NaN	NaN
	48244	21.406409018416454	0.11792639224361942	F	NaN	NaN	NaN
	48245	21.434712603188704	0.11803878379138297	F	NaN	NaN	NaN
	48246	21.463051045529856	0.11814432793380686	F	NaN	NaN	NaN
	48247	21.49143116247421	0.1186877610419296	F	NaN	NaN	NaN
	48248	21.51985793061336	0.11994667203168448	F	NaN	NaN	NaN
	48249	21.54833702129275	0.12065840541763112	F	NaN	NaN	NaN
	48250	21.576874105857826	0.12125014000260304	F	NaN	NaN	NaN
	48251	21.60547485565402	0.12271952822178166	F	NaN	NaN	NaN
	48252	21.63414494202678	0.12366581106291774	F	NaN	NaN	NaN
	48253	21.66289003632156	0.12435814501836373	F	NaN	NaN	NaN
	48254	21.69168420609386	0.12603550225850407	F	NaN	NaN	NaN
	48255	21.720497002385176	0.12791360104541033	F	NaN	NaN	NaN
	48256	21.74932946517651	0.13041691728300975	F	NaN	NaN	NaN
	48257	21.77818263444886	0.13315239017253017	F	NaN	NaN	NaN
	48258	21.807057550183227	0.13563976893254867	F	NaN	NaN	NaN
	48259	21.835955252360613	0.13884145171833115	F	NaN	NaN	NaN
	48260	21.864876780962	0.14126445857150477	F	NaN	NaN	NaN
	48261	21.893823175968404	0.14531433614254957	F	NaN	NaN	NaN
	48262	21.92279547736082	0.1485670901843334	F	NaN	NaN	NaN
	48263	21.95179472512024	0.1509804032146773	F	NaN	NaN	NaN
	48264	21.980821959227665	0.15351273843922827	F	NaN	NaN	NaN
	48265	22.009878219664095	0.1583679334408568	F	NaN	NaN	NaN
	48266	22.03896454641053	0.16124036699519395	F	NaN	NaN	NaN
	48267	22.06808197944797	0.16423914685901453	F	NaN	NaN	NaN
	48268	22.097231558757404	0.16847047228236883	F	NaN	NaN	NaN
	48269	22.12641432431984	0.17288177316771686	F	NaN	NaN	NaN
	48270	22.15563131611627	0.1774691912882946	F	NaN	NaN	NaN
	48271	22.184883574127692	0.1822287766564675	F	NaN	NaN	NaN
	48272	22.214172138335112	0.18715653017190523	F	NaN	NaN	NaN
	48273	22.24349804871953	0.19224843998640542	F	NaN	NaN	NaN
	48274	22.272869205403648	0.19841526144846616	F	NaN	NaN	NaN
	48275	22.302275277928892	0.2041439627278993	F	NaN	NaN	NaN
	48276	22.331716834904878	0.2096971463366903	F	NaN	NaN	NaN
	48277	22.36119732031168	0.21539124740497095	F	NaN	NaN	NaN
	48278	22.3907324377574	0.22072097059800772	F	NaN	NaN	NaN
	48279	22.42030607223846	0.2264657423836213	F	NaN	NaN	NaN
	48280	22.449918792364464	0.23268168707872944	F	NaN	NaN	NaN
	48281	22.479577486095565	0.23944269775134477	F	NaN	NaN	NaN
	48282	22.509293053981622	0.24587324846722286	F	NaN	NaN	NaN
	48283	22.539050740097213	0.25236042043961865	F	NaN	NaN	NaN
	48284	22.56885111305195	0.2589568309352065	F	NaN	NaN	NaN
	48285	22.598705073395685	0.265684722336154	F	NaN	NaN	NaN
	48286	22.62861758140079	0.27254797031423206	F	NaN	NaN	NaN
	48287	22.65857580882963	0.2798737024451612	F	NaN	NaN	NaN
	48288	22.688580324291816	0.28755287939114027	F	NaN	NaN	NaN
	48289	22.71864660953651	0.29474952333338544	F	NaN	NaN	NaN
	48290	22.748772547339378	0.30206238055488943	F	NaN	NaN	NaN
	48291	22.778947805760186	0.30946777168557893	F	NaN	NaN	NaN
	48292	22.80917295340854	0.3169644561223741	F	NaN	NaN	NaN
	48293	22.839468621842514	0.32458449383102883	F	NaN	NaN	NaN
	48294	22.869824479121867	0.3316974797732764	F	NaN	NaN	NaN
	48295	22.900233258213362	0.3390027607398915	F	NaN	NaN	NaN
	48296	22.930695527726606	0.34689893772614744	F	NaN	NaN	NaN
	48297	22.96123763763819	0.3557247391102486	F	NaN	NaN	NaN
	48298	22.991839904072744	0.36276263142485154	F	NaN	NaN	NaN
	48299	23.022498693513636	0.37001340283120027	F	NaN	NaN	NaN
	48300	23.053214574570482	0.3790825507898108	F	NaN	NaN	NaN
	48301	23.084009760308604	0.38737593718901453	F	NaN	NaN	NaN
	48302	23.11486975144764	0.397187605822922	F	NaN	NaN	NaN
	48303	23.145801030017896	0.403537518796119	F	NaN	NaN	NaN
	48304	23.17679911075258	0.41272027627492636	F	NaN	NaN	NaN
	48305	23.207870642078973	0.4206186803008778	F	NaN	NaN	NaN
	48306	23.239010972333304	0.4285560826664937	F	NaN	NaN	NaN
	48307	23.27022691633982	0.4372635657009745	F	NaN	NaN	NaN
	48308	23.3015136560378	0.446042865319446	F	NaN	NaN	NaN

# FILTER B
#        MJD  MAG  MAGERR  Upperlimit  Instrument  Telescope  Source
	48011	16.782493793225044	0.08038928883306148	F	NaN	NaN	NaN
	48012	16.854388243020942	0.07391312937649926	F	NaN	NaN	NaN
	48013	16.924459254663972	0.06882223687625567	F	NaN	NaN	NaN
	48014	16.992480684307573	0.06505259479359986	F	NaN	NaN	NaN
	48015	17.058645854156815	0.06197286951531606	F	NaN	NaN	NaN
	48016	17.12282669935642	0.06067179395360503	F	NaN	NaN	NaN
	48017	17.185200435766454	0.05971705203287291	F	NaN	NaN	NaN
	48018	17.24564309444871	0.059714978895586385	F	NaN	NaN	NaN
	48019	17.30432779534619	0.06066185219654138	F	NaN	NaN	NaN
	48020	17.361134665437753	0.06300126183069679	F	NaN	NaN	NaN
	48021	17.416232728749332	0.06494521782789771	F	NaN	NaN	NaN
	48022	17.469540784338832	0.06751562957970755	F	NaN	NaN	NaN
	48023	17.521120031829177	0.07074480476862705	F	NaN	NaN	NaN
	48024	17.57099607070202	0.07338844412318286	F	NaN	NaN	NaN
	48025	17.619194500439026	0.07579891279071503	F	NaN	NaN	NaN
	48026	17.665067924426246	0.07825175454774352	F	NaN	NaN	NaN
	48027	17.708441552821775	0.08045539276484837	F	NaN	NaN	NaN
	48028	17.750049895265338	0.08250953033873278	F	NaN	NaN	NaN
	48029	17.790627461396653	0.08477764416995909	F	NaN	NaN	NaN
	48030	17.829002358639322	0.08608181072149071	F	NaN	NaN	NaN
	48031	17.863860636524834	0.08695848126306088	F	NaN	NaN	NaN
	48032	17.895421710514924	0.0874702719335636	F	NaN	NaN	NaN
	48033	17.9239049960714	0.08719394217117953	F	NaN	NaN	NaN
	48034	17.949529908656014	0.08637546313543387	F	NaN	NaN	NaN
	48035	17.972515863730546	0.08493726409188405	F	NaN	NaN	NaN
	48036	17.993082276756784	0.08345918606115402	F	NaN	NaN	NaN
	48037	18.01144856319648	0.0818755944891548	F	NaN	NaN	NaN
	48038	18.02783413851143	0.07996618814036065	F	NaN	NaN	NaN
	48039	18.042458418163395	0.07788371780858376	F	NaN	NaN	NaN
	48040	18.055540817614148	0.0756669202063924	F	NaN	NaN	NaN
	48041	18.06730075232547	0.07338549556023154	F	NaN	NaN	NaN
	48042	18.07795763775913	0.07127444324203928	F	NaN	NaN	NaN
	48043	18.087730889376907	0.06949786368833556	F	NaN	NaN	NaN
	48044	18.096839922640573	0.06822767188428762	F	NaN	NaN	NaN
	48045	18.1055041530119	0.06730007903604587	F	NaN	NaN	NaN
	48046	18.113942995952666	0.06636681086692531	F	NaN	NaN	NaN
	48047	18.122375866924646	0.06593125961651158	F	NaN	NaN	NaN
	48048	18.131022181389607	0.06602234387187197	F	NaN	NaN	NaN
	48049	18.140101354809328	0.06575693337490376	F	NaN	NaN	NaN
	48050	18.149832802645584	0.06507380257992444	F	NaN	NaN	NaN
	48051	18.160468720092712	0.06478236879609896	F	NaN	NaN	NaN
	48052	18.172211861616354	0.06414566948340952	F	NaN	NaN	NaN
	48053	18.185283356429697	0.06351664401291651	F	NaN	NaN	NaN
	48054	18.19990433374591	0.062413783838289494	F	NaN	NaN	NaN
	48055	18.214660490016694	0.0612009383468059	F	NaN	NaN	NaN
	48056	18.228457456752576	0.05988380753329474	F	NaN	NaN	NaN
	48057	18.24199626575496	0.0584652511116073	F	NaN	NaN	NaN
	48058	18.25597794882527	0.05699118895776738	F	NaN	NaN	NaN
	48059	18.2701032435655	0.055466619101767686	F	NaN	NaN	NaN
	48060	18.28380981858563	0.05475261040143049	F	NaN	NaN	NaN
	48061	18.29739582152385	0.053269115123076215	F	NaN	NaN	NaN
	48062	18.311161929562406	0.05283839083428287	F	NaN	NaN	NaN
	48063	18.324966189332354	0.052195924245013584	F	NaN	NaN	NaN
	48064	18.3385467989869	0.05286044355121536	F	NaN	NaN	NaN
	48065	18.35202489367253	0.05410964239605623	F	NaN	NaN	NaN
	48066	18.365521608535737	0.05577331694315873	F	NaN	NaN	NaN
	48067	18.379158078723	0.057449365941013436	F	NaN	NaN	NaN
	48068	18.392801591772805	0.05910700606436037	F	NaN	NaN	NaN
	48069	18.406340900536062	0.0609025094721747	F	NaN	NaN	NaN
	48070	18.419929338127893	0.062329838512450206	F	NaN	NaN	NaN
	48071	18.43372023766343	0.06422081356181511	F	NaN	NaN	NaN
	48072	18.447773811248926	0.06607683547814999	F	NaN	NaN	NaN
	48073	18.46203232847004	0.06716221639088854	F	NaN	NaN	NaN
	48074	18.47647220866101	0.0678194802164131	F	NaN	NaN	NaN
	48075	18.49106987115608	0.06864506465018089	F	NaN	NaN	NaN
	48076	18.505801735289456	0.06903888906131998	F	NaN	NaN	NaN
	48077	18.520645961201517	0.07062525718861892	F	NaN	NaN	NaN
	48078	18.53557374580809	0.07190384449653148	F	NaN	NaN	NaN
	48079	18.550567528441313	0.07342271136398383	F	NaN	NaN	NaN
	48080	18.565599594890774	0.07423779868213458	F	NaN	NaN	NaN
	48081	18.580648611582077	0.07540679903126668	F	NaN	NaN	NaN
	48082	18.595690637211348	0.07646971819757604	F	NaN	NaN	NaN
	48083	18.610700565297666	0.07715643647203205	F	NaN	NaN	NaN
	48084	18.625658227443665	0.07749490998022926	F	NaN	NaN	NaN
	48085	18.6405410559291	0.07744882810376227	F	NaN	NaN	NaN
	48086	18.655374404842892	0.07692654079992674	F	NaN	NaN	NaN
	48087	18.670175303204648	0.07653222856345432	F	NaN	NaN	NaN
	48088	18.6849691407219	0.0762538775267157	F	NaN	NaN	NaN
	48089	18.6997792996135	0.07616895226104081	F	NaN	NaN	NaN
	48090	18.71463183105339	0.07653080956636549	F	NaN	NaN	NaN
	48091	18.729542441128356	0.0770383275775157	F	NaN	NaN	NaN
	48092	18.744551871810064	0.07745331304921925	F	NaN	NaN	NaN
	48093	18.759663807342665	0.07821460940005003	F	NaN	NaN	NaN
	48094	18.774918658964626	0.07875201168686012	F	NaN	NaN	NaN
	48095	18.79033012527404	0.07926182463742354	F	NaN	NaN	NaN
	48096	18.805921588489763	0.079681430469146	F	NaN	NaN	NaN
	48097	18.821730790895167	0.07981512337472824	F	NaN	NaN	NaN
	48098	18.837750056358182	0.0795131522333177	F	NaN	NaN	NaN
	48099	18.853939614535108	0.07905714753360164	F	NaN	NaN	NaN
	48100	18.87019700367541	0.07818860583973022	F	NaN	NaN	NaN
	48101	18.886528366748692	0.07670283951053136	F	NaN	NaN	NaN
	48102	18.902942450318374	0.07626714943594123	F	NaN	NaN	NaN
	48103	18.919443135036325	0.07564758378202115	F	NaN	NaN	NaN
	48104	18.936036563872136	0.07535599181994505	F	NaN	NaN	NaN
	48105	18.95273336321422	0.07480063556273218	F	NaN	NaN	NaN
	48106	18.96953572032732	0.07421973840782183	F	NaN	NaN	NaN
	48107	18.98644975290133	0.07336169789566085	F	NaN	NaN	NaN
	48108	19.003481578626133	0.07265976335527972	F	NaN	NaN	NaN
	48109	19.02063731519162	0.07254178367278839	F	NaN	NaN	NaN
	48110	19.037926883369124	0.07213102529135072	F	NaN	NaN	NaN
	48111	19.05535697438194	0.07184052037088044	F	NaN	NaN	NaN
	48112	19.07293009401636	0.07256500887683442	F	NaN	NaN	NaN
	48113	19.09065235996225	0.07336931819333013	F	NaN	NaN	NaN
	48114	19.10852988990951	0.07490658115358456	F	NaN	NaN	NaN
	48115	19.12656880154802	0.07622612930912952	F	NaN	NaN	NaN
	48116	19.14476425811653	0.07836756363609497	F	NaN	NaN	NaN
	48117	19.163095715947698	0.08169913109570266	F	NaN	NaN	NaN
	48118	19.18155981810593	0.08510256102717319	F	NaN	NaN	NaN
	48119	19.200153207655656	0.08949869602763792	F	NaN	NaN	NaN
	48120	19.218872527661272	0.09386148168395014	F	NaN	NaN	NaN
	48121	19.237714421187203	0.09881851828194	F	NaN	NaN	NaN
	48122	19.256675531297848	0.10507863253133298	F	NaN	NaN	NaN
	48123	19.275752501057635	0.11194863799085436	F	NaN	NaN	NaN
	48124	19.294941973530964	0.11936528109967179	F	NaN	NaN	NaN
	48125	19.314240591782255	0.12691984469964585	F	NaN	NaN	NaN
	48126	19.333627771456353	0.13487455422267614	F	NaN	NaN	NaN
	48127	19.353014951130447	0.14282926374570643	F	NaN	NaN	NaN
	48128	19.372402130804545	0.15078397326873672	F	NaN	NaN	NaN
	48129	19.39178931047864	0.158738682791767	F	NaN	NaN	NaN
	48130	19.411176490152737	0.16669339231479727	F	NaN	NaN	NaN
	48131	19.43056366982683	0.17464810183782756	F	NaN	NaN	NaN
	48132	19.44995084950093	0.18260281136085785	F	NaN	NaN	NaN
	48133	19.469338029175024	0.1905575208838881	F	NaN	NaN	NaN
	48134	19.488745181783777	0.1983228495635445	F	NaN	NaN	NaN
	48135	19.50821225319649	0.20552003571307922	F	NaN	NaN	NaN
	48136	19.527679324609203	0.21271722186261396	F	NaN	NaN	NaN
	48137	19.547146396021915	0.2199144080121487	F	NaN	NaN	NaN
	48138	19.566613467434628	0.22711159416168342	F	NaN	NaN	NaN
	48139	19.58608053884734	0.2343087803112181	F	NaN	NaN	NaN
	48140	19.605547610260054	0.24150596646075284	F	NaN	NaN	NaN
	48141	19.625014681672766	0.24870315261028758	F	NaN	NaN	NaN
	48142	19.64448175308548	0.25590033875982227	F	NaN	NaN	NaN
	48143	19.663996027902932	0.26246159713194184	F	NaN	NaN	NaN
	48144	19.683557506125126	0.2683869277266462	F	NaN	NaN	NaN
	48145	19.703118984347316	0.2743122583213506	F	NaN	NaN	NaN
	48146	19.72268046256951	0.280237588916055	F	NaN	NaN	NaN
	48147	19.742241940791704	0.2861629195107594	F	NaN	NaN	NaN
	48148	19.761803419013894	0.29208825010546374	F	NaN	NaN	NaN
	48149	19.781364897236088	0.29801358070016815	F	NaN	NaN	NaN
	48150	19.800926375458282	0.3039389112948725	F	NaN	NaN	NaN
	48151	19.820487853680476	0.3098642418895769	F	NaN	NaN	NaN
	48152	19.840131023312924	0.3148843124496	F	NaN	NaN	NaN
	48153	19.85980142341546	0.31960262966472947	F	NaN	NaN	NaN
	48154	19.879471823517992	0.32432094687985885	F	NaN	NaN	NaN
	48155	19.89914222362053	0.3290392640949883	F	NaN	NaN	NaN
	48156	19.918812623723063	0.3337575813101177	F	NaN	NaN	NaN
	48157	19.938483023825597	0.33847589852524707	F	NaN	NaN	NaN
	48158	19.95815342392813	0.34319421574037645	F	NaN	NaN	NaN
	48159	19.97782382403067	0.3479125329555059	F	NaN	NaN	NaN
	48160	19.997494224133202	0.35263085017063533	F	NaN	NaN	NaN
	48161	20.017288061186942	0.35604000651872036	F	NaN	NaN	NaN
	48162	20.037081898240682	0.3594491628668055	F	NaN	NaN	NaN
	48163	20.056875735294422	0.36285831921489053	F	NaN	NaN	NaN
	48164	20.076669572348163	0.3662674755629757	F	NaN	NaN	NaN
	48165	20.096463409401903	0.36967663191106076	F	NaN	NaN	NaN
	48166	20.116257246455643	0.37308578825914585	F	NaN	NaN	NaN
	48167	20.136051083509383	0.37649494460723093	F	NaN	NaN	NaN
	48168	20.155844920563123	0.37990410095531596	F	NaN	NaN	NaN
	48169	20.17567324562238	0.38309882226344405	F	NaN	NaN	NaN
	48170	20.195605034698186	0.3856502384517011	F	NaN	NaN	NaN
	48171	20.21553682377399	0.3882016546399581	F	NaN	NaN	NaN
	48172	20.235468612849797	0.39075307082821514	F	NaN	NaN	NaN
	48173	20.255400401925606	0.3933044870164722	F	NaN	NaN	NaN
	48174	20.27533219100141	0.3958559032047292	F	NaN	NaN	NaN
	48175	20.295263980077216	0.39840731939298624	F	NaN	NaN	NaN
	48176	20.315195769153025	0.4009587355812432	F	NaN	NaN	NaN
	48177	20.33512755822883	0.4035101517695002	F	NaN	NaN	NaN
	48178	20.3551355808511	0.40553665925871446	F	NaN	NaN	NaN
	48179	20.375219837019838	0.4070382580488859	F	NaN	NaN	NaN
	48180	20.395304093188575	0.4085398568390573	F	NaN	NaN	NaN
	48181	20.415388349357315	0.4100414556292287	F	NaN	NaN	NaN
	48182	20.43547260552605	0.4115430544194002	F	NaN	NaN	NaN
	48183	20.455556861694788	0.4130446532095716	F	NaN	NaN	NaN
	48184	20.475641117863525	0.41454625199974304	F	NaN	NaN	NaN
	48185	20.49572537403226	0.41604785078991446	F	NaN	NaN	NaN
	48186	20.515809630200998	0.4175494495800859	F	NaN	NaN	NaN
	48187	20.53601912299258	0.41864336136953895	F	NaN	NaN	NaN
	48188	20.556270361325108	0.4196013774920857	F	NaN	NaN	NaN
	48189	20.57652159965764	0.4205593936146326	F	NaN	NaN	NaN
	48190	20.596772837990166	0.42151740973717944	F	NaN	NaN	NaN
	48191	20.617024076322696	0.4224754258597263	F	NaN	NaN	NaN
	48192	20.637275314655223	0.4234334419822732	F	NaN	NaN	NaN
	48193	20.657526552987754	0.42439145810482004	F	NaN	NaN	NaN
	48194	20.67777779132028	0.42534947422736685	F	NaN	NaN	NaN
	48195	20.69802902965281	0.4263074903499138	F	NaN	NaN	NaN
	48196	20.718461765219995	0.42619020065322016	F	NaN	NaN	NaN
	48197	20.73889450078718	0.42607291095652655	F	NaN	NaN	NaN
	48198	20.759327236354363	0.4259556212598329	F	NaN	NaN	NaN
	48199	20.779759971921546	0.4258383315631393	F	NaN	NaN	NaN
	48200	20.800192707488733	0.42572104186644577	F	NaN	NaN	NaN
	48201	20.820625443055917	0.42560375216975216	F	NaN	NaN	NaN
	48202	20.8410581786231	0.42548646247305855	F	NaN	NaN	NaN
	48203	20.861490914190284	0.4253691727763649	F	NaN	NaN	NaN
	48204	20.88197265283385	0.42530957474213943	F	NaN	NaN	NaN
	48205	20.902601400706548	0.42542305169531835	F	NaN	NaN	NaN
	48206	20.92323014857925	0.4255365286484973	F	NaN	NaN	NaN
	48207	20.943858896451953	0.4256500056016762	F	NaN	NaN	NaN
	48208	20.964487644324652	0.42576348255485513	F	NaN	NaN	NaN
	48209	20.985116392197355	0.42587695950803406	F	NaN	NaN	NaN
	48210	21.005745140070054	0.425990436461213	F	NaN	NaN	NaN
	48211	21.026373887942757	0.4261039134143919	F	NaN	NaN	NaN
	48212	21.04700263581546	0.42621739036757084	F	NaN	NaN	NaN
	48213	21.06773664737635	0.4264022024922781	F	NaN	NaN	NaN
	48214	21.08857592262543	0.42665834978851375	F	NaN	NaN	NaN
	48215	21.109415197874515	0.4269144970847494	F	NaN	NaN	NaN
	48216	21.130254473123596	0.42717064438098507	F	NaN	NaN	NaN
	48217	21.151093748372677	0.42742679167722064	F	NaN	NaN	NaN
	48218	21.17193302362176	0.4276829389734562	F	NaN	NaN	NaN
	48219	21.192772298870842	0.4279390862696919	F	NaN	NaN	NaN
	48220	21.213611574119923	0.42819523356592754	F	NaN	NaN	NaN
	48221	21.234450849369004	0.42845138086216317	F	NaN	NaN	NaN
	48222	21.25545890645352	0.42859663720082275	F	NaN	NaN	NaN
	48223	21.276523224149845	0.42870492988695696	F	NaN	NaN	NaN
	48224	21.297587541846166	0.4288132225730913	F	NaN	NaN	NaN
	48225	21.31865185954249	0.4289215152592255	F	NaN	NaN	NaN
	48226	21.339716177238813	0.42902980794535983	F	NaN	NaN	NaN
	48227	21.36078049493514	0.42913810063149405	F	NaN	NaN	NaN
	48228	21.381844812631464	0.42924639331762837	F	NaN	NaN	NaN
	48229	21.402909130327785	0.4293546860037626	F	NaN	NaN	NaN
	48230	21.42397344802411	0.4294629786898969	F	NaN	NaN	NaN
	48231	21.44527732323854	0.4300804355746869	F	NaN	NaN	NaN
	48232	21.46658119845297	0.4306978924594769	F	NaN	NaN	NaN
	48233	21.4878850736674	0.4313153493442669	F	NaN	NaN	NaN
	48234	21.509188948881828	0.43193280622905694	F	NaN	NaN	NaN
	48235	21.53049282409626	0.4325502631138469	F	NaN	NaN	NaN
	48236	21.55179669931069	0.433167719998637	F	NaN	NaN	NaN
	48237	21.573100574525117	0.433785176883427	F	NaN	NaN	NaN
	48238	21.59440444973955	0.4344026337682171	F	NaN	NaN	NaN
	48239	21.61577184310122	0.4352571545968812	F	NaN	NaN	NaN
	48240	21.637329790904616	0.436822867257168	F	NaN	NaN	NaN
	48241	21.658887738708014	0.4383885799174547	F	NaN	NaN	NaN
	48242	21.680445686511412	0.43995429257774155	F	NaN	NaN	NaN
	48243	21.70200363431481	0.44152000523802826	F	NaN	NaN	NaN
	48244	21.723561582118204	0.443085717898315	F	NaN	NaN	NaN
	48245	21.745119529921602	0.4446514305586018	F	NaN	NaN	NaN
	48246	21.766677477725	0.4462171432188885	F	NaN	NaN	NaN
	48247	21.7882354255284	0.4477828558791753	F	NaN	NaN	NaN
	48248	21.80992766716171	0.44972215171558494	F	NaN	NaN	NaN
	48249	21.83175420262494	0.45203503072811757	F	NaN	NaN	NaN
	48250	21.853580738088166	0.4543479097406501	F	NaN	NaN	NaN
	48251	21.875407273551396	0.4566607887531826	F	NaN	NaN	NaN
	48252	21.897233809014622	0.4589736677657152	F	NaN	NaN	NaN
	48253	21.919060344477852	0.4612865467782477	F	NaN	NaN	NaN
	48254	21.94088687994108	0.46359942579078023	F	NaN	NaN	NaN
	48255	21.96271341540431	0.4659123048033128	F	NaN	NaN	NaN
	48256	21.984539950867536	0.4682251838158453	F	NaN	NaN	NaN
	48257	22.006578813378784	0.47171446602307654	F	NaN	NaN	NaN
	48258	22.028688451572705	0.4755958826285406	F	NaN	NaN	NaN
	48259	22.050798089766626	0.4794772992340046	F	NaN	NaN	NaN
	48260	22.072907727960544	0.48335871583946866	F	NaN	NaN	NaN
	48261	22.095017366154465	0.4872401324449327	F	NaN	NaN	NaN
	48262	22.117127004348387	0.49112154905039673	F	NaN	NaN	NaN
	48263	22.139236642542308	0.49500296565586077	F	NaN	NaN	NaN
	48264	22.161346280736225	0.4988843822613248	F	NaN	NaN	NaN
	48265	22.183455918930147	0.5027657988667888	F	NaN	NaN	NaN
	48266	22.20586317492562	0.507081576996955	F	NaN	NaN	NaN
	48267	22.2282704309211	0.5113973551271213	F	NaN	NaN	NaN
	48268	22.250677686916575	0.5157131332572874	F	NaN	NaN	NaN
	48269	22.27308494291205	0.5200289113874537	F	NaN	NaN	NaN
	48270	22.295492198907528	0.5243446895176198	F	NaN	NaN	NaN
	48271	22.317899454903003	0.5286604676477862	F	NaN	NaN	NaN
	48272	22.340306710898478	0.5329762457779523	F	NaN	NaN	NaN
	48273	22.362713966893956	0.5372920239081185	F	NaN	NaN	NaN
	48274	22.385199256107537	0.541961312898005	F	NaN	NaN	NaN
	48275	22.407918644975428	0.5476911344670522	F	NaN	NaN	NaN
	48276	22.430638033843323	0.5534209560360994	F	NaN	NaN	NaN
	48277	22.453357422711218	0.5591507776051466	F	NaN	NaN	NaN
	48278	22.476076811579112	0.5648805991741939	F	NaN	NaN	NaN
	48279	22.498796200447003	0.570610420743241	F	NaN	NaN	NaN
	48280	22.521515589314898	0.5763402423122882	F	NaN	NaN	NaN
	48281	22.544234978182793	0.5820700638813354	F	NaN	NaN	NaN
	48282	22.566954367050688	0.5877998854503826	F	NaN	NaN	NaN
	48283	22.58983707989022	0.5938727770618553	F	NaN	NaN	NaN
	48284	22.612883116701397	0.6002887387157534	F	NaN	NaN	NaN
	48285	22.63592915351257	0.6067047003696515	F	NaN	NaN	NaN
	48286	22.658975190323748	0.6131206620235495	F	NaN	NaN	NaN
	48287	22.68202122713492	0.6195366236774476	F	NaN	NaN	NaN
	48288	22.7050672639461	0.6259525853313457	F	NaN	NaN	NaN
	48289	22.728113300757272	0.6323685469852438	F	NaN	NaN	NaN
	48290	22.75115933756845	0.6387845086391418	F	NaN	NaN	NaN
	48291	22.774205374379623	0.6452004702930398	F	NaN	NaN	NaN
	48292	22.797507283451406	0.6525966394787889	F	NaN	NaN	NaN
	48293	22.820894483276724	0.660319544508488	F	NaN	NaN	NaN
	48294	22.844281683102043	0.6680424495381871	F	NaN	NaN	NaN
	48295	22.86766888292736	0.6757653545678863	F	NaN	NaN	NaN
	48296	22.89105608275268	0.6834882595975855	F	NaN	NaN	NaN
	48297	22.914443282577995	0.6912111646272847	F	NaN	NaN	NaN
	48298	22.937830482403314	0.6989340696569839	F	NaN	NaN	NaN
	48299	22.961217682228632	0.7066569746866831	F	NaN	NaN	NaN
	48300	22.98460488205395	0.7143798797163823	F	NaN	NaN	NaN
	48301	23.008188674572903	0.723189043477271	F	NaN	NaN	NaN
	48302	23.031811672060105	0.7273031736914258	F	NaN	NaN	NaN
	48303	23.055477338764234	0.7362420765089273	F	NaN	NaN	NaN
	48304	23.079182574439056	0.7452523094234456	F	NaN	NaN	NaN
	48305	23.102930873666764	0.7553816141942019	F	NaN	NaN	NaN
	48306	23.12671910586759	0.7632818156969089	F	NaN	NaN	NaN
	48307	23.150550795957272	0.7748508335172941	F	NaN	NaN	NaN
	48308	23.174422783022504	0.7816721645343139	F	NaN	NaN	NaN

# FILTER R
#        MJD  MAG  MAGERR  Upperlimit  Instrument  Telescope  Source
	48022	15.701172606674703	0.06266925094517796	F	NaN	NaN	NaN
	48023	15.733471548260844	0.060078163655223574	F	NaN	NaN	NaN
	48024	15.765504020356925	0.05760289174598428	F	NaN	NaN	NaN
	48025	15.797270479051544	0.05503810305056232	F	NaN	NaN	NaN
	48026	15.828738228527513	0.05281711410522148	F	NaN	NaN	NaN
	48027	15.859957552501516	0.05080521716878614	F	NaN	NaN	NaN
	48028	15.890928807292777	0.04886425498374887	F	NaN	NaN	NaN
	48029	15.921652349220517	0.04693259693845456	F	NaN	NaN	NaN
	48030	15.952128534603956	0.0450251390671003	F	NaN	NaN	NaN
	48031	15.982275623900108	0.04327195720014684	F	NaN	NaN	NaN
	48032	16.012176425609628	0.04163637283344834	F	NaN	NaN	NaN
	48033	16.041831296051736	0.04016908584035911	F	NaN	NaN	NaN
	48034	16.071240591545656	0.03881767212478409	F	NaN	NaN	NaN
	48035	16.10040466841061	0.03742658362117888	F	NaN	NaN	NaN
	48036	16.12924249974206	0.03647168956353142	F	NaN	NaN	NaN
	48037	16.157836181402203	0.03560877359854636	F	NaN	NaN	NaN
	48038	16.186186069710274	0.03469976110277679	F	NaN	NaN	NaN
	48039	16.214292520985488	0.03376812966093759	F	NaN	NaN	NaN
	48040	16.24215589154707	0.03299890906590544	F	NaN	NaN	NaN
	48041	16.26969586712892	0.032427109537084886	F	NaN	NaN	NaN
	48042	16.296993830954804	0.031870393024039136	F	NaN	NaN	NaN
	48043	16.324050139343946	0.031446642391973256	F	NaN	NaN	NaN
	48044	16.350865148615565	0.031148577786173103	F	NaN	NaN	NaN
	48045	16.377439215088884	0.03084375663200531	F	NaN	NaN	NaN
	48046	16.403692737136254	0.030854848400486176	F	NaN	NaN	NaN
	48047	16.429706385342985	0.030760907650866476	F	NaN	NaN	NaN
	48048	16.45548051602831	0.03074383538435041	F	NaN	NaN	NaN
	48049	16.481015485511442	0.03076078931299886	F	NaN	NaN	NaN
	48050	16.506311650111613	0.03054418385972945	F	NaN	NaN	NaN
	48051	16.531302922208525	0.03042834194266724	F	NaN	NaN	NaN
	48052	16.556007235669124	0.030425404475104396	F	NaN	NaN	NaN
	48053	16.580431932921243	0.030208969875175327	F	NaN	NaN	NaN
	48054	16.604584356392703	0.03009626474787261	F	NaN	NaN	NaN
	48055	16.628471848511328	0.0299864653112075	F	NaN	NaN	NaN
	48056	16.65210175170494	0.02978184168035067	F	NaN	NaN	NaN
	48057	16.675481408401364	0.029762548425670984	F	NaN	NaN	NaN
	48058	16.698618161028428	0.029555754467845433	F	NaN	NaN	NaN
	48059	16.72151878115998	0.029406378132793738	F	NaN	NaN	NaN
	48060	16.744191771899732	0.029318387046419463	F	NaN	NaN	NaN
	48061	16.766644418771683	0.029193378831813867	F	NaN	NaN	NaN
	48062	16.78872475662491	0.029058025751589556	F	NaN	NaN	NaN
	48063	16.810344955556495	0.028916589232103232	F	NaN	NaN	NaN
	48064	16.831606105831085	0.028888477629096014	F	NaN	NaN	NaN
	48065	16.852609297713318	0.02848778096545651	F	NaN	NaN	NaN
	48066	16.873455621467826	0.028596494368996812	F	NaN	NaN	NaN
	48067	16.89424616735925	0.028426372002684233	F	NaN	NaN	NaN
	48068	16.914807326550807	0.028429882090415255	F	NaN	NaN	NaN
	48069	16.934922837278364	0.02815186072995492	F	NaN	NaN	NaN
	48070	16.954629810415558	0.027928463324730642	F	NaN	NaN	NaN
	48071	16.973965356835997	0.027987315247968315	F	NaN	NaN	NaN
	48072	16.992966587413303	0.028204325817915557	F	NaN	NaN	NaN
	48073	17.011670613021103	0.028529542754667403	F	NaN	NaN	NaN
	48074	17.030114544533014	0.029362051531060987	F	NaN	NaN	NaN
	48075	17.048335492822655	0.03042654291986506	F	NaN	NaN	NaN
	48076	17.066370568763652	0.031582830121020186	F	NaN	NaN	NaN
	48077	17.0842546502176	0.032790856692649736	F	NaN	NaN	NaN
	48078	17.10203154709419	0.034097702530143055	F	NaN	NaN	NaN
	48079	17.119730922653886	0.035449552342075114	F	NaN	NaN	NaN
	48080	17.137394366513597	0.0367827464795552	F	NaN	NaN	NaN
	48081	17.155057479673534	0.038281646578007165	F	NaN	NaN	NaN
	48082	17.17275591401083	0.0392528808163988	F	NaN	NaN	NaN
	48083	17.190531208265494	0.04014197925714933	F	NaN	NaN	NaN
	48084	17.208413076574868	0.04079012190255254	F	NaN	NaN	NaN
	48085	17.22630221502925	0.0413213166409926	F	NaN	NaN	NaN
	48086	17.244089493353524	0.04182465568940995	F	NaN	NaN	NaN
	48087	17.26175967456499	0.04219801540425533	F	NaN	NaN	NaN
	48088	17.279320974034775	0.04252382027835183	F	NaN	NaN	NaN
	48089	17.29677380340414	0.04280389077370955	F	NaN	NaN	NaN
	48090	17.314110852912634	0.04303753286310917	F	NaN	NaN	NaN
	48091	17.33134793584072	0.04323367252921544	F	NaN	NaN	NaN
	48092	17.348462464281123	0.043189009957645345	F	NaN	NaN	NaN
	48093	17.36547780825946	0.04271600243719699	F	NaN	NaN	NaN
	48094	17.382379142434253	0.04269955710218479	F	NaN	NaN	NaN
	48095	17.399174476356038	0.04274600817390626	F	NaN	NaN	NaN
	48096	17.415864221666045	0.04291491096383525	F	NaN	NaN	NaN
	48097	17.43244127442447	0.04293748279310143	F	NaN	NaN	NaN
	48098	17.448921036270512	0.042223992534882446	F	NaN	NaN	NaN
	48099	17.46528683922435	0.042594341623504395	F	NaN	NaN	NaN
	48100	17.481547643278613	0.042386118018230445	F	NaN	NaN	NaN
	48101	17.497703856714196	0.0425023402546138	F	NaN	NaN	NaN
	48102	17.513752742456262	0.04231988548061509	F	NaN	NaN	NaN
	48103	17.52969787682372	0.042591965820429255	F	NaN	NaN	NaN
	48104	17.545539668097472	0.04288928917957706	F	NaN	NaN	NaN
	48105	17.561273860395218	0.043231950405912975	F	NaN	NaN	NaN
	48106	17.57690478943959	0.04394020759906351	F	NaN	NaN	NaN
	48107	17.592432872017344	0.0443872178080653	F	NaN	NaN	NaN
	48108	17.60785852491523	0.044790740076675134	F	NaN	NaN	NaN
	48109	17.623182164920003	0.045904155422856405	F	NaN	NaN	NaN
	48110	17.638404208818415	0.04695084570326358	F	NaN	NaN	NaN
	48111	17.653525073397216	0.04815410611842411	F	NaN	NaN	NaN
	48112	17.66854517544316	0.04938022494910631	F	NaN	NaN	NaN
	48113	17.683464931742996	0.050653470806024545	F	NaN	NaN	NaN
	48114	17.69828475908348	0.05208705688417295	F	NaN	NaN	NaN
	48115	17.713005074251367	0.05421605259061156	F	NaN	NaN	NaN
	48116	17.7276262940334	0.056641877606063484	F	NaN	NaN	NaN
	48117	17.742148835216334	0.05868356650548709	F	NaN	NaN	NaN
	48118	17.75657311458692	0.06086617896504283	F	NaN	NaN	NaN
	48119	17.77089954893192	0.063306123488866	F	NaN	NaN	NaN
	48120	17.785128555038074	0.06584974861406664	F	NaN	NaN	NaN
	48121	17.799260549692143	0.06868074038347216	F	NaN	NaN	NaN
	48122	17.813295949680874	0.07158745876034775	F	NaN	NaN	NaN
	48123	17.827235171791017	0.07501195137473532	F	NaN	NaN	NaN
	48124	17.841078632809324	0.07821137510867435	F	NaN	NaN	NaN
	48125	17.85482674952256	0.08156017512621697	F	NaN	NaN	NaN
	48126	17.868860329511687	0.08486223603641017	F	NaN	NaN	NaN
	48127	17.882893909500815	0.08816429694660337	F	NaN	NaN	NaN
	48128	17.896927489489943	0.09146635785679658	F	NaN	NaN	NaN
	48129	17.91096106947907	0.09476841876698978	F	NaN	NaN	NaN
	48130	17.9249946494682	0.09807047967718299	F	NaN	NaN	NaN
	48131	17.939325748656486	0.10120112313889834	F	NaN	NaN	NaN
	48132	17.95402048242153	0.10412225638580491	F	NaN	NaN	NaN
	48133	17.96871521618657	0.10704338963271152	F	NaN	NaN	NaN
	48134	17.983409949951614	0.10996452287961814	F	NaN	NaN	NaN
	48135	17.998104683716658	0.11288565612652474	F	NaN	NaN	NaN
	48136	18.012799417481702	0.11580678937343132	F	NaN	NaN	NaN
	48137	18.02807592390875	0.11836500896042201	F	NaN	NaN	NaN
	48138	18.04341707174269	0.12088290480742273	F	NaN	NaN	NaN
	48139	18.05875821957663	0.12340080065442344	F	NaN	NaN	NaN
	48140	18.074099367410568	0.12591869650142412	F	NaN	NaN	NaN
	48141	18.089440515244508	0.1284365923484248	F	NaN	NaN	NaN
	48142	18.105002749105104	0.13065703235066617	F	NaN	NaN	NaN
	48143	18.120975571300917	0.13232505435549374	F	NaN	NaN	NaN
	48144	18.13694839349673	0.13399307636032134	F	NaN	NaN	NaN
	48145	18.152921215692544	0.13566109836514892	F	NaN	NaN	NaN
	48146	18.168894037888357	0.13732912036997652	F	NaN	NaN	NaN
	48147	18.18486686008417	0.13899714237480412	F	NaN	NaN	NaN
	48148	18.20133323000387	0.14018907447644358	F	NaN	NaN	NaN
	48149	18.217922986854532	0.14126198410228813	F	NaN	NaN	NaN
	48150	18.2345127437052	0.14233489372813268	F	NaN	NaN	NaN
	48151	18.251102500555863	0.14340780335397726	F	NaN	NaN	NaN
	48152	18.26769225740653	0.14448071297982185	F	NaN	NaN	NaN
	48153	18.28443256299415	0.14541776237591866	F	NaN	NaN	NaN
	48154	18.30162451479265	0.14594723108277224	F	NaN	NaN	NaN
	48155	18.318816466591148	0.1464766997896258	F	NaN	NaN	NaN
	48156	18.336008418389646	0.14700616849647938	F	NaN	NaN	NaN
	48157	18.353200370188144	0.14753563720333296	F	NaN	NaN	NaN
	48158	18.370392321986643	0.14806510591018654	F	NaN	NaN	NaN
	48159	18.387995492453705	0.14825611694778407	F	NaN	NaN	NaN
	48160	18.40577489949301	0.14830207469855555	F	NaN	NaN	NaN
	48161	18.423554306532317	0.14834803244932704	F	NaN	NaN	NaN
	48162	18.441333713571623	0.14839399020009855	F	NaN	NaN	NaN
	48163	18.45911312061093	0.14843994795087007	F	NaN	NaN	NaN
	48164	18.476978434980303	0.1484230921414737	F	NaN	NaN	NaN
	48165	18.4953305575534	0.14805029282446341	F	NaN	NaN	NaN
	48166	18.513682680126497	0.14767749350745316	F	NaN	NaN	NaN
	48167	18.53203480269959	0.1473046941904429	F	NaN	NaN	NaN
	48168	18.550386925272687	0.14693189487343264	F	NaN	NaN	NaN
	48169	18.56873904784578	0.14655909555642238	F	NaN	NaN	NaN
	48170	18.587425955914938	0.146071864566795	F	NaN	NaN	NaN
	48171	18.606336054314802	0.14550834579542238	F	NaN	NaN	NaN
	48172	18.625246152714666	0.14494482702404976	F	NaN	NaN	NaN
	48173	18.64415625111453	0.14438130825267717	F	NaN	NaN	NaN
	48174	18.663066349514395	0.14381778948130455	F	NaN	NaN	NaN
	48175	18.682003609720244	0.14323574617227264	F	NaN	NaN	NaN
	48176	18.701456944239855	0.14230173664773596	F	NaN	NaN	NaN
	48177	18.72091027875946	0.14136772712319928	F	NaN	NaN	NaN
	48178	18.74036361327907	0.14043371759866258	F	NaN	NaN	NaN
	48179	18.759816947798676	0.1394997080741259	F	NaN	NaN	NaN
	48180	18.779270282318283	0.13856569854958922	F	NaN	NaN	NaN
	48181	18.798987865044253	0.13747911928156978	F	NaN	NaN	NaN
	48182	18.818969695976588	0.13623997027006762	F	NaN	NaN	NaN
	48183	18.83895152690892	0.1350008212585655	F	NaN	NaN	NaN
	48184	18.858933357841252	0.13376167224706334	F	NaN	NaN	NaN
	48185	18.878915188773586	0.13252252323556118	F	NaN	NaN	NaN
	48186	18.89889701970592	0.13128337422405903	F	NaN	NaN	NaN
	48187	18.91936691950867	0.12997176222393786	F	NaN	NaN	NaN
	48188	18.939862507146707	0.12865633638231022	F	NaN	NaN	NaN
	48189	18.96035809478474	0.12734091054068253	F	NaN	NaN	NaN
	48190	18.98085368242278	0.1260254846990549	F	NaN	NaN	NaN
	48191	19.001349270060814	0.12471005885742721	F	NaN	NaN	NaN
	48192	19.02204446449832	0.12336472178993606	F	NaN	NaN	NaN
	48193	19.04303906913504	0.12197451788364991	F	NaN	NaN	NaN
	48194	19.064033673771757	0.12058431397736377	F	NaN	NaN	NaN
	48195	19.085028278408476	0.11919411007107761	F	NaN	NaN	NaN
	48196	19.106022883045192	0.11780390616479147	F	NaN	NaN	NaN
	48197	19.12701748768191	0.11641370225850531	F	NaN	NaN	NaN
	48198	19.14842372801654	0.11488141054726522	F	NaN	NaN	NaN
	48199	19.169902609944916	0.11332404451750352	F	NaN	NaN	NaN
	48200	19.191381491873294	0.11176667848774186	F	NaN	NaN	NaN
	48201	19.212860373801675	0.11020931245798019	F	NaN	NaN	NaN
	48202	19.234339255730053	0.1086519464282185	F	NaN	NaN	NaN
	48203	19.255958998933824	0.10715948652255497	F	NaN	NaN	NaN
	48204	19.27790741844684	0.105818474239785	F	NaN	NaN	NaN
	48205	19.299855837959857	0.10447746195701502	F	NaN	NaN	NaN
	48206	19.321804257472873	0.10313644967424505	F	NaN	NaN	NaN
	48207	19.34375267698589	0.10179543739147508	F	NaN	NaN	NaN
	48208	19.365701096498906	0.1004544251087051	F	NaN	NaN	NaN
	48209	19.38799061442014	0.09924460224417125	F	NaN	NaN	NaN
	48210	19.410393831810772	0.09807850918571615	F	NaN	NaN	NaN
	48211	19.432797049201408	0.09691241612726101	F	NaN	NaN	NaN
	48212	19.455200266592044	0.09574632306880589	F	NaN	NaN	NaN
	48213	19.477603483982676	0.09458023001035075	F	NaN	NaN	NaN
	48214	19.50009471300743	0.09345618613359369	F	NaN	NaN	NaN
	48215	19.522937988568664	0.09250033898363196	F	NaN	NaN	NaN
	48216	19.545781264129893	0.09154449183367024	F	NaN	NaN	NaN
	48217	19.568624539691125	0.09058864468370852	F	NaN	NaN	NaN
	48218	19.591467815252358	0.08963279753374678	F	NaN	NaN	NaN
	48219	19.61431109081359	0.08867695038378506	F	NaN	NaN	NaN
	48220	19.637430823376146	0.08782006702595678	F	NaN	NaN	NaN
	48221	19.660699417400952	0.08701647186389232	F	NaN	NaN	NaN
	48222	19.68396801142576	0.08621287670182785	F	NaN	NaN	NaN
	48223	19.707236605450564	0.0854092815397634	F	NaN	NaN	NaN
	48224	19.73050519947537	0.08460568637769894	F	NaN	NaN	NaN
	48225	19.75381485137583	0.08381783880416774	F	NaN	NaN	NaN
	48226	19.77749402415719	0.08317171952743828	F	NaN	NaN	NaN
	48227	19.80117319693855	0.0825256002507088	F	NaN	NaN	NaN
	48228	19.82485236971991	0.08187948097397932	F	NaN	NaN	NaN
	48229	19.848531542501267	0.08123336169724986	F	NaN	NaN	NaN
	48230	19.872210715282627	0.08058724242052039	F	NaN	NaN	NaN
	48231	19.89610759954123	0.08000942842866038	F	NaN	NaN	NaN
	48232	19.92018261137212	0.07948750057896561	F	NaN	NaN	NaN
	48233	19.94425762320301	0.07896557272927086	F	NaN	NaN	NaN
	48234	19.968332635033903	0.07844364487957611	F	NaN	NaN	NaN
	48235	19.992407646864795	0.07792171702988135	F	NaN	NaN	NaN
	48236	20.016482658695686	0.0773997891801866	F	NaN	NaN	NaN
	48237	20.04078510082593	0.07682767747103542	F	NaN	NaN	NaN
	48238	20.065155559255103	0.07627757054004564	F	NaN	NaN	NaN
	48239	20.0895935591687	0.07575743587519844	F	NaN	NaN	NaN
	48240	20.114102963505395	0.07553073495247847	F	NaN	NaN	NaN
	48241	20.138673102527978	0.075127730539449	F	NaN	NaN	NaN
	48242	20.16331282583036	0.07489710208656208	F	NaN	NaN	NaN
	48243	20.1880170286343	0.07453916023762824	F	NaN	NaN	NaN
	48244	20.212785241987177	0.07420948818977421	F	NaN	NaN	NaN
	48245	20.2376215389715	0.07399103234282944	F	NaN	NaN	NaN
	48246	20.262516413459682	0.07379417161511408	F	NaN	NaN	NaN
	48247	20.287482835023408	0.07362467609002275	F	NaN	NaN	NaN
	48248	20.312506943081026	0.07347836686507626	F	NaN	NaN	NaN
	48249	20.337597118273848	0.07336028495832222	F	NaN	NaN	NaN
	48250	20.362748490299932	0.07305108778898112	F	NaN	NaN	NaN
	48251	20.387960590206657	0.07291768182521485	F	NaN	NaN	NaN
	48252	20.413237256600226	0.07302467874784688	F	NaN	NaN	NaN
	48253	20.43856945230566	0.07302038090026967	F	NaN	NaN	NaN
	48254	20.46397283780701	0.0730668271260903	F	NaN	NaN	NaN
	48255	20.489447333307965	0.07316920772632426	F	NaN	NaN	NaN
	48256	20.51499312545855	0.07330305808266134	F	NaN	NaN	NaN
	48257	20.540610400908815	0.0733443954673198	F	NaN	NaN	NaN
	48258	20.566299346308792	0.07348238510308493	F	NaN	NaN	NaN
	48259	20.592060148308516	0.07381500561105728	F	NaN	NaN	NaN
	48260	20.617892993558026	0.07421313670151104	F	NaN	NaN	NaN
	48261	20.64379806870735	0.07459732424368487	F	NaN	NaN	NaN
	48262	20.669775560406528	0.07492349321856713	F	NaN	NaN	NaN
	48263	20.695825655305594	0.07550942849099654	F	NaN	NaN	NaN
	48264	20.721948540054584	0.07625248187673452	F	NaN	NaN	NaN
	48265	20.74814440130354	0.07697768027476924	F	NaN	NaN	NaN
	48266	20.774413425702495	0.0777758181898977	F	NaN	NaN	NaN
	48267	20.800755799901484	0.07864759943748866	F	NaN	NaN	NaN
	48268	20.827171710550537	0.07959354811648767	F	NaN	NaN	NaN
	48269	20.853661344299695	0.08061401084222596	F	NaN	NaN	NaN
	48270	20.880224887799	0.08189819065823023	F	NaN	NaN	NaN
	48271	20.906862527698475	0.08308265028927855	F	NaN	NaN	NaN
	48272	20.933574450648166	0.08431854288959542	F	NaN	NaN	NaN
	48273	20.96036271297448	0.08563052415034011	F	NaN	NaN	NaN
	48274	20.987238953184278	0.08702935531627036	F	NaN	NaN	NaN
	48275	21.014181099503418	0.08860283916376813	F	NaN	NaN	NaN
	48276	21.041189254728078	0.09032057531960866	F	NaN	NaN	NaN
	48277	21.06826862562055	0.09215546477448447	F	NaN	NaN	NaN
	48278	21.095444971869153	0.09384356626977367	F	NaN	NaN	NaN
	48279	21.12268787526957	0.09546253437525624	F	NaN	NaN	NaN
	48280	21.149997438617977	0.09715692310093053	F	NaN	NaN	NaN
	48281	21.177384075438958	0.09920038910262591	F	NaN	NaN	NaN
	48282	21.204863508815567	0.10133963060007314	F	NaN	NaN	NaN
	48283	21.232410150386464	0.10329576965787897	F	NaN	NaN	NaN
	48284	21.260024102947817	0.10515206018362058	F	NaN	NaN	NaN
	48285	21.287721089582686	0.10724302838201955	F	NaN	NaN	NaN
	48286	21.315506591176508	0.10914963352908963	F	NaN	NaN	NaN
	48287	21.343359952007084	0.11120469740982648	F	NaN	NaN	NaN
	48288	21.371281274870594	0.11345259027475887	F	NaN	NaN	NaN
	48289	21.39929169520473	0.11576755150802243	F	NaN	NaN	NaN
	48290	21.427386246104966	0.11814414549853317	F	NaN	NaN	NaN
	48291	21.45554930728442	0.12056999556207915	F	NaN	NaN	NaN
	48292	21.48378098153928	0.12303819128618373	F	NaN	NaN	NaN
	48293	21.51210791945807	0.12551517123435085	F	NaN	NaN	NaN
	48294	21.540514500753922	0.1283377030662639	F	NaN	NaN	NaN
	48295	21.568990243371463	0.131166262553017	F	NaN	NaN	NaN
	48296	21.597535250106876	0.13383449600211408	F	NaN	NaN	NaN
	48297	21.6261817894957	0.136567489468371	F	NaN	NaN	NaN
	48298	21.65490338227637	0.13934716573278227	F	NaN	NaN	NaN
	48299	21.6836947874212	0.14216969876549815	F	NaN	NaN	NaN
	48300	21.712556107726368	0.14503466724286063	F	NaN	NaN	NaN
	48301	21.741505032277075	0.14772635647690663	F	NaN	NaN	NaN
	48302	21.770516388644534	0.15092822420669702	F	NaN	NaN	NaN
	48303	21.799595716749295	0.15370098132652918	F	NaN	NaN	NaN
	48304	21.828738099321537	0.1565086761599498	F	NaN	NaN	NaN
	48305	21.857949128169373	0.15961208526478055	F	NaN	NaN	NaN
	48306	21.88722383413543	0.1627611572601912	F	NaN	NaN	NaN
	48307	21.916567860915368	0.1659592526160471	F	NaN	NaN	NaN
	48308	21.94597618746425	0.16920219847563545	F	NaN	NaN	NaN
	48309	21.975500526346995	0.1725244851458702	F	NaN	NaN	NaN
	48310	22.005024865229743	0.17584677181610497	F	NaN	NaN	NaN
	48311	22.034647241525274	0.17938968846146916	F	NaN	NaN	NaN
	48312	22.064334976095996	0.18307969175692057	F	NaN	NaN	NaN
	48313	22.094055763394756	0.18679536569299354	F	NaN	NaN	NaN
	48314	22.12390876160565	0.1906137221915547	F	NaN	NaN	NaN
	48315	22.153761759816547	0.19443207869011586	F	NaN	NaN	NaN
	48316	22.18374846330134	0.198122178343011	F	NaN	NaN	NaN
	48317	22.213768593104607	0.20178021378449018	F	NaN	NaN	NaN
	48318	22.243856322725698	0.2054792420386352	F	NaN	NaN	NaN
	48319	22.274045452073523	0.20923975951177862	F	NaN	NaN	NaN
	48320	22.304234581421348	0.21300027698492202	F	NaN	NaN	NaN
	48321	22.334594578265925	0.21686119945989246	F	NaN	NaN	NaN
	48322	22.364954575110502	0.22072212193486287	F	NaN	NaN	NaN
	48323	22.39541821322445	0.22464205569453044	F	NaN	NaN	NaN
	48324	22.425950945517975	0.228601330310663	F	NaN	NaN	NaN
	48325	22.45651859849173	0.2325798687105943	F	NaN	NaN	NaN
	48326	22.487225934186398	0.23663546224572235	F	NaN	NaN	NaN
	48327	22.51793326988107	0.2406910557808504	F	NaN	NaN	NaN
	48328	22.548781782658402	0.24452361128639416	F	NaN	NaN	NaN
	48329	22.579665589706405	0.24830040728454283	F	NaN	NaN	NaN
	48330	22.61062073247662	0.25225695203855625	F	NaN	NaN	NaN
	48331	22.641682878830146	0.2564831199263651	F	NaN	NaN	NaN
	48332	22.672745025183676	0.2607092878141739	F	NaN	NaN	NaN
	48333	22.703987378794928	0.26543093863330625	F	NaN	NaN	NaN
	48334	22.735229732406175	0.2701525894524386	F	NaN	NaN	NaN
	48335	22.766581331143374	0.27444076510214704	F	NaN	NaN	NaN
	48336	22.798005759964536	0.27843995730557114	F	NaN	NaN	NaN
	48337	22.82946697741812	0.2825374613566666	F	NaN	NaN	NaN
	48338	22.861075349401396	0.28702821279845436	F	NaN	NaN	NaN
	48339	22.89268372138467	0.29151896424024215	F	NaN	NaN	NaN
	48340	22.924440742259385	0.2964410945622772	F	NaN	NaN	NaN
	48341	22.956234925356956	0.3014710696043721	F	NaN	NaN	NaN
	48342	22.988104180081127	0.30617007060613954	F	NaN	NaN	NaN
	48343	23.020086042245197	0.31037261054741894	F	NaN	NaN	NaN
	48344	23.052067904409267	0.3145751504886983	F	NaN	NaN	NaN
	48345	23.084239313592025	0.3193131311715293	F	NaN	NaN	NaN
	48346	23.116410722774784	0.3240511118543603	F	NaN	NaN	NaN
	48347	23.14869698094007	0.3288362984184833	F	NaN	NaN	NaN
	48348	23.181059805093707	0.3336529555701344	F	NaN	NaN	NaN
	48349	23.21346128583196	0.3384849855884487	F	NaN	NaN	NaN
	48350	23.246017392908676	0.34337850707341666	F	NaN	NaN	NaN
	48351	23.278573499985388	0.3482720285583847	F	NaN	NaN	NaN
	48352	23.311285727762318	0.35280029964205417	F	NaN	NaN	NaN
	48353	23.3440369857143	0.35723725812540075	F	NaN	NaN	NaN
	48354	23.376867051197266	0.36170352271779815	F	NaN	NaN	NaN
	48355	23.40981532797671	0.36621374647377164	F	NaN	NaN	NaN
	48356	23.442763604756152	0.3707239702297451	F	NaN	NaN	NaN

# FILTER I
#        MJD  MAG  MAGERR  Upperlimit  Instrument  Telescope  Source
	48026	15.421528631428535	0.07570166184646417	F	NaN	NaN	NaN
	48027	15.444634429352734	0.07293247044142262	F	NaN	NaN	NaN
	48028	15.467648532258098	0.0702288690276518	F	NaN	NaN	NaN
	48029	15.490570819927953	0.06759170879776603	F	NaN	NaN	NaN
	48030	15.513401172145617	0.06502188259053235	F	NaN	NaN	NaN
	48031	15.53610870332701	0.06254380088177314	F	NaN	NaN	NaN
	48032	15.558723938406176	0.060136146108694034	F	NaN	NaN	NaN
	48033	15.58124675716644	0.057658900273679606	F	NaN	NaN	NaN
	48034	15.603677039391123	0.05522142963603233	F	NaN	NaN	NaN
	48035	15.62601466486355	0.053182484711972594	F	NaN	NaN	NaN
	48036	15.648228507566277	0.05121284747910386	F	NaN	NaN	NaN
	48037	15.670349332866708	0.04912323027359064	F	NaN	NaN	NaN
	48038	15.69237702054817	0.04700495699757161	F	NaN	NaN	NaN
	48039	15.714311450393982	0.0449845213253404	F	NaN	NaN	NaN
	48040	15.73615250218747	0.04322358670334557	F	NaN	NaN	NaN
	48041	15.757868809477829	0.04157581328128257	F	NaN	NaN	NaN
	48042	15.779491378065824	0.04000207394588207	F	NaN	NaN	NaN
	48043	15.801020087734782	0.038410213078186685	F	NaN	NaN	NaN
	48044	15.822454818268021	0.03687144853118171	F	NaN	NaN	NaN
	48045	15.843795449448864	0.03562037162979517	F	NaN	NaN	NaN
	48046	15.865010374393156	0.03447415755910205	F	NaN	NaN	NaN
	48047	15.88613083933502	0.03347820961768023	F	NaN	NaN	NaN
	48048	15.907156724057774	0.032506228808803654	F	NaN	NaN	NaN
	48049	15.92808790834474	0.03156155184041662	F	NaN	NaN	NaN
	48050	15.948924271979239	0.03077715112513385	F	NaN	NaN	NaN
	48051	15.969646648866762	0.03002722731639914	F	NaN	NaN	NaN
	48052	15.990267537500957	0.029383357451176352	F	NaN	NaN	NaN
	48053	16.010786784004473	0.028933781521353952	F	NaN	NaN	NaN
	48054	16.031204234499963	0.02848623329037474	F	NaN	NaN	NaN
	48055	16.05151724067501	0.02795351360332008	F	NaN	NaN	NaN
	48056	16.071725252809678	0.02757186363391266	F	NaN	NaN	NaN
	48057	16.09183126491537	0.02736819088864838	F	NaN	NaN	NaN
	48058	16.111838271003478	0.027327731839778373	F	NaN	NaN	NaN
	48059	16.13174903241566	0.027291448062137236	F	NaN	NaN	NaN
	48060	16.151567016237312	0.027341237204048265	F	NaN	NaN	NaN
	48061	16.17129519327624	0.027396196850007267	F	NaN	NaN	NaN
	48062	16.190923897428277	0.027404214389420735	F	NaN	NaN	NaN
	48063	16.210444146274167	0.02763793786772952	F	NaN	NaN	NaN
	48064	16.229858958746025	0.027986903266139687	F	NaN	NaN	NaN
	48065	16.249171353775974	0.028474376822224635	F	NaN	NaN	NaN
	48066	16.268384350296127	0.028682082062783273	F	NaN	NaN	NaN
	48067	16.287500967238618	0.02890820768532113	F	NaN	NaN	NaN
	48068	16.306524223535547	0.029047831636053782	F	NaN	NaN	NaN
	48069	16.325457138119052	0.029498783683069147	F	NaN	NaN	NaN
	48070	16.344302729921235	0.02985416434561016	F	NaN	NaN	NaN
	48071	16.363064017874233	0.02988855692766961	F	NaN	NaN	NaN
	48072	16.381725555437146	0.030348094995706894	F	NaN	NaN	NaN
	48073	16.400272382207874	0.030573130445560093	F	NaN	NaN	NaN
	48074	16.418708246326702	0.030791105137075857	F	NaN	NaN	NaN
	48075	16.437036895933918	0.031000853378207963	F	NaN	NaN	NaN
	48076	16.455262079169813	0.031201532442566585	F	NaN	NaN	NaN
	48077	16.47338562477286	0.03139238631327229	F	NaN	NaN	NaN
	48078	16.491417039088798	0.03157371060264045	F	NaN	NaN	NaN
	48079	16.509352542576263	0.03163518839718995	F	NaN	NaN	NaN
	48080	16.527203111205964	0.031797498900068194	F	NaN	NaN	NaN
	48081	16.544965565138998	0.031833857078909525	F	NaN	NaN	NaN
	48082	16.562650280643627	0.03208219030173741	F	NaN	NaN	NaN
	48083	16.580254677583383	0.03221422108243442	F	NaN	NaN	NaN
	48084	16.59778853252409	0.03233965571401541	F	NaN	NaN	NaN
	48085	16.615220520929736	0.03266914264977171	F	NaN	NaN	NaN
	48086	16.632525615363818	0.03277707526275326	F	NaN	NaN	NaN
	48087	16.64970819186597	0.0327730697805859	F	NaN	NaN	NaN
	48088	16.666772626475836	0.03276736211519028	F	NaN	NaN	NaN
	48089	16.683723295233076	0.032760691507854746	F	NaN	NaN	NaN
	48090	16.700564574177324	0.03286712024692037	F	NaN	NaN	NaN
	48091	16.717300839348233	0.032983377122612005	F	NaN	NaN	NaN
	48092	16.73393646678545	0.03300692154441971	F	NaN	NaN	NaN
	48093	16.750475832528622	0.03304584576962174	F	NaN	NaN	NaN
	48094	16.766923312617386	0.03331454151420904	F	NaN	NaN	NaN
	48095	16.783283283091396	0.03350038369555299	F	NaN	NaN	NaN
	48096	16.7995601199903	0.033714050277701725	F	NaN	NaN	NaN
	48097	16.815758199353734	0.0339547146447385	F	NaN	NaN	NaN
	48098	16.831881897221354	0.03422692204409056	F	NaN	NaN	NaN
	48099	16.84793558963281	0.03441279382965097	F	NaN	NaN	NaN
	48100	16.863923652627737	0.03463112423141013	F	NaN	NaN	NaN
	48101	16.87985046224579	0.035002733371776444	F	NaN	NaN	NaN
	48102	16.895720394526606	0.0354210036119606	F	NaN	NaN	NaN
	48103	16.911537825509843	0.035765282054857045	F	NaN	NaN	NaN
	48104	16.927307131235136	0.03639458819320214	F	NaN	NaN	NaN
	48105	16.943031790358514	0.0369579559963356	F	NaN	NaN	NaN
	48106	16.95871763851256	0.03761909743385751	F	NaN	NaN	NaN
	48107	16.97436891170365	0.038564359476659454	F	NaN	NaN	NaN
	48108	16.98998984593816	0.03936718420915719	F	NaN	NaN	NaN
	48109	17.005584677222473	0.04017474155502293	F	NaN	NaN	NaN
	48110	17.021157166523057	0.04116404412421644	F	NaN	NaN	NaN
	48111	17.03671194697188	0.04209778687767801	F	NaN	NaN	NaN
	48112	17.05225386199044	0.04295415757093838	F	NaN	NaN	NaN
	48113	17.067787147585104	0.04403681123605986	F	NaN	NaN	NaN
	48114	17.083316039762252	0.04535962240261664	F	NaN	NaN	NaN
	48115	17.098844774528267	0.046612916435105456	F	NaN	NaN	NaN
	48116	17.11437790825071	0.04795903801058789	F	NaN	NaN	NaN
	48117	17.12991980523061	0.049400478522594896	F	NaN	NaN	NaN
	48118	17.145474841507628	0.05094188164749108	F	NaN	NaN	NaN
	48119	17.161047393121397	0.05297698570939439	F	NaN	NaN	NaN
	48120	17.176641836111568	0.05492695568959695	F	NaN	NaN	NaN
	48121	17.19226254651779	0.05679288367980997	F	NaN	NaN	NaN
	48122	17.207913900379705	0.0587775694608834	F	NaN	NaN	NaN
	48123	17.223600273736967	0.06088650512340539	F	NaN	NaN	NaN
	48124	17.239326042629205	0.06312529834574702	F	NaN	NaN	NaN
	48125	17.255095583096082	0.06549965188116613	F	NaN	NaN	NaN
	48126	17.271386285169353	0.06765010424272772	F	NaN	NaN	NaN
	48127	17.287676987242623	0.0698005566042893	F	NaN	NaN	NaN
	48128	17.303967689315897	0.07195100896585088	F	NaN	NaN	NaN
	48129	17.320258391389167	0.07410146132741247	F	NaN	NaN	NaN
	48130	17.336549093462438	0.07625191368897408	F	NaN	NaN	NaN
	48131	17.353271510261067	0.07835272845498936	F	NaN	NaN	NaN
	48132	17.370521578390697	0.08039287504866958	F	NaN	NaN	NaN
	48133	17.387771646520328	0.08243302164234982	F	NaN	NaN	NaN
	48134	17.40502171464996	0.08447316823603004	F	NaN	NaN	NaN
	48135	17.42227178277959	0.08651331482971028	F	NaN	NaN	NaN
	48136	17.439521850909223	0.0885534614233905	F	NaN	NaN	NaN
	48137	17.457586386389846	0.08997485549937521	F	NaN	NaN	NaN
	48138	17.475741418242798	0.09132749929561709	F	NaN	NaN	NaN
	48139	17.493896450095754	0.09268014309185897	F	NaN	NaN	NaN
	48140	17.51205148194871	0.09403278688810084	F	NaN	NaN	NaN
	48141	17.530206513801662	0.09538543068434271	F	NaN	NaN	NaN
	48142	17.548659242141216	0.0965935950516395	F	NaN	NaN	NaN
	48143	17.567664835384452	0.0975334404794651	F	NaN	NaN	NaN
	48144	17.58667042862769	0.09847328590729071	F	NaN	NaN	NaN
	48145	17.605676021870927	0.09941313133511631	F	NaN	NaN	NaN
	48146	17.624681615114167	0.10035297676294191	F	NaN	NaN	NaN
	48147	17.643687208357402	0.10129282219076752	F	NaN	NaN	NaN
	48148	17.66332972884644	0.10188730045324082	F	NaN	NaN	NaN
	48149	17.68313148114692	0.10239543692437761	F	NaN	NaN	NaN
	48150	17.7029332334474	0.10290357339551442	F	NaN	NaN	NaN
	48151	17.722734985747884	0.10341170986665121	F	NaN	NaN	NaN
	48152	17.742536738048365	0.103919846337788	F	NaN	NaN	NaN
	48153	17.7625239295299	0.10433181743321124	F	NaN	NaN	NaN
	48154	17.783067438554585	0.10445529240149384	F	NaN	NaN	NaN
	48155	17.803610947579276	0.10457876736977648	F	NaN	NaN	NaN
	48156	17.824154456603964	0.10470224233805908	F	NaN	NaN	NaN
	48157	17.844697965628654	0.10482571730634171	F	NaN	NaN	NaN
	48158	17.86524147465334	0.10494919227462432	F	NaN	NaN	NaN
	48159	17.886266131751846	0.10480259252071518	F	NaN	NaN	NaN
	48160	17.9074969951677	0.10454024645729365	F	NaN	NaN	NaN
	48161	17.928727858583553	0.10427790039387214	F	NaN	NaN	NaN
	48162	17.94995872199941	0.10401555433045064	F	NaN	NaN	NaN
	48163	17.971189585415264	0.1037532082670291	F	NaN	NaN	NaN
	48164	17.992515391639838	0.10346276905825466	F	NaN	NaN	NaN
	48165	18.01437920711382	0.10301313535914869	F	NaN	NaN	NaN
	48166	18.0362430225878	0.10256350166004272	F	NaN	NaN	NaN
	48167	18.058106838061782	0.10211386796093673	F	NaN	NaN	NaN
	48168	18.079970653535767	0.10166423426183077	F	NaN	NaN	NaN
	48169	18.10183446900975	0.1012146005627248	F	NaN	NaN	NaN
	48170	18.124045414318783	0.1006154302685294	F	NaN	NaN	NaN
	48171	18.14648777951785	0.09991656891094047	F	NaN	NaN	NaN
	48172	18.168930144716924	0.09921770755335155	F	NaN	NaN	NaN
	48173	18.191372509915993	0.0985188461957626	F	NaN	NaN	NaN
	48174	18.213814875115062	0.09781998483817368	F	NaN	NaN	NaN
	48175	18.236283447683736	0.09711208135267474	F	NaN	NaN	NaN
	48176	18.259249960274857	0.09623237743689614	F	NaN	NaN	NaN
	48177	18.282216472865976	0.09535267352111752	F	NaN	NaN	NaN
	48178	18.305182985457094	0.09447296960533891	F	NaN	NaN	NaN
	48179	18.328149498048216	0.09359326568956032	F	NaN	NaN	NaN
	48180	18.351116010639334	0.09271356177378172	F	NaN	NaN	NaN
	48181	18.37431739575996	0.09184671247119272	F	NaN	NaN	NaN
	48182	18.39775365341009	0.0909927177817933	F	NaN	NaN	NaN
	48183	18.42118991106022	0.0901387230923939	F	NaN	NaN	NaN
	48184	18.44462616871035	0.08928472840299448	F	NaN	NaN	NaN
	48185	18.468062426360483	0.08843073371359508	F	NaN	NaN	NaN
	48186	18.49149868401061	0.08757673902419569	F	NaN	NaN	NaN
	48187	18.515329517250414	0.08677683411962056	F	NaN	NaN	NaN
	48188	18.539181117626516	0.08597977604582584	F	NaN	NaN	NaN
	48189	18.563032718002617	0.08518271797203111	F	NaN	NaN	NaN
	48190	18.58688431837872	0.08438565989823639	F	NaN	NaN	NaN
	48191	18.610735918754823	0.08358860182444168	F	NaN	NaN	NaN
	48192	18.6347318952881	0.08283259471984042	F	NaN	NaN	NaN
	48193	18.658944436057133	0.082138164069029	F	NaN	NaN	NaN
	48194	18.683156976826165	0.08144373341821758	F	NaN	NaN	NaN
	48195	18.7073695175952	0.08074930276740615	F	NaN	NaN	NaN
	48196	18.731582058364236	0.08005487211659472	F	NaN	NaN	NaN
	48197	18.75579459913327	0.0793604414657833	F	NaN	NaN	NaN
	48198	18.780267697253212	0.07878423440124904	F	NaN	NaN	NaN
	48199	18.80478677608214	0.07822889032252867	F	NaN	NaN	NaN
	48200	18.829305854911066	0.07767354624380829	F	NaN	NaN	NaN
	48201	18.853824933739997	0.07711820216508788	F	NaN	NaN	NaN
	48202	18.878344012568924	0.07656285808636751	F	NaN	NaN	NaN
	48203	18.902938732115906	0.07599614032836512	F	NaN	NaN	NaN
	48204	18.92770994667169	0.07540288398537176	F	NaN	NaN	NaN
	48205	18.95248116122747	0.07480962764237843	F	NaN	NaN	NaN
	48206	18.977252375783255	0.07421637129938508	F	NaN	NaN	NaN
	48207	19.00202359033904	0.07362311495639173	F	NaN	NaN	NaN
	48208	19.02679480489482	0.07302985861339838	F	NaN	NaN	NaN
	48209	19.051714319495964	0.07256640803402137	F	NaN	NaN	NaN
	48210	19.07668326744556	0.07214622604251647	F	NaN	NaN	NaN
	48211	19.10165221539516	0.07172604405101156	F	NaN	NaN	NaN
	48212	19.126621163344755	0.07130586205950666	F	NaN	NaN	NaN
	48213	19.151590111294354	0.07088568006800175	F	NaN	NaN	NaN
	48214	19.176587725456105	0.07047285464583697	F	NaN	NaN	NaN
	48215	19.201700004466478	0.07008945550103324	F	NaN	NaN	NaN
	48216	19.22681228347685	0.06970605635622949	F	NaN	NaN	NaN
	48217	19.251924562487226	0.06932265721142576	F	NaN	NaN	NaN
	48218	19.277036841497598	0.06893925806662202	F	NaN	NaN	NaN
	48219	19.302149120507973	0.06855585892181829	F	NaN	NaN	NaN
	48220	19.327319203191376	0.06821624543990316	F	NaN	NaN	NaN
	48221	19.352520410929486	0.06790020885338946	F	NaN	NaN	NaN
	48222	19.377721618667596	0.06758417226687574	F	NaN	NaN	NaN
	48223	19.40292282640571	0.06726813568036204	F	NaN	NaN	NaN
	48224	19.42812403414382	0.06695209909384833	F	NaN	NaN	NaN
	48225	19.453328694521403	0.06663702913694461	F	NaN	NaN	NaN
	48226	19.478564428654213	0.06633065884653093	F	NaN	NaN	NaN
	48227	19.503800162787023	0.06602428855611725	F	NaN	NaN	NaN
	48228	19.529035896919833	0.06571791826570356	F	NaN	NaN	NaN
	48229	19.554271631052643	0.06541154797528988	F	NaN	NaN	NaN
	48230	19.579507365185453	0.0651051776848762	F	NaN	NaN	NaN
	48231	19.604732167552175	0.06483491587877388	F	NaN	NaN	NaN
	48232	19.629948025746643	0.06459419737801686	F	NaN	NaN	NaN
	48233	19.65516388394111	0.06435347887725985	F	NaN	NaN	NaN
	48234	19.680379742135578	0.06411276037650283	F	NaN	NaN	NaN
	48235	19.705595600330046	0.06387204187574581	F	NaN	NaN	NaN
	48236	19.730811458524514	0.06363132337498881	F	NaN	NaN	NaN
	48237	19.755992258541614	0.06336110092918767	F	NaN	NaN	NaN
	48238	19.781157908920235	0.06310807197110081	F	NaN	NaN	NaN
	48239	19.806306643494224	0.06311668381452024	F	NaN	NaN	NaN
	48240	19.831436696097423	0.0629040451284739	F	NaN	NaN	NaN
	48241	19.85658091649787	0.06273437267245544	F	NaN	NaN	NaN
	48242	19.88176492140416	0.06261419881802471	F	NaN	NaN	NaN
	48243	19.906995987313913	0.06255607773878855	F	NaN	NaN	NaN
	48244	19.932268571825958	0.0625342661216526	F	NaN	NaN	NaN
	48245	19.957587134705154	0.06247877517389716	F	NaN	NaN	NaN
	48246	19.98294897129791	0.06246057219970069	F	NaN	NaN	NaN
	48247	20.008355682606663	0.06264951408758293	F	NaN	NaN	NaN
	48248	20.03380744375511	0.06291296747322223	F	NaN	NaN	NaN
	48249	20.059302954953555	0.06313147050509438	F	NaN	NaN	NaN
	48250	20.084845313132654	0.06327526259480899	F	NaN	NaN	NaN
	48251	20.110430275680912	0.06313197996046926	F	NaN	NaN	NaN
	48252	20.13606390336564	0.0638335910894371	F	NaN	NaN	NaN
	48253	20.161738968723842	0.06407389118171317	F	NaN	NaN	NaN
	48254	20.187462130303956	0.06460409781468984	F	NaN	NaN	NaN
	48255	20.21323116293695	0.06551119432692551	F	NaN	NaN	NaN
	48256	20.23904623242041	0.0666082467074682	F	NaN	NaN	NaN
	48257	20.264907504551893	0.0675443805322645	F	NaN	NaN	NaN
	48258	20.29081514512899	0.06814626043991036	F	NaN	NaN	NaN
	48259	20.316769319949273	0.06924312912699628	F	NaN	NaN	NaN
	48260	20.34277019481032	0.07000799409901845	F	NaN	NaN	NaN
	48261	20.36881793550971	0.0706108210230552	F	NaN	NaN	NaN
	48262	20.39491270784501	0.07193244208287176	F	NaN	NaN	NaN
	48263	20.421054677613803	0.07349289932308434	F	NaN	NaN	NaN
	48264	20.447244010613666	0.0749841085011884	F	NaN	NaN	NaN
	48265	20.473480872642167	0.07638327238758903	F	NaN	NaN	NaN
	48266	20.499765429496893	0.07802233574160496	F	NaN	NaN	NaN
	48267	20.52609784697541	0.07974074576675677	F	NaN	NaN	NaN
	48268	20.552478290875307	0.0810479603887505	F	NaN	NaN	NaN
	48269	20.578906926994144	0.08290615494069128	F	NaN	NaN	NaN
	48270	20.605383921129512	0.08483894536059897	F	NaN	NaN	NaN
	48271	20.63190943907898	0.08767026962664845	F	NaN	NaN	NaN
	48272	20.658483646640125	0.09007530951431619	F	NaN	NaN	NaN
	48273	20.685106709610523	0.0922340320175712	F	NaN	NaN	NaN
	48274	20.711783017142583	0.09473363425452647	F	NaN	NaN	NaN
	48275	20.73849691977608	0.09673083000902938	F	NaN	NaN	NaN
	48276	20.765248559456865	0.09883577885363287	F	NaN	NaN	NaN
	48277	20.792041017376956	0.10182338023256163	F	NaN	NaN	NaN
	48278	20.81888932097417	0.10483822530096451	F	NaN	NaN	NaN
	48279	20.845776118663224	0.10762823221906816	F	NaN	NaN	NaN
	48280	20.872701552389973	0.11036416784723736	F	NaN	NaN	NaN
	48281	20.899671784538462	0.1133904336629914	F	NaN	NaN	NaN
	48282	20.926696200630587	0.1165124705733504	F	NaN	NaN	NaN
	48283	20.953760009804967	0.11966260075278548	F	NaN	NaN	NaN
	48284	20.980863354007454	0.12273892847258752	F	NaN	NaN	NaN
	48285	21.008015618759956	0.12546293059854924	F	NaN	NaN	NaN
	48286	21.035220263776772	0.1284017502810465	F	NaN	NaN	NaN
	48287	21.062465200866246	0.1315912933393718	F	NaN	NaN	NaN
	48288	21.089750571974236	0.1349626035557707	F	NaN	NaN	NaN
	48289	21.11708912770638	0.13815797942810062	F	NaN	NaN	NaN
	48290	21.14447811807765	0.1414103889356306	F	NaN	NaN	NaN
	48291	21.171908299511987	0.14470816354268512	F	NaN	NaN	NaN
	48292	21.199379813955247	0.14805065842733972	F	NaN	NaN	NaN
	48293	21.22690891904265	0.15145346221241973	F	NaN	NaN	NaN
	48294	21.254486371198144	0.15490497401178083	F	NaN	NaN	NaN
	48295	21.282105913407115	0.158397893059119	F	NaN	NaN	NaN
	48296	21.309767687615423	0.16193161704729087	F	NaN	NaN	NaN
	48297	21.33749160043371	0.1655232544796294	F	NaN	NaN	NaN
	48298	21.365261630803193	0.16915622225659566	F	NaN	NaN	NaN
	48299	21.393074650216565	0.17295211804393607	F	NaN	NaN	NaN
	48300	21.42093080061968	0.1770176988415547	F	NaN	NaN	NaN
	48301	21.448846076243264	0.18075383202406686	F	NaN	NaN	NaN
	48302	21.476809123603925	0.18452808251554362	F	NaN	NaN	NaN
	48303	21.504824193681934	0.1883426411659397	F	NaN	NaN	NaN
	48304	21.532887533962576	0.19288176252885453	F	NaN	NaN	NaN
	48305	21.561003436964917	0.19677701197712597	F	NaN	NaN	NaN
	48306	21.589168108635434	0.2012981316068129	F	NaN	NaN	NaN
	48307	21.617385883031996	0.20526568271607654	F	NaN	NaN	NaN
	48308	21.645652924562295	0.20926622919451504	F	NaN	NaN	NaN