###################### HEADER ######################
# SNNAME:	SN2012hn
###################### HEADER ######################


# FILTER B
#        MJD  MAG  MAGERR  Upperlimit  Instrument  Telescope  Source
	56032	19.863372064255636	0.08287453959533082	F	NaN	NaN	NaN
	56033	19.936596847431836	0.10535034641156565	F	NaN	NaN	NaN
	56034	20.020816996538645	0.12407111325014847	F	NaN	NaN	NaN
	56035	20.11648292096567	0.13178373000318586	F	NaN	NaN	NaN
	56036	20.224340815319866	0.12606340933729746	F	NaN	NaN	NaN
	56037	20.345015573828427	0.1053827208838476	F	NaN	NaN	NaN
	56038	20.478875718064316	0.07759858757605856	F	NaN	NaN	NaN
	56039	20.632039715901723	0.06625112445892342	F	NaN	NaN	NaN
	56040	20.7879386546479	0.10290073284548293	F	NaN	NaN	NaN
	56041	20.92641163916927	0.135262944249233	F	NaN	NaN	NaN
	56042	21.053333266360976	0.15422090686729392	F	NaN	NaN	NaN
	56043	21.168165631490943	0.16093672780956353	F	NaN	NaN	NaN
	56044	21.270418628066274	0.15224875306522445	F	NaN	NaN	NaN
	56045	21.35960214959406	0.1342227871635086	F	NaN	NaN	NaN
	56046	21.43519882186264	0.10875458608816335	F	NaN	NaN	NaN
	56047	21.496491874244924	0.09279016060360727	F	NaN	NaN	NaN
	56048	21.54395223831729	0.11830321154043563	F	NaN	NaN	NaN
	56049	21.58616679537043	0.17325611995330617	F	NaN	NaN	NaN
	56050	21.630682316983645	0.22815127935715568	F	NaN	NaN	NaN
	56051	21.6769522892015	0.269682670967697	F	NaN	NaN	NaN
	56052	21.72443019806857	0.3005845536748296	F	NaN	NaN	NaN
	56053	21.77256952962942	0.32013532011250223	F	NaN	NaN	NaN
	56054	21.820823769928626	0.3301484368448291	F	NaN	NaN	NaN
	56055	21.868646405010757	0.33074486330201	F	NaN	NaN	NaN
	56056	21.915490920920387	0.32403162868400315	F	NaN	NaN	NaN
	56057	21.960810803702085	0.3098365057712414	F	NaN	NaN	NaN
	56058	22.004059539400426	0.2902177952593051	F	NaN	NaN	NaN
	56059	22.044690614059967	0.26566555112093787	F	NaN	NaN	NaN
	56060	22.082157513725292	0.23703308944009083	F	NaN	NaN	NaN
	56061	22.115913724440972	0.20518045898272033	F	NaN	NaN	NaN
	56062	22.14541273225158	0.17162877585909625	F	NaN	NaN	NaN
	56063	22.17010802320167	0.13834219900384576	F	NaN	NaN	NaN
	56064	22.18945308333585	0.10760731737229767	F	NaN	NaN	NaN
	56065	22.202901398698643	0.0807332567871072	F	NaN	NaN	NaN
	56066	22.209906455334647	0.06473738156158146	F	NaN	NaN	NaN
	56067	22.20992173928843	0.06235786817793309	F	NaN	NaN	NaN

# FILTER I
#        MJD  MAG  MAGERR  Upperlimit  Instrument  Telescope  Source
	56032	16.74944406032897	0.031925604391545535	F	NaN	NaN	NaN
	56033	16.714653932093654	0.03833843301044065	F	NaN	NaN	NaN
	56034	16.692159664614277	0.044983268079326955	F	NaN	NaN	NaN
	56035	16.682125182398543	0.04797034034647139	F	NaN	NaN	NaN
	56036	16.684847461960928	0.04665627457758326	F	NaN	NaN	NaN
	56037	16.70001343366674	0.0411820022624997	F	NaN	NaN	NaN
	56038	16.729771397379274	0.03319956246129384	F	NaN	NaN	NaN
	56039	16.771671288538343	0.03114272438976076	F	NaN	NaN	NaN
	56040	16.82111106669913	0.03990574764912497	F	NaN	NaN	NaN
	56041	16.876017404686532	0.048198144100822835	F	NaN	NaN	NaN
	56042	16.934768398157512	0.05415135423492375	F	NaN	NaN	NaN
	56043	16.997500129528373	0.05694976397951654	F	NaN	NaN	NaN
	56044	17.064429422102172	0.05810750388174474	F	NaN	NaN	NaN
	56045	17.13577309918198	0.05903696481767739	F	NaN	NaN	NaN
	56046	17.211757395615702	0.06402433471642989	F	NaN	NaN	NaN
	56047	17.292678438435455	0.07713086484926747	F	NaN	NaN	NaN
	56048	17.377572462204586	0.09764354457215493	F	NaN	NaN	NaN
	56049	17.459897344298415	0.12118498607483931	F	NaN	NaN	NaN
	56050	17.533383029562078	0.13877078510179786	F	NaN	NaN	NaN
	56051	17.59865644056118	0.15381123938469776	F	NaN	NaN	NaN
	56052	17.656344499861213	0.16324947490251096	F	NaN	NaN	NaN
	56053	17.707074130027756	0.1683862344357277	F	NaN	NaN	NaN
	56054	17.751472253626346	0.16889701414645958	F	NaN	NaN	NaN
	56055	17.7901657932225	0.16523995146016043	F	NaN	NaN	NaN
	56056	17.823781671381802	0.1586225229843763	F	NaN	NaN	NaN
	56057	17.852946810669767	0.14936996206995357	F	NaN	NaN	NaN
	56058	17.87828813365195	0.1367455873627687	F	NaN	NaN	NaN
	56059	17.9004325628939	0.12265799015734943	F	NaN	NaN	NaN
	56060	17.92000702096115	0.10789768449538997	F	NaN	NaN	NaN
	56061	17.93755290667922	0.09330059127506074	F	NaN	NaN	NaN
	56062	17.953855604273375	0.08051118512633716	F	NaN	NaN	NaN
	56063	17.969550870898015	0.06938122787766773	F	NaN	NaN	NaN
	56064	17.985265629118683	0.06209914222869052	F	NaN	NaN	NaN
	56065	18.00162680150092	0.05888568171198731	F	NaN	NaN	NaN
	56066	18.019261310610283	0.06040572529107959	F	NaN	NaN	NaN
	56067	18.038535494776696	0.06697552070833054	F	NaN	NaN	NaN
	56068	18.05855272330979	0.07532092972739038	F	NaN	NaN	NaN
	56069	18.078569951842884	0.08366633874645021	F	NaN	NaN	NaN
	56070	18.098587180375976	0.09201174776551005	F	NaN	NaN	NaN
	56071	18.11860440890907	0.10035715678456987	F	NaN	NaN	NaN
	56072	18.13934306624144	0.10933674844461846	F	NaN	NaN	NaN
	56073	18.160513658162674	0.11869603858437242	F	NaN	NaN	NaN
	56074	18.181684250083908	0.12805532872412637	F	NaN	NaN	NaN
	56075	18.202854842005145	0.13741461886388032	F	NaN	NaN	NaN
	56076	18.22402543392638	0.1467739090036343	F	NaN	NaN	NaN
	56077	18.245956635069152	0.1545803106801489	F	NaN	NaN	NaN
	56078	18.26816773208141	0.16181526639686622	F	NaN	NaN	NaN
	56079	18.290378829093665	0.16905022211358348	F	NaN	NaN	NaN
	56080	18.312589926105925	0.17628517783030076	F	NaN	NaN	NaN
	56081	18.33480102311818	0.18352013354701807	F	NaN	NaN	NaN
	56082	18.35778809667355	0.18912202531499828	F	NaN	NaN	NaN
	56083	18.38092684047972	0.19440472287422403	F	NaN	NaN	NaN
	56084	18.404065584285892	0.19968742043344972	F	NaN	NaN	NaN
	56085	18.427204328092063	0.20497011799267545	F	NaN	NaN	NaN
	56086	18.450343071898235	0.21025281555190117	F	NaN	NaN	NaN
	56087	18.474249346468383	0.21395197693890808	F	NaN	NaN	NaN
	56088	18.49820287877135	0.21755363822188495	F	NaN	NaN	NaN
	56089	18.522156411074317	0.22115529950486182	F	NaN	NaN	NaN
	56090	18.54610994337728	0.22475696078783863	F	NaN	NaN	NaN
	56091	18.570096817364735	0.2282593378086787	F	NaN	NaN	NaN
	56092	18.594752279867382	0.22977080409932665	F	NaN	NaN	NaN
	56093	18.619407742370026	0.23128227038997462	F	NaN	NaN	NaN
	56094	18.644063204872673	0.23279373668062253	F	NaN	NaN	NaN
	56095	18.66871866737532	0.2343052029712705	F	NaN	NaN	NaN
	56096	18.693464257879057	0.23557172442155605	F	NaN	NaN	NaN
	56097	18.71870879228427	0.23548224404315238	F	NaN	NaN	NaN
	56098	18.743953326689486	0.2353927636647487	F	NaN	NaN	NaN
	56099	18.7691978610947	0.23530328328634503	F	NaN	NaN	NaN
	56100	18.79444239549991	0.23521380290794136	F	NaN	NaN	NaN
	56101	18.819810031122135	0.23476682840058305	F	NaN	NaN	NaN
	56102	18.845530779132798	0.2332943920107295	F	NaN	NaN	NaN
	56103	18.87125152714346	0.23182195562087593	F	NaN	NaN	NaN
	56104	18.896972275154127	0.2303495192310224	F	NaN	NaN	NaN
	56105	18.92269302316479	0.22887708284116887	F	NaN	NaN	NaN
	56106	18.948546032507686	0.226983086747745	F	NaN	NaN	NaN
	56107	18.974630135826683	0.2243525193041082	F	NaN	NaN	NaN
	56108	19.000714239145683	0.22172195186047144	F	NaN	NaN	NaN
	56109	19.02679834246468	0.21909138441683468	F	NaN	NaN	NaN
	56110	19.05288244578368	0.21646081697319788	F	NaN	NaN	NaN
	56111	19.079084157449447	0.21332512344655938	F	NaN	NaN	NaN
	56112	19.105418757779667	0.20961867510195875	F	NaN	NaN	NaN
	56113	19.13175335810989	0.20591222675735812	F	NaN	NaN	NaN
	56114	19.158087958440113	0.20220577841275744	F	NaN	NaN	NaN
	56115	19.184422558770333	0.19849933006815684	F	NaN	NaN	NaN
	56116	19.210836301361166	0.19448620664965083	F	NaN	NaN	NaN
	56117	19.23730854040549	0.19024641035042952	F	NaN	NaN	NaN
	56118	19.263780779449817	0.18600661405120822	F	NaN	NaN	NaN
	56119	19.29025301849414	0.1817668177519869	F	NaN	NaN	NaN
	56120	19.31672525753847	0.17752702145276558	F	NaN	NaN	NaN
	56121	19.343214359656557	0.17290661579054312	F	NaN	NaN	NaN
	56122	19.369711379117874	0.16810751109601837	F	NaN	NaN	NaN
	56123	19.396208398579194	0.16330840640149363	F	NaN	NaN	NaN
	56124	19.42270541804051	0.1585093017069689	F	NaN	NaN	NaN
	56125	19.449202437501828	0.15371019701244412	F	NaN	NaN	NaN
	56126	19.47563022774937	0.14878156858061278	F	NaN	NaN	NaN
	56127	19.502039169330562	0.1438176754162323	F	NaN	NaN	NaN
	56128	19.528448110911754	0.13885378225185185	F	NaN	NaN	NaN
	56129	19.55485705249295	0.13388988908747138	F	NaN	NaN	NaN
	56130	19.58126599407414	0.1289259959230909	F	NaN	NaN	NaN
	56131	19.607495801053325	0.12404804503129162	F	NaN	NaN	NaN
	56132	19.63370380645728	0.11918055374305402	F	NaN	NaN	NaN
	56133	19.65991181186123	0.11431306245481643	F	NaN	NaN	NaN
	56134	19.686119817265187	0.10944557116657885	F	NaN	NaN	NaN
	56135	19.712327822669142	0.10457807987834125	F	NaN	NaN	NaN
	56136	19.738222974982165	0.09994473286146013	F	NaN	NaN	NaN
	56137	19.764117185911765	0.09531209039103346	F	NaN	NaN	NaN
	56138	19.790011396841365	0.09067944792060675	F	NaN	NaN	NaN
	56139	19.815905607770965	0.08604680545018006	F	NaN	NaN	NaN
	56140	19.84175608679149	0.08150256294083202	F	NaN	NaN	NaN
	56141	19.867223644949622	0.07773235911512899	F	NaN	NaN	NaN
	56142	19.892691203107752	0.07396215528942596	F	NaN	NaN	NaN
	56143	19.91815876126588	0.07019195146372292	F	NaN	NaN	NaN
	56144	19.94362631942401	0.06642174763801988	F	NaN	NaN	NaN
	56145	19.968981659279873	0.06290000794402675	F	NaN	NaN	NaN
	56146	19.99390970636942	0.060324343213090305	F	NaN	NaN	NaN
	56147	20.018837753458968	0.057748678482153856	F	NaN	NaN	NaN
	56148	20.043765800548513	0.0551730137512174	F	NaN	NaN	NaN
	56149	20.06869384763806	0.052597349020280945	F	NaN	NaN	NaN
	56150	20.09341737693146	0.05036383141471274	F	NaN	NaN	NaN
	56151	20.11769305465531	0.048879545074117584	F	NaN	NaN	NaN
	56152	20.141968732379155	0.04739525873352243	F	NaN	NaN	NaN
	56153	20.166244410103	0.04591097239292728	F	NaN	NaN	NaN
	56154	20.190520087826847	0.04442668605233213	F	NaN	NaN	NaN
	56155	20.21447513515998	0.04338129926496565	F	NaN	NaN	NaN
	56156	20.23798558522101	0.04294450589151736	F	NaN	NaN	NaN
	56157	20.261496035282043	0.04250771251806906	F	NaN	NaN	NaN
	56158	20.28500648534308	0.042070919144620765	F	NaN	NaN	NaN
	56159	20.30851693540411	0.04163412577117247	F	NaN	NaN	NaN
	56160	20.33156682937916	0.04135859716818445	F	NaN	NaN	NaN
	56161	20.354199193480262	0.041229267608769375	F	NaN	NaN	NaN
	56162	20.37683155758137	0.041099938049354294	F	NaN	NaN	NaN
	56163	20.39946392168247	0.04097060848993921	F	NaN	NaN	NaN
	56164	20.422096285783574	0.04084127893052414	F	NaN	NaN	NaN
	56165	20.444415318040015	0.04088976145667074	F	NaN	NaN	NaN
	56166	20.46651504537314	0.040907578406588735	F	NaN	NaN	NaN
	56167	20.488558775885597	0.04087672192453602	F	NaN	NaN	NaN
	56168	20.51055396584196	0.04080257415943174	F	NaN	NaN	NaN
	56169	20.532501029393913	0.040847235203043036	F	NaN	NaN	NaN
	56170	20.554399474390262	0.041056275890481324	F	NaN	NaN	NaN
	56171	20.576243751865057	0.04124723861739894	F	NaN	NaN	NaN
	56172	20.59804126329628	0.041169145590774295	F	NaN	NaN	NaN
	56173	20.61979242283561	0.04122386755425622	F	NaN	NaN	NaN
	56174	20.641496962016344	0.04137992923333827	F	NaN	NaN	NaN
	56175	20.663149177786924	0.04187854587287973	F	NaN	NaN	NaN
	56176	20.684756402026462	0.04218188721262137	F	NaN	NaN	NaN
	56177	20.70631904888662	0.04240183434614378	F	NaN	NaN	NaN
	56178	20.72783705877289	0.04250553459452382	F	NaN	NaN	NaN
	56179	20.74930460417271	0.042930107691053196	F	NaN	NaN	NaN
	56180	20.770728932554004	0.043240744481912285	F	NaN	NaN	NaN
	56181	20.792099382779544	0.0435908055661059	F	NaN	NaN	NaN
	56182	20.81344888630499	0.04395645841705994	F	NaN	NaN	NaN
	56183	20.83474287730365	0.04442642018139507	F	NaN	NaN	NaN
	56184	20.85601972045372	0.0449286030236851	F	NaN	NaN	NaN
	56185	20.877228631132592	0.0451558805628161	F	NaN	NaN	NaN
	56186	20.898426049242488	0.0453675784053732	F	NaN	NaN	NaN
	56187	20.919553551228073	0.0456949683945001	F	NaN	NaN	NaN
	56188	20.940663723355325	0.0460755973271728	F	NaN	NaN	NaN
	56189	20.961714544551818	0.046638557862960034	F	NaN	NaN	NaN
	56190	20.982735717796047	0.047223719254035706	F	NaN	NaN	NaN
	56191	21.00370851806553	0.047845103093212854	F	NaN	NaN	NaN
	56192	21.024638939526348	0.048449558957972955	F	NaN	NaN	NaN
	56193	21.045532378730915	0.0490392424705264	F	NaN	NaN	NaN
	56194	21.066370295507944	0.04966886625071169	F	NaN	NaN	NaN
	56195	21.087183033509696	0.050316602477846153	F	NaN	NaN	NaN
	56196	21.107926692702552	0.05125136789312455	F	NaN	NaN	NaN
	56197	21.128657389363575	0.05223999389239975	F	NaN	NaN	NaN
	56198	21.149305038071876	0.053207815441736354	F	NaN	NaN	NaN
	56199	21.169939645011784	0.05417146012634956	F	NaN	NaN	NaN
	56200	21.190502238577633	0.05511190937224132	F	NaN	NaN	NaN
	56201	21.21103866937013	0.05610580189467272	F	NaN	NaN	NaN
	56202	21.231515201181534	0.05722205139233745	F	NaN	NaN	NaN
	56203	21.251951702926238	0.05831954829866133	F	NaN	NaN	NaN
	56204	21.272340832845284	0.05939485327374766	F	NaN	NaN	NaN
	56205	21.29267565264181	0.060441569366179365	F	NaN	NaN	NaN
	56206	21.3129760405306	0.061470160480719	F	NaN	NaN	NaN
	56207	21.33320742547857	0.06254540696083306	F	NaN	NaN	NaN
	56208	21.353417731199187	0.06363490586332861	F	NaN	NaN	NaN
	56209	21.37354392839822	0.06498327624576772	F	NaN	NaN	NaN
	56210	21.393655947391913	0.06635030149613662	F	NaN	NaN	NaN
	56211	21.413682068362473	0.06766907844821077	F	NaN	NaN	NaN
	56212	21.433686733944363	0.06900221008207968	F	NaN	NaN	NaN
	56213	21.453618752333043	0.07038394616483196	F	NaN	NaN	NaN
	56214	21.473514311602756	0.07178929256625967	F	NaN	NaN	NaN
	56215	21.493350887271635	0.07323283576596261	F	NaN	NaN	NaN
	56216	21.513135587328787	0.07470888075673132	F	NaN	NaN	NaN
	56217	21.53287538013997	0.0762130616263331	F	NaN	NaN	NaN
	56218	21.55256143127713	0.07775323186021302	F	NaN	NaN	NaN
	56219	21.572209007303474	0.07936699618785628	F	NaN	NaN	NaN
	56220	21.59181218288978	0.08115868374939575	F	NaN	NaN	NaN
	56221	21.611367732380387	0.0828338320504309	F	NaN	NaN	NaN
	56222	21.630889883359057	0.08449470022538205	F	NaN	NaN	NaN
	56223	21.650372744213623	0.08618358664453828	F	NaN	NaN	NaN
	56224	21.66979980997239	0.08773089514498922	F	NaN	NaN	NaN
	56225	21.689192320701814	0.08937244224398051	F	NaN	NaN	NaN
	56226	21.708550173684888	0.09114537211912467	F	NaN	NaN	NaN
	56227	21.727845429316446	0.09316558588911918	F	NaN	NaN	NaN
	56228	21.747104084595055	0.09509368645777877	F	NaN	NaN	NaN
	56229	21.766326925609913	0.09701046926821835	F	NaN	NaN	NaN
	56230	21.78549235567586	0.09934998870872944	F	NaN	NaN	NaN
	56231	21.80461294030208	0.10142247051937375	F	NaN	NaN	NaN
	56232	21.823696554147155	0.10337629668537256	F	NaN	NaN	NaN
	56233	21.84272835431395	0.1053613674599934	F	NaN	NaN	NaN
	56234	21.861706653086216	0.1073779867082148	F	NaN	NaN	NaN
	56235	21.88064682455994	0.10941678617278194	F	NaN	NaN	NaN
	56236	21.89954119049403	0.11148200353067489	F	NaN	NaN	NaN
	56237	21.91837298821077	0.11358252176680651	F	NaN	NaN	NaN
	56238	21.937165502111565	0.11570481832233986	F	NaN	NaN	NaN
	56239	21.95591862947941	0.11784885779044796	F	NaN	NaN	NaN
	56240	21.97459971093905	0.11950160027398511	F	NaN	NaN	NaN
	56241	21.99324035206535	0.12145968530845025	F	NaN	NaN	NaN
	56242	22.0118404501413	0.12369816088473479	F	NaN	NaN	NaN
	56243	22.030374586534368	0.12622218592530665	F	NaN	NaN	NaN
	56244	22.0488591396846	0.12859005320408323	F	NaN	NaN	NaN
	56245	22.067301993267083	0.13095166115482101	F	NaN	NaN	NaN
	56246	22.085685380260035	0.13357994078150867	F	NaN	NaN	NaN
	56247	22.104019771221793	0.13600200388367645	F	NaN	NaN	NaN
	56248	22.12230323389229	0.1383822089153241	F	NaN	NaN	NaN
	56249	22.140538833837404	0.14078846666407177	F	NaN	NaN	NaN
	56250	22.15872669069562	0.1432207380158386	F	NaN	NaN	NaN
	56251	22.1768669241054	0.1456789791420594	F	NaN	NaN	NaN
	56252	22.19495965370522	0.1481631400441209	F	NaN	NaN	NaN
	56253	22.213004999133542	0.15067316337100956	F	NaN	NaN	NaN
	56254	22.23100308002885	0.15320898348416112	F	NaN	NaN	NaN
	56255	22.2489540160296	0.1557705257455786	F	NaN	NaN	NaN
	56256	22.26685792677427	0.15835770600722424	F	NaN	NaN	NaN
	56257	22.284714931901338	0.16097043028147803	F	NaN	NaN	NaN
	56258	22.30252515104927	0.16351480703026275	F	NaN	NaN	NaN
	56259	22.320288703856534	0.16570897483856237	F	NaN	NaN	NaN
	56260	22.338005709961596	0.16838577249829784	F	NaN	NaN	NaN
	56261	22.355676289002943	0.17108756760404767	F	NaN	NaN	NaN
	56262	22.373298608180168	0.1738152631701627	F	NaN	NaN	NaN
	56263	22.39087406882465	0.17656801382845722	F	NaN	NaN	NaN
	56264	22.4084034758062	0.17934529185863468	F	NaN	NaN	NaN
	56265	22.425886948763278	0.18214692953949382	F	NaN	NaN	NaN
	56266	22.44332460733437	0.1849727520437906	F	NaN	NaN	NaN
	56267	22.46071657115794	0.18736124158039583	F	NaN	NaN	NaN

# FILTER R
#        MJD  MAG  MAGERR  Upperlimit  Instrument  Telescope  Source
	56032	17.3010434569661	0.04572260390091855	F	NaN	NaN	NaN
	56033	17.309079126922644	0.037662786214290214	F	NaN	NaN	NaN
	56034	17.323312803513783	0.03267508189633152	F	NaN	NaN	NaN
	56035	17.34374176165478	0.03063132761711508	F	NaN	NaN	NaN
	56036	17.370384085458703	0.03049154608276009	F	NaN	NaN	NaN
	56037	17.40321560191683	0.03125821549701023	F	NaN	NaN	NaN
	56038	17.442250119551066	0.03252983617181261	F	NaN	NaN	NaN
	56039	17.48752358817123	0.033432372126232554	F	NaN	NaN	NaN
	56040	17.53897305906	0.034005842002566115	F	NaN	NaN	NaN
	56041	17.596685903103104	0.03408700216263985	F	NaN	NaN	NaN
	56042	17.66082081589011	0.033656741019880004	F	NaN	NaN	NaN
	56043	17.73146381170052	0.03365030163105794	F	NaN	NaN	NaN
	56044	17.80817876251434	0.034531395231184314	F	NaN	NaN	NaN
	56045	17.890638166119306	0.03643263151193107	F	NaN	NaN	NaN
	56046	17.978309932882325	0.040209308779326755	F	NaN	NaN	NaN
	56047	18.070723513635304	0.04639642695898508	F	NaN	NaN	NaN
	56048	18.16736684832116	0.05710654350795059	F	NaN	NaN	NaN
	56049	18.260552147600674	0.06943220341781944	F	NaN	NaN	NaN
	56050	18.344211398603196	0.0803617297944869	F	NaN	NaN	NaN
	56051	18.419021310582494	0.0890462987435609	F	NaN	NaN	NaN
	56052	18.485658592792188	0.09445153356369543	F	NaN	NaN	NaN
	56053	18.544799954486002	0.09753079854188149	F	NaN	NaN	NaN
	56054	18.597122104917627	0.09829190689654305	F	NaN	NaN	NaN
	56055	18.643301753340708	0.09723287660500256	F	NaN	NaN	NaN
	56056	18.684015609008984	0.09397622847006937	F	NaN	NaN	NaN
	56057	18.7199403811761	0.08951751245772208	F	NaN	NaN	NaN
	56058	18.751752779095767	0.08422331181070256	F	NaN	NaN	NaN
	56059	18.780129512021677	0.07883506311303752	F	NaN	NaN	NaN
	56060	18.805747289207492	0.0742986992429348	F	NaN	NaN	NaN
	56061	18.82919148813827	0.07025972930427843	F	NaN	NaN	NaN
	56062	18.85130895034883	0.06797980453775768	F	NaN	NaN	NaN
	56063	18.87278585100476	0.06808584081477861	F	NaN	NaN	NaN
	56064	18.89429889935975	0.06984043692782854	F	NaN	NaN	NaN
	56065	18.91652480466749	0.07370461012234676	F	NaN	NaN	NaN
	56066	18.94014027618167	0.07906460484462795	F	NaN	NaN	NaN
	56067	18.965217082285566	0.0858350781114526	F	NaN	NaN	NaN
	56068	18.990803921795507	0.09341831983881356	F	NaN	NaN	NaN
	56069	19.01639076130545	0.10100156156617453	F	NaN	NaN	NaN
	56070	19.04197760081539	0.10858480329353551	F	NaN	NaN	NaN
	56071	19.06759409686058	0.11588636506150563	F	NaN	NaN	NaN
	56072	19.09326033807133	0.12271544357763449	F	NaN	NaN	NaN
	56073	19.118926579282082	0.12954452209376333	F	NaN	NaN	NaN
	56074	19.144592820492832	0.13637360060989218	F	NaN	NaN	NaN
	56075	19.17027164889559	0.14296669948520085	F	NaN	NaN	NaN
	56076	19.195993340291395	0.14875622011224915	F	NaN	NaN	NaN
	56077	19.221715031687204	0.15454574073929744	F	NaN	NaN	NaN
	56078	19.24743672308301	0.16033526136634577	F	NaN	NaN	NaN
	56079	19.273160950121696	0.166015048410926	F	NaN	NaN	NaN
	56080	19.29891414018681	0.170441418945142	F	NaN	NaN	NaN
	56081	19.324667330251923	0.17486778947935802	F	NaN	NaN	NaN
	56082	19.350420520317037	0.17929416001357404	F	NaN	NaN	NaN
	56083	19.37617371038215	0.18372053054779003	F	NaN	NaN	NaN
	56084	19.401933949488686	0.18689087438850868	F	NaN	NaN	NaN
	56085	19.427694686707355	0.18997246259563083	F	NaN	NaN	NaN
	56086	19.45345542392602	0.19305405080275295	F	NaN	NaN	NaN
	56087	19.479216161144688	0.19613563900987507	F	NaN	NaN	NaN
	56088	19.504963979928124	0.1980893014909173	F	NaN	NaN	NaN
	56089	19.530708312784597	0.19973860306174485	F	NaN	NaN	NaN
	56090	19.556452645641066	0.2013879046325724	F	NaN	NaN	NaN
	56091	19.582196978497535	0.2030372062033999	F	NaN	NaN	NaN
	56092	19.607915443236237	0.20414961179198204	F	NaN	NaN	NaN
	56093	19.633619420214757	0.20496132212685209	F	NaN	NaN	NaN
	56094	19.65932339719328	0.20577303246172218	F	NaN	NaN	NaN
	56095	19.6850273741718	0.20658474279659222	F	NaN	NaN	NaN
	56096	19.710699551144135	0.20679592744361117	F	NaN	NaN	NaN
	56097	19.73633922072895	0.20639322789403416	F	NaN	NaN	NaN
	56098	19.76197889031377	0.20599052834445714	F	NaN	NaN	NaN
	56099	19.78761855989859	0.20558782879488013	F	NaN	NaN	NaN
	56100	19.813227515382916	0.20486290825458509	F	NaN	NaN	NaN
	56101	19.83877892605828	0.20353428631788245	F	NaN	NaN	NaN
	56102	19.864330336733644	0.20220566438117982	F	NaN	NaN	NaN
	56103	19.889881747409007	0.20087704244447716	F	NaN	NaN	NaN
	56104	19.91541054768369	0.19938715045162098	F	NaN	NaN	NaN
	56105	19.940849747933846	0.19725818084168217	F	NaN	NaN	NaN
	56106	19.966288948184005	0.1951292112317434	F	NaN	NaN	NaN
	56107	19.991728148434163	0.19300024162180462	F	NaN	NaN	NaN
	56108	20.01715985977757	0.1908343221300521	F	NaN	NaN	NaN
	56109	20.04246289808677	0.18803353648705093	F	NaN	NaN	NaN
	56110	20.067765936395972	0.18523275084404975	F	NaN	NaN	NaN
	56111	20.093068974705172	0.18243196520104857	F	NaN	NaN	NaN
	56112	20.11837201301437	0.1796311795580474	F	NaN	NaN	NaN
	56113	20.14352958824815	0.17633923634702936	F	NaN	NaN	NaN
	56114	20.16867251310064	0.17299782597313318	F	NaN	NaN	NaN
	56115	20.193815437953127	0.16965641559923703	F	NaN	NaN	NaN
	56116	20.218958362805616	0.16631500522534085	F	NaN	NaN	NaN
	56117	20.24396103014909	0.16266385012122703	F	NaN	NaN	NaN
	56118	20.26891989002912	0.15891595060006103	F	NaN	NaN	NaN
	56119	20.29387874990915	0.15516805107889506	F	NaN	NaN	NaN
	56120	20.31883760978918	0.15142015155772906	F	NaN	NaN	NaN
	56121	20.343668435520716	0.14750698450522454	F	NaN	NaN	NaN
	56122	20.368419278912533	0.1434905755911446	F	NaN	NaN	NaN
	56123	20.393170122304348	0.13947416667706466	F	NaN	NaN	NaN
	56124	20.41792096569616	0.1354577577629847	F	NaN	NaN	NaN
	56125	20.44256301609412	0.13142593583514697	F	NaN	NaN	NaN
	56126	20.46708189148197	0.12737666335228698	F	NaN	NaN	NaN
	56127	20.49160076686982	0.12332739086942696	F	NaN	NaN	NaN
	56128	20.51611964225767	0.11927811838656693	F	NaN	NaN	NaN
	56129	20.540555983600413	0.11522765771661479	F	NaN	NaN	NaN
	56130	20.564818939468545	0.11117470093269387	F	NaN	NaN	NaN
	56131	20.589081895336676	0.10712174414877296	F	NaN	NaN	NaN
	56132	20.613344851204808	0.10306878736485203	F	NaN	NaN	NaN
	56133	20.6375585497707	0.09903110654139026	F	NaN	NaN	NaN
	56134	20.66154163460336	0.09506494498735106	F	NaN	NaN	NaN
	56135	20.685524719436025	0.09109878343331186	F	NaN	NaN	NaN
	56136	20.709507804268686	0.08713262187927266	F	NaN	NaN	NaN
	56137	20.73348192633609	0.08317912848683787	F	NaN	NaN	NaN
	56138	20.75716118861753	0.07964239613977259	F	NaN	NaN	NaN
	56139	20.78084045089897	0.0761056637927073	F	NaN	NaN	NaN
	56140	20.80451971318041	0.07256893144564203	F	NaN	NaN	NaN
	56141	20.828198975461856	0.06903219909857676	F	NaN	NaN	NaN
	56142	20.85158881324216	0.06582558803140674	F	NaN	NaN	NaN
	56143	20.87494030145663	0.06266271896848344	F	NaN	NaN	NaN
	56144	20.8982917896711	0.059499849905560134	F	NaN	NaN	NaN
	56145	20.921643277885565	0.05633698084263684	F	NaN	NaN	NaN
	56146	20.944735720208357	0.05387446523258893	F	NaN	NaN	NaN
	56147	20.967735482840098	0.051662517354833695	F	NaN	NaN	NaN
	56148	20.990735245471843	0.049450569477078474	F	NaN	NaN	NaN
	56149	21.013735008103584	0.04723862159932323	F	NaN	NaN	NaN
	56150	21.03660623256104	0.045313187009319224	F	NaN	NaN	NaN
	56151	21.059323898769687	0.0437610932534666	F	NaN	NaN	NaN
	56152	21.08194366539999	0.04253751664916246	F	NaN	NaN	NaN
	56153	21.104475190939514	0.041086731579810826	F	NaN	NaN	NaN
	56154	21.1269099136357	0.04007603450550719	F	NaN	NaN	NaN
	56155	21.149242907909418	0.03866378697404667	F	NaN	NaN	NaN
	56156	21.17148375150982	0.038247616929285744	F	NaN	NaN	NaN
	56157	21.193622960169776	0.03805967750787319	F	NaN	NaN	NaN
	56158	21.215656661446175	0.03762650130583782	F	NaN	NaN	NaN
	56159	21.237594302466707	0.03770785617779855	F	NaN	NaN	NaN
	56160	21.259425426566654	0.037648755388124386	F	NaN	NaN	NaN
	56161	21.28114731420499	0.03766984595842787	F	NaN	NaN	NaN
	56162	21.30276923200492	0.03763184913221103	F	NaN	NaN	NaN
	56163	21.32427970102109	0.03741130218692339	F	NaN	NaN	NaN
	56164	21.345677254380625	0.03752933248030286	F	NaN	NaN	NaN
	56165	21.366980382797838	0.03756840938214787	F	NaN	NaN	NaN
	56166	21.388212260374825	0.03763731178009817	F	NaN	NaN	NaN
	56167	21.40937061231262	0.037855721872136226	F	NaN	NaN	NaN
	56168	21.430464556132275	0.03797574542244449	F	NaN	NaN	NaN
	56169	21.451494038817003	0.03812114497023626	F	NaN	NaN	NaN
	56170	21.47245776865245	0.03828830897735219	F	NaN	NaN	NaN
	56171	21.493347444171157	0.03835044072487677	F	NaN	NaN	NaN
	56172	21.51417248441109	0.03857105185284827	F	NaN	NaN	NaN
	56173	21.534932836355466	0.038817154479411226	F	NaN	NaN	NaN
	56174	21.55562747415889	0.0390892435035014	F	NaN	NaN	NaN
	56175	21.576247527071885	0.03939097693928061	F	NaN	NaN	NaN
	56176	21.596802717545472	0.03964352239129765	F	NaN	NaN	NaN
	56177	21.617292992562852	0.039818168836228365	F	NaN	NaN	NaN
	56178	21.637717594043806	0.040301091982909126	F	NaN	NaN	NaN
	56179	21.658067078164457	0.040552919176340116	F	NaN	NaN	NaN
	56180	21.678351472685065	0.04097180886952687	F	NaN	NaN	NaN
	56181	21.698549081850906	0.041376455706968386	F	NaN	NaN	NaN
	56182	21.71871165758293	0.041763482452759	F	NaN	NaN	NaN
	56183	21.738778384825945	0.04225032196834823	F	NaN	NaN	NaN
	56184	21.758815504420525	0.04276799370078577	F	NaN	NaN	NaN
	56185	21.778737270376507	0.04333521928913539	F	NaN	NaN	NaN
	56186	21.79863967056619	0.04391702933201387	F	NaN	NaN	NaN
	56187	21.81842527362306	0.044629765678017186	F	NaN	NaN	NaN
	56188	21.838182387029473	0.045334735113572625	F	NaN	NaN	NaN
	56189	21.857841929686078	0.04601310459918747	F	NaN	NaN	NaN
	56190	21.877453492850627	0.046746373459496525	F	NaN	NaN	NaN
	56191	21.896986773686027	0.04756921498377859	F	NaN	NaN	NaN
	56192	21.916452523150124	0.048372505386605036	F	NaN	NaN	NaN
	56193	21.93585934074338	0.049158734323891534	F	NaN	NaN	NaN
	56194	21.955179013048436	0.050113298789052435	F	NaN	NaN	NaN
	56195	21.97445916597861	0.05114420145871383	F	NaN	NaN	NaN
	56196	21.993632497666038	0.0520646504156226	F	NaN	NaN	NaN
	56197	22.01278578451219	0.05296437290386824	F	NaN	NaN	NaN
	56198	22.031812512123395	0.05362304336808005	F	NaN	NaN	NaN
	56199	22.050819641125695	0.0543311446040385	F	NaN	NaN	NaN
	56200	22.069718591540976	0.05532483933559336	F	NaN	NaN	NaN
	56201	22.088578790970814	0.056299590457404666	F	NaN	NaN	NaN
	56202	22.107350271039255	0.0572309706832249	F	NaN	NaN	NaN
	56203	22.126063277438046	0.05827986572258419	F	NaN	NaN	NaN
	56204	22.144707085738702	0.059467828510717496	F	NaN	NaN	NaN
	56205	22.163272635647854	0.06062632402682593	F	NaN	NaN	NaN
	56206	22.18178857075978	0.0617661376776638	F	NaN	NaN	NaN
	56207	22.20020640072071	0.06285250729007802	F	NaN	NaN	NaN
	56208	22.21859426122298	0.06392255065576784	F	NaN	NaN	NaN
	56209	22.23686410777709	0.06525365838130118	F	NaN	NaN	NaN
	56210	22.255114184917336	0.0666029171481826	F	NaN	NaN	NaN
	56211	22.273245291937457	0.06789523683409489	F	NaN	NaN	NaN
	56212	22.291347060174648	0.0691995782497988	F	NaN	NaN	NaN
	56213	22.309349488322283	0.07054462482076132	F	NaN	NaN	NaN
	56214	22.327302684197832	0.07190962342176058	F	NaN	NaN	NaN
	56215	22.345176232052047	0.07330690043784474	F	NaN	NaN	NaN
	56216	22.36298059210736	0.07480908434856566	F	NaN	NaN	NaN
	56217	22.380725058247204	0.07640208318300196	F	NaN	NaN	NaN
	56218	22.398392376286957	0.07792681989467831	F	NaN	NaN	NaN
	56219	22.416001936123816	0.07943018891510331	F	NaN	NaN	NaN
	56220	22.43353993169232	0.08096237516423775	F	NaN	NaN	NaN
	56221	22.451002075926898	0.08252489517273914	F	NaN	NaN	NaN
	56222	22.468411424162667	0.08418524638635062	F	NaN	NaN	NaN
	56223	22.485758926071107	0.08601156058883136	F	NaN	NaN	NaN
	56224	22.50301960425148	0.0874768109542442	F	NaN	NaN	NaN
	56225	22.520227012112464	0.08902235429373392	F	NaN	NaN	NaN
	56226	22.537381107526897	0.0907066595095504	F	NaN	NaN	NaN
	56227	22.554439943448227	0.09242818739331732	F	NaN	NaN	NaN
	56228	22.571443682160716	0.09417113674156992	F	NaN	NaN	NaN
	56229	22.588393634106072	0.09596481824159557	F	NaN	NaN	NaN
	56230	22.605258075704644	0.09800635317073361	F	NaN	NaN	NaN
	56231	22.622056416494928	0.09974263507766518	F	NaN	NaN	NaN
	56232	22.6388004961975	0.10139753014655936	F	NaN	NaN	NaN
	56233	22.655468983208248	0.10326975893712734	F	NaN	NaN	NaN
	56234	22.672060197302628	0.10517148880428628	F	NaN	NaN	NaN
	56235	22.68859667598871	0.10700643184293238	F	NaN	NaN	NaN
	56236	22.705067648146542	0.1086946485040372	F	NaN	NaN	NaN
	56237	22.72145000677131	0.1106396788480918	F	NaN	NaN	NaN
	56238	22.737777155667196	0.11263255411372367	F	NaN	NaN	NaN
	56239	22.754049052707046	0.11464623653646669	F	NaN	NaN	NaN
	56240	22.770220827088497	0.11669748352113699	F	NaN	NaN	NaN
	56241	22.786336917420485	0.11876954673973061	F	NaN	NaN	NaN
	56242	22.80239728157585	0.12089250767836977	F	NaN	NaN	NaN
	56243	22.8183676404417	0.12329743580087534	F	NaN	NaN	NaN
	56244	22.834270943436085	0.12554489767040045	F	NaN	NaN	NaN
	56245	22.85011804593326	0.12772006037398367	F	NaN	NaN	NaN
	56246	22.865885429018434	0.12992461948990625	F	NaN	NaN	NaN
	56247	22.881590134326867	0.13215353888199477	F	NaN	NaN	NaN
	56248	22.89722632427056	0.1344109208622336	F	NaN	NaN	NaN
	56249	22.91279841596421	0.1366957221278518	F	NaN	NaN	NaN
	56250	22.928306078306132	0.1390082383171904	F	NaN	NaN	NaN
	56251	22.943748980194627	0.14134872168294588	F	NaN	NaN	NaN
	56252	22.959124099751463	0.14371854156946484	F	NaN	NaN	NaN
	56253	22.974433613352588	0.14611676179615218	F	NaN	NaN	NaN
	56254	22.9896773455781	0.14854340740352434	F	NaN	NaN	NaN
	56255	23.004854965326302	0.15108970734469898	F	NaN	NaN	NaN
	56256	23.0199661414955	0.15396724278673765	F	NaN	NaN	NaN
	56257	23.035010542984	0.15648029447681946	F	NaN	NaN	NaN
	56258	23.0499878386901	0.1590215339633815	F	NaN	NaN	NaN
	56259	23.06489769751211	0.16159078006537736	F	NaN	NaN	NaN
	56260	23.07973978834832	0.16418779732293198	F	NaN	NaN	NaN
	56261	23.09451378009705	0.16706607250673533	F	NaN	NaN	NaN
	56262	23.1092193416566	0.17000220403443547	F	NaN	NaN	NaN
	56263	23.12385614192528	0.17268653063089476	F	NaN	NaN	NaN
	56264	23.138423849801384	0.1753971803170604	F	NaN	NaN	NaN
	56265	23.152922134183218	0.1781336789081107	F	NaN	NaN	NaN
	56266	23.16735716689379	0.18089320517703356	F	NaN	NaN	NaN
	56267	23.18171493001245	0.18368012290098096	F	NaN	NaN	NaN

# FILTER V
#        MJD  MAG  MAGERR  Upperlimit  Instrument  Telescope  Source
	56032	17.95719863854808	0.06023830929182843	F	NaN	NaN	NaN
	56033	17.984224975332406	0.05029684991130852	F	NaN	NaN	NaN
	56034	18.0172967596182	0.051542739796343426	F	NaN	NaN	NaN
	56035	18.056526017472663	0.05405702471162288	F	NaN	NaN	NaN
	56036	18.103077413422604	0.05393807530208407	F	NaN	NaN	NaN
	56037	18.156340392418485	0.049584333013962575	F	NaN	NaN	NaN
	56038	18.212081585271534	0.0416418692829471	F	NaN	NaN	NaN
	56039	18.269124054308698	0.03943695986673661	F	NaN	NaN	NaN
	56040	18.331885275413157	0.048798480866031724	F	NaN	NaN	NaN
	56041	18.402718745911734	0.06250553640348663	F	NaN	NaN	NaN
	56042	18.47998735337653	0.07042401279006161	F	NaN	NaN	NaN
	56043	18.56340243825917	0.07309169482527139	F	NaN	NaN	NaN
	56044	18.65257046726562	0.07133422759380614	F	NaN	NaN	NaN
	56045	18.747097907101857	0.06852506109193472	F	NaN	NaN	NaN
	56046	18.846600070023587	0.0690967308221939	F	NaN	NaN	NaN
	56047	18.950744549474333	0.07698378004489824	F	NaN	NaN	NaN
	56048	19.059332614134348	0.09222451828035254	F	NaN	NaN	NaN
	56049	19.164460002607544	0.10949994285895101	F	NaN	NaN	NaN
	56050	19.259487146313614	0.12544651253243178	F	NaN	NaN	NaN
	56051	19.34505436453731	0.13782777441634372	F	NaN	NaN	NaN
	56052	19.421801976563263	0.14615096654448972	F	NaN	NaN	NaN
	56053	19.49037030167621	0.15103325281519253	F	NaN	NaN	NaN
	56054	19.55139965916083	0.15236838984189222	F	NaN	NaN	NaN
	56055	19.60553036830177	0.15046670630855336	F	NaN	NaN	NaN
	56056	19.653402748383776	0.1456896015819333	F	NaN	NaN	NaN
	56057	19.6956571186915	0.13843074341194925	F	NaN	NaN	NaN
	56058	19.73293379850964	0.1294704825641601	F	NaN	NaN	NaN
	56059	19.765873107122893	0.11889722464626015	F	NaN	NaN	NaN
	56060	19.79511536381593	0.10672483612865716	F	NaN	NaN	NaN
	56061	19.82114372131088	0.09358201941121308	F	NaN	NaN	NaN
	56062	19.844825175181764	0.08063481408592968	F	NaN	NaN	NaN
	56063	19.866814054893208	0.06897184053102892	F	NaN	NaN	NaN
	56064	19.887750679729894	0.059873625550662286	F	NaN	NaN	NaN
	56065	19.90827536897652	0.05334258966689858	F	NaN	NaN	NaN
	56066	19.92902844191777	0.051381787219886774	F	NaN	NaN	NaN
	56067	19.94992679837192	0.0541929502305748	F	NaN	NaN	NaN
	56068	19.971019702584126	0.06400483451886503	F	NaN	NaN	NaN
	56069	19.992112606796336	0.07381671880715526	F	NaN	NaN	NaN
	56070	20.013205511008543	0.08362860309544548	F	NaN	NaN	NaN
	56071	20.034298415220753	0.09344048738373571	F	NaN	NaN	NaN
	56072	20.05565843265118	0.10336793533280653	F	NaN	NaN	NaN
	56073	20.078782616089338	0.11405863072967334	F	NaN	NaN	NaN
	56074	20.101906799527498	0.12474932612654017	F	NaN	NaN	NaN
	56075	20.125030982965658	0.13544002152340698	F	NaN	NaN	NaN
	56076	20.148155166403814	0.14613071692027382	F	NaN	NaN	NaN
	56077	20.171758364267113	0.15621131843980018	F	NaN	NaN	NaN
	56078	20.19670389532938	0.1645822652536147	F	NaN	NaN	NaN
	56079	20.22164942639165	0.17295321206742922	F	NaN	NaN	NaN
	56080	20.24659495745392	0.18132415888124376	F	NaN	NaN	NaN
	56081	20.271540488516187	0.18969510569505832	F	NaN	NaN	NaN
	56082	20.29712172319924	0.19723339509949767	F	NaN	NaN	NaN
	56083	20.323678670283773	0.20349367674380492	F	NaN	NaN	NaN
	56084	20.350235617368305	0.20975395838811212	F	NaN	NaN	NaN
	56085	20.37679256445284	0.21601424003241937	F	NaN	NaN	NaN
	56086	20.40334951153737	0.22227452167672662	F	NaN	NaN	NaN
	56087	20.430643639427043	0.22757377241637208	F	NaN	NaN	NaN
	56088	20.458602070932	0.23200699910884398	F	NaN	NaN	NaN
	56089	20.486560502436955	0.23644022580131585	F	NaN	NaN	NaN
	56090	20.514518933941908	0.24087345249378772	F	NaN	NaN	NaN
	56091	20.542477365446864	0.2453066791862596	F	NaN	NaN	NaN
	56092	20.571219242930038	0.24891675844786976	F	NaN	NaN	NaN
	56093	20.60036922725357	0.2520980498842805	F	NaN	NaN	NaN
	56094	20.629519211577104	0.2552793413206912	F	NaN	NaN	NaN
	56095	20.658669195900636	0.25846063275710185	F	NaN	NaN	NaN
	56096	20.68781918022417	0.2616419241935125	F	NaN	NaN	NaN
	56097	20.717743663687706	0.263984614126535	F	NaN	NaN	NaN
	56098	20.74787526922798	0.2661030392722088	F	NaN	NaN	NaN
	56099	20.778006874768252	0.26822146441788264	F	NaN	NaN	NaN
	56100	20.80813848030852	0.2703398895635564	F	NaN	NaN	NaN
	56101	20.838270085848794	0.2724583147092302	F	NaN	NaN	NaN
	56102	20.869112031679578	0.2739674043049598	F	NaN	NaN	NaN
	56103	20.900015326834744	0.2754238679623727	F	NaN	NaN	NaN
	56104	20.930918621989907	0.2768803316197857	F	NaN	NaN	NaN
	56105	20.961821917145073	0.2783367952771986	F	NaN	NaN	NaN
	56106	20.992754423716917	0.27979689307590505	F	NaN	NaN	NaN
	56107	21.024219476885133	0.28132324406589115	F	NaN	NaN	NaN
	56108	21.055684530053348	0.28284959505587715	F	NaN	NaN	NaN
	56109	21.087149583221564	0.28437594604586325	F	NaN	NaN	NaN
	56110	21.11861463638978	0.2859022970358493	F	NaN	NaN	NaN
	56111	21.15014424970445	0.28735393272698484	F	NaN	NaN	NaN
	56112	21.181961129283874	0.2884731158758221	F	NaN	NaN	NaN
	56113	21.213778008863294	0.28959229902465927	F	NaN	NaN	NaN
	56114	21.245594888442717	0.2907114821734965	F	NaN	NaN	NaN
	56115	21.27741176802214	0.2918306653223337	F	NaN	NaN	NaN
	56116	21.30927334446651	0.2928656084403414	F	NaN	NaN	NaN
	56117	21.341232118855302	0.29371736291988054	F	NaN	NaN	NaN
	56118	21.373190893244093	0.29456911739941966	F	NaN	NaN	NaN
	56119	21.40514966763288	0.2954208718789588	F	NaN	NaN	NaN
	56120	21.43710844202167	0.29627262635849794	F	NaN	NaN	NaN
	56121	21.469036837982618	0.29734241097717	F	NaN	NaN	NaN
	56122	21.500927575578928	0.2986824748388679	F	NaN	NaN	NaN
	56123	21.532818313175238	0.3000225387005657	F	NaN	NaN	NaN
	56124	21.56470905077155	0.30136260256226355	F	NaN	NaN	NaN
	56125	21.59659978836786	0.3027026664239614	F	NaN	NaN	NaN
	56126	21.628329860232252	0.3045280631936911	F	NaN	NaN	NaN
	56127	21.65994262943424	0.3067078033668608	F	NaN	NaN	NaN
	56128	21.691555398636233	0.3088875435400306	F	NaN	NaN	NaN
	56129	21.72316816783822	0.31106728371320036	F	NaN	NaN	NaN
	56130	21.754780937040213	0.3132470238863701	F	NaN	NaN	NaN
	56131	21.786047541194925	0.31563625898863573	F	NaN	NaN	NaN
	56132	21.81717241040075	0.31811127037970083	F	NaN	NaN	NaN
	56133	21.848297279606577	0.32058628177076587	F	NaN	NaN	NaN
	56134	21.879422148812402	0.32306129316183096	F	NaN	NaN	NaN
	56135	21.910547018018228	0.325536304552896	F	NaN	NaN	NaN
	56136	21.941085010850127	0.32734796780871284	F	NaN	NaN	NaN
	56137	21.97151204845795	0.3290342180401489	F	NaN	NaN	NaN
	56138	22.001939086065768	0.33072046827158497	F	NaN	NaN	NaN
	56139	22.032366123673587	0.33240671850302106	F	NaN	NaN	NaN
	56140	22.062793161281405	0.3340929687344571	F	NaN	NaN	NaN
	56141	22.09233739917737	0.33542444157316653	F	NaN	NaN	NaN
	56142	22.12185667358534	0.33674588214627044	F	NaN	NaN	NaN
	56143	22.15137594799331	0.33806732271937434	F	NaN	NaN	NaN
	56144	22.18089522240128	0.33938876329247825	F	NaN	NaN	NaN
	56145	22.210298256549873	0.34064388643602683	F	NaN	NaN	NaN
	56146	22.23869983615615	0.34132765941724874	F	NaN	NaN	NaN
	56147	22.26710141576243	0.3420114323984707	F	NaN	NaN	NaN
	56148	22.295502995368707	0.34269520537969267	F	NaN	NaN	NaN
	56149	22.323904574974982	0.3433789783609146	F	NaN	NaN	NaN
	56150	22.351993498563235	0.3439545743526725	F	NaN	NaN	NaN
	56151	22.379067451765977	0.34417899706015254	F	NaN	NaN	NaN
	56152	22.406141404968718	0.34440341976763256	F	NaN	NaN	NaN
	56153	22.43321535817146	0.3446278424751125	F	NaN	NaN	NaN
	56154	22.4602893113742	0.34485226518259254	F	NaN	NaN	NaN
	56155	22.48679898078897	0.34458542645944146	F	NaN	NaN	NaN
	56156	22.512335375986332	0.34347126216247115	F	NaN	NaN	NaN
	56157	22.537871771183692	0.34235709786550084	F	NaN	NaN	NaN
	56158	22.563408166381056	0.3412429335685306	F	NaN	NaN	NaN
	56159	22.58894456157842	0.3401287692715603	F	NaN	NaN	NaN
	56160	22.613609833206592	0.33833195611920763	F	NaN	NaN	NaN
	56161	22.637398738796733	0.33584838589367105	F	NaN	NaN	NaN
	56162	22.661187644386874	0.3333648156681345	F	NaN	NaN	NaN
	56163	22.684976549977016	0.3308812454425979	F	NaN	NaN	NaN
	56164	22.708765455567157	0.3283976752170613	F	NaN	NaN	NaN
	56165	22.731918663335943	0.32559227317884865	F	NaN	NaN	NaN
	56166	22.754589282228817	0.322596033271799	F	NaN	NaN	NaN
	56167	22.777091533782006	0.319017015651771	F	NaN	NaN	NaN
	56168	22.79945358467687	0.3168799901986795	F	NaN	NaN	NaN
	56169	22.821681778723597	0.3125139132830586	F	NaN	NaN	NaN
	56170	22.843780150705424	0.3083387888366466	F	NaN	NaN	NaN
	56171	22.86574069176983	0.30567783646303837	F	NaN	NaN	NaN
	56172	22.88758821345134	0.30259586408755756	F	NaN	NaN	NaN
	56173	22.909329059560168	0.30043384245184657	F	NaN	NaN	NaN
	56174	22.930968175241713	0.2973518914981144	F	NaN	NaN	NaN
	56175	22.952500223316868	0.2951779973163428	F	NaN	NaN	NaN
	56176	22.973946433284578	0.29311728997008885	F	NaN	NaN	NaN
	56177	22.995313148955034	0.2912140393934267	F	NaN	NaN	NaN
	56178	23.016605998947053	0.29042519445137266	F	NaN	NaN	NaN
	56179	23.0378227715325	0.28817070643577014	F	NaN	NaN	NaN
	56180	23.058980887285934	0.2853011164325023	F	NaN	NaN	NaN
	56181	23.08004042156811	0.2842392155771305	F	NaN	NaN	NaN
	56182	23.10105422783875	0.2824866813685597	F	NaN	NaN	NaN
	56183	23.12192126788851	0.2820080235954254	F	NaN	NaN	NaN
	56184	23.1427429717758	0.28192286692014235	F	NaN	NaN	NaN
	56185	23.163387618246333	0.28385443109106134	F	NaN	NaN	NaN
	56186	23.184002506789792	0.2859524236313476	F	NaN	NaN	NaN
	56187	23.20443769405144	0.2878736521323635	F	NaN	NaN	NaN
	56188	23.224828943694327	0.28975586586690755	F	NaN	NaN	NaN
	56189	23.24506971671368	0.291504462657873	F	NaN	NaN	NaN
	56190	23.265236319485492	0.2939665987378444	F	NaN	NaN	NaN
	56191	23.285281907642904	0.297592930499855	F	NaN	NaN	NaN
	56192	23.305222855573145	0.30143745699073865	F	NaN	NaN	NaN
	56193	23.325072488248967	0.30547239311393476	F	NaN	NaN	NaN
	56194	23.34478677336714	0.3101329277172232	F	NaN	NaN	NaN
	56195	23.36443967994172	0.3150771639568299	F	NaN	NaN	NaN
	56196	23.383926294277323	0.319790288071262	F	NaN	NaN	NaN
	56197	23.40338170413103	0.32446004435223036	F	NaN	NaN	NaN
	56198	23.42263963971356	0.3310866895198905	F	NaN	NaN	NaN
	56199	23.4418669265327	0.33785900878000297	F	NaN	NaN	NaN
	56200	23.46092503108569	0.3454122802787546	F	NaN	NaN	NaN
	56201	23.47992239383041	0.35320608015519	F	NaN	NaN	NaN
	56202	23.49878068980357	0.361550563422629	F	NaN	NaN	NaN
	56203	23.51754712050337	0.3695692044284986	F	NaN	NaN	NaN
	56204	23.536204837277054	0.3772022417099764	F	NaN	NaN	NaN
	56205	23.55473932796144	0.3861553753046583	F	NaN	NaN	NaN
	56206	23.573195694916	0.39594543270574706	F	NaN	NaN	NaN
	56207	23.591497237614462	0.4051407075654335	F	NaN	NaN	NaN
	56208	23.609751484130253	0.41415428645294544	F	NaN	NaN	NaN
	56209	23.6278190708723	0.42441206595200365	F	NaN	NaN	NaN
	56210	23.645855355365494	0.4348848447385405	F	NaN	NaN	NaN
	56211	23.663703049144797	0.4466941659998501	F	NaN	NaN	NaN
	56212	23.68150413236022	0.45865746564960613	F	NaN	NaN	NaN
	56213	23.69914739384181	0.4711421307198827	F	NaN	NaN	NaN
	56214	23.716712267808965	0.4838729451013394	F	NaN	NaN	NaN
	56215	23.734150326373197	0.4970019800961624	F	NaN	NaN	NaN
	56216	23.751477983121585	0.5104610105237424	F	NaN	NaN	NaN
	56217	23.768710068148803	0.5242057086393805	F	NaN	NaN	NaN