###################### HEADER ######################
# SNNAME:	SN2004gt
###################### HEADER ######################


# FILTER B
#        MJD  MAG  MAGERR  Upperlimit  Instrument  Telescope  Source
	53357	16.320124680792066	0.05781647420958226	F	NaN	NaN	NaN
	53358	16.318765639709003	0.04919270548524854	F	NaN	NaN	NaN
	53359	16.322753104134758	0.041911681739543995	F	NaN	NaN	NaN
	53360	16.3322066022182	0.03678891192734774	F	NaN	NaN	NaN
	53361	16.347245662108243	0.03313868188327446	F	NaN	NaN	NaN
	53362	16.368144715737348	0.03112932442982111	F	NaN	NaN	NaN
	53363	16.394368756569907	0.02972624960645078	F	NaN	NaN	NaN
	53364	16.426425148853106	0.029691657796938956	F	NaN	NaN	NaN
	53365	16.463283481025556	0.030164356817076708	F	NaN	NaN	NaN
	53366	16.505262138540818	0.03136107316257495	F	NaN	NaN	NaN
	53367	16.55480016226344	0.03198208249415941	F	NaN	NaN	NaN
	53368	16.609809555848102	0.03249797878609171	F	NaN	NaN	NaN
	53369	16.667857717929593	0.03331506169806887	F	NaN	NaN	NaN
	53370	16.729198541068538	0.03373132826861214	F	NaN	NaN	NaN
	53371	16.799519559020773	0.03316338380416432	F	NaN	NaN	NaN
	53372	16.876912893762427	0.033188001375848375	F	NaN	NaN	NaN
	53373	16.958882212062253	0.03423224541560799	F	NaN	NaN	NaN
	53374	17.042863003802054	0.03699777423531165	F	NaN	NaN	NaN
	53375	17.126349017962927	0.041091307960300937	F	NaN	NaN	NaN
	53376	17.206816774985718	0.04505470873169033	F	NaN	NaN	NaN
	53377	17.28174279531129	0.047696213138963175	F	NaN	NaN	NaN
	53378	17.352451436701564	0.04913806523154314	F	NaN	NaN	NaN
	53379	17.426451815703917	0.052373845251031115	F	NaN	NaN	NaN
	53380	17.499819611162827	0.056140151092968694	F	NaN	NaN	NaN
	53381	17.567744803957613	0.05789903015327759	F	NaN	NaN	NaN
	53382	17.628532816135298	0.05587398673563572	F	NaN	NaN	NaN
	53383	17.687836174439656	0.05278845442550379	F	NaN	NaN	NaN
	53384	17.745057814215002	0.04995408075532512	F	NaN	NaN	NaN
	53385	17.79904367798017	0.04925133187732303	F	NaN	NaN	NaN
	53386	17.848639708253987	0.05055555752350821	F	NaN	NaN	NaN
	53387	17.892743768343227	0.05164862755208721	F	NaN	NaN	NaN
	53388	17.931685042064554	0.05353248694704567	F	NaN	NaN	NaN
	53389	17.964696766296225	0.054570169359028545	F	NaN	NaN	NaN
	53390	17.98934729603991	0.054619144733621616	F	NaN	NaN	NaN
	53391	18.006902214731277	0.054071483756566514	F	NaN	NaN	NaN
	53392	18.018975229556204	0.053190358392126685	F	NaN	NaN	NaN
	53393	18.0265884091384	0.05309720411862444	F	NaN	NaN	NaN
	53394	18.030974170237478	0.05375630315633209	F	NaN	NaN	NaN
	53395	18.033364929613025	0.055535863001407136	F	NaN	NaN	NaN
	53396	18.034993104024643	0.05737100553509727	F	NaN	NaN	NaN
	53397	18.037091110231938	0.0588107954482905	F	NaN	NaN	NaN
	53398	18.040891364994504	0.060413040107680324	F	NaN	NaN	NaN
	53399	18.047626285071946	0.06102732314454026	F	NaN	NaN	NaN
	53400	18.05852828722386	0.060496479613245294	F	NaN	NaN	NaN
	53401	18.07243054912252	0.0585971549142621	F	NaN	NaN	NaN
	53402	18.086186397807726	0.056897126165360905	F	NaN	NaN	NaN
	53403	18.103071910564122	0.05553612537877986	F	NaN	NaN	NaN
	53404	18.120783265165404	0.05574124233330179	F	NaN	NaN	NaN
	53405	18.13933444513931	0.05750593482465462	F	NaN	NaN	NaN
	53406	18.158931560114567	0.06114907541727614	F	NaN	NaN	NaN
	53407	18.17978071971989	0.06819685533751245	F	NaN	NaN	NaN
	53408	18.202084273625243	0.07714236304236585	F	NaN	NaN	NaN
	53409	18.22567459062547	0.08833573167931894	F	NaN	NaN	NaN
	53410	18.249850641929044	0.1021288721221077	F	NaN	NaN	NaN
	53411	18.274282270199272	0.1155456872711287	F	NaN	NaN	NaN
	53412	18.298807071197846	0.12826248983029745	F	NaN	NaN	NaN
	53413	18.32333187219642	0.14097929238946622	F	NaN	NaN	NaN
	53414	18.348143211553175	0.15147122002700597	F	NaN	NaN	NaN
	53415	18.372992004363358	0.16167233407233414	F	NaN	NaN	NaN
	53416	18.397886807980218	0.1714723535810486	F	NaN	NaN	NaN
	53417	18.422978018106942	0.17956021927751753	F	NaN	NaN	NaN
	53418	18.448069228233667	0.18764808497398647	F	NaN	NaN	NaN
	53419	18.473240087725586	0.19479605202331304	F	NaN	NaN	NaN
	53420	18.49849214067379	0.20098589945009904	F	NaN	NaN	NaN
	53421	18.523744193621994	0.20717574687688495	F	NaN	NaN	NaN
	53422	18.549059708792328	0.21142531260124942	F	NaN	NaN	NaN
	53423	18.57439103006695	0.21519162555085136	F	NaN	NaN	NaN
	53424	18.599722106887697	0.2187315051645698	F	NaN	NaN	NaN
	53425	18.625051121993675	0.22036165456809673	F	NaN	NaN	NaN
	53426	18.650380137099653	0.22199180397162363	F	NaN	NaN	NaN
	53427	18.67567464370058	0.2232374745431516	F	NaN	NaN	NaN
	53428	18.700919778142854	0.2239330618854205	F	NaN	NaN	NaN
	53429	18.726164912585126	0.2246286492276895	F	NaN	NaN	NaN
	53430	18.751291448769596	0.22433371270885977	F	NaN	NaN	NaN
	53431	18.7763711280531	0.22364743082525548	F	NaN	NaN	NaN
	53432	18.801445323278287	0.22295070554553517	F	NaN	NaN	NaN
	53433	18.82627797290796	0.22179400041344866	F	NaN	NaN	NaN
	53434	18.851110622537632	0.22063729528136217	F	NaN	NaN	NaN
	53435	18.875835621448132	0.21953550669377425	F	NaN	NaN	NaN
	53436	18.90033966692891	0.21854643448140415	F	NaN	NaN	NaN
	53437	18.924843712409693	0.21755736226903405	F	NaN	NaN	NaN
	53438	18.94908811480885	0.21709887007170856	F	NaN	NaN	NaN
	53439	18.973181981645677	0.21694799693523614	F	NaN	NaN	NaN
	53440	18.997275848482502	0.21679712379876376	F	NaN	NaN	NaN
	53441	19.020908254173676	0.2156974584899971	F	NaN	NaN	NaN
	53442	19.04451036787148	0.21453551100112156	F	NaN	NaN	NaN
	53443	19.067972704292103	0.21361076667564421	F	NaN	NaN	NaN
	53444	19.091001490355833	0.21342176079218944	F	NaN	NaN	NaN
	53445	19.114030276419562	0.21323275490873472	F	NaN	NaN	NaN
	53446	19.136699390233968	0.21310545241406564	F	NaN	NaN	NaN
	53447	19.159073274168552	0.21302879793043883	F	NaN	NaN	NaN
	53448	19.18144715810314	0.21295214344681201	F	NaN	NaN	NaN
	53449	19.203191649114682	0.21317009550791766	F	NaN	NaN	NaN
	53450	19.22482905642506	0.2134381713598079	F	NaN	NaN	NaN
	53451	19.246335575556365	0.21365953560684564	F	NaN	NaN	NaN
	53452	19.26715493174748	0.213635663928401	F	NaN	NaN	NaN
	53453	19.287974287938596	0.21361179224995636	F	NaN	NaN	NaN
	53454	19.308374958368802	0.21371102559262295	F	NaN	NaN	NaN
	53455	19.32829468894559	0.21395166835575768	F	NaN	NaN	NaN
	53456	19.348214419522378	0.21419231111889242	F	NaN	NaN	NaN
	53457	19.367377841054846	0.21376278590946754	F	NaN	NaN	NaN
	53458	19.38631637152224	0.21313398397545516	F	NaN	NaN	NaN
	53459	19.40517391856478	0.21241503271819095	F	NaN	NaN	NaN
	53460	19.423049674427723	0.21060316879918234	F	NaN	NaN	NaN
	53461	19.44092543029067	0.20879130488017375	F	NaN	NaN	NaN
	53462	19.458364502537236	0.20660088980479885	F	NaN	NaN	NaN
	53463	19.475095909300663	0.20379701551795565	F	NaN	NaN	NaN
	53464	19.49182731606409	0.20099314123111245	F	NaN	NaN	NaN
	53465	19.5081053480869	0.19773090027693546	F	NaN	NaN	NaN
	53466	19.524021604771608	0.1949510191343835	F	NaN	NaN	NaN
	53467	19.539729873537638	0.19193409219747248	F	NaN	NaN	NaN
	53468	19.555205267764283	0.18875431703409218	F	NaN	NaN	NaN
	53469	19.570422900830827	0.1847949222392926	F	NaN	NaN	NaN
	53470	19.585375500785222	0.18148871640757586	F	NaN	NaN	NaN
	53471	19.600120365195963	0.17890755912129083	F	NaN	NaN	NaN
	53472	19.614654182804315	0.17624361353590387	F	NaN	NaN	NaN
	53473	19.62896226578066	0.1738118143219377	F	NaN	NaN	NaN
	53474	19.643049556367803	0.17181343094056983	F	NaN	NaN	NaN
	53475	19.656911121731014	0.1698489908288774	F	NaN	NaN	NaN
	53476	19.670542029035555	0.16816993391143922	F	NaN	NaN	NaN
	53477	19.68392558569651	0.16806041680976638	F	NaN	NaN	NaN
	53478	19.69706806893008	0.1692464895830437	F	NaN	NaN	NaN
	53479	19.70996923064709	0.17008109312868105	F	NaN	NaN	NaN
	53480	19.722610511446796	0.1715018170956514	F	NaN	NaN	NaN
	53481	19.73499069772103	0.17594494969236857	F	NaN	NaN	NaN
	53482	19.747145624805835	0.17966862224772168	F	NaN	NaN	NaN
	53483	19.759048479487255	0.18334026124574848	F	NaN	NaN	NaN
	53484	19.77072024365766	0.18748984655456716	F	NaN	NaN	NaN
	53485	19.782161439841182	0.19295401327212594	F	NaN	NaN	NaN
	53486	19.79337259056196	0.19981096421777017	F	NaN	NaN	NaN
	53487	19.804354218344127	0.20786490950812775	F	NaN	NaN	NaN
	53488	19.815086314985226	0.21613063852446718	F	NaN	NaN	NaN
	53489	19.825580663875296	0.2262637960349843	F	NaN	NaN	NaN
	53490	19.835847178352324	0.23756898856732228	F	NaN	NaN	NaN
	53491	19.845886380940446	0.24847129886900868	F	NaN	NaN	NaN
	53492	19.85569879416379	0.25956081412089593	F	NaN	NaN	NaN
	53493	19.865283567518023	0.2722421331509046	F	NaN	NaN	NaN
	53494	19.87461449314503	0.28622254947151093	F	NaN	NaN	NaN
	53495	19.883720317932838	0.3021853082874324	F	NaN	NaN	NaN
	53496	19.892601564405574	0.3170554033112901	F	NaN	NaN	NaN
	53497	19.901258755087376	0.33339598003966253	F	NaN	NaN	NaN

# FILTER V
#        MJD  MAG  MAGERR  Upperlimit  Instrument  Telescope  Source
	53357	15.51859216983363	0.03599288076511552	F	NaN	NaN	NaN
	53358	15.483937183718476	0.029743219392842874	F	NaN	NaN	NaN
	53359	15.456275720257548	0.025254779194304286	F	NaN	NaN	NaN
	53360	15.435538554220955	0.022735601285633428	F	NaN	NaN	NaN
	53361	15.421675951432183	0.022144969956825963	F	NaN	NaN	NaN
	53362	15.414848166023988	0.0226984639597575	F	NaN	NaN	NaN
	53363	15.415198266228668	0.023355661243851557	F	NaN	NaN	NaN
	53364	15.422733342720948	0.024270432275810515	F	NaN	NaN	NaN
	53365	15.439869726554186	0.02422709983960459	F	NaN	NaN	NaN
	53366	15.465327949925253	0.024610411827758416	F	NaN	NaN	NaN
	53367	15.497403425411065	0.025782581185621996	F	NaN	NaN	NaN
	53368	15.534509637128789	0.027269605876316917	F	NaN	NaN	NaN
	53369	15.57501999669685	0.028319612227256527	F	NaN	NaN	NaN
	53370	15.619677278612402	0.02733550510601402	F	NaN	NaN	NaN
	53371	15.671808575343695	0.02609087875346311	F	NaN	NaN	NaN
	53372	15.725585265438717	0.02605560089711309	F	NaN	NaN	NaN
	53373	15.778354893851876	0.025337078592715542	F	NaN	NaN	NaN
	53374	15.836341548109365	0.02414918861288671	F	NaN	NaN	NaN
	53375	15.897688272662572	0.024166950270626982	F	NaN	NaN	NaN
	53376	15.960020568308824	0.02582706258186787	F	NaN	NaN	NaN
	53377	16.020937843373165	0.027672766841053652	F	NaN	NaN	NaN
	53378	16.079828381295307	0.027566616607119662	F	NaN	NaN	NaN
	53379	16.13981052508955	0.027278268715812334	F	NaN	NaN	NaN
	53380	16.1995321190356	0.02732528822129466	F	NaN	NaN	NaN
	53381	16.257263994024296	0.02760658876546597	F	NaN	NaN	NaN
	53382	16.3126251781082	0.027532927659432643	F	NaN	NaN	NaN
	53383	16.367835176371823	0.027943065158990685	F	NaN	NaN	NaN
	53384	16.42151420895953	0.028065032063748344	F	NaN	NaN	NaN
	53385	16.473449491706045	0.02739310194788122	F	NaN	NaN	NaN
	53386	16.52546106580948	0.028336529679602943	F	NaN	NaN	NaN
	53387	16.575358819815897	0.03153388273022479	F	NaN	NaN	NaN
	53388	16.62072289100217	0.03430694348086317	F	NaN	NaN	NaN
	53389	16.660125395327604	0.03528677564645195	F	NaN	NaN	NaN
	53390	16.69527502125274	0.035046209526022165	F	NaN	NaN	NaN
	53391	16.72661043948352	0.03452826315742042	F	NaN	NaN	NaN
	53392	16.754768090008245	0.03377649138356875	F	NaN	NaN	NaN
	53393	16.780059436207242	0.03293488746267446	F	NaN	NaN	NaN
	53394	16.802908884294357	0.03237245253124233	F	NaN	NaN	NaN
	53395	16.823740840483445	0.03216934259640078	F	NaN	NaN	NaN
	53396	16.842979710988356	0.03233484354767234	F	NaN	NaN	NaN
	53397	16.861049902022938	0.03247882445060006	F	NaN	NaN	NaN
	53398	16.878375819801043	0.032684524000110037	F	NaN	NaN	NaN
	53399	16.89538187053653	0.032666060557106996	F	NaN	NaN	NaN
	53400	16.912492460443243	0.03198968488507124	F	NaN	NaN	NaN
	53401	16.929243503504168	0.03106162994528261	F	NaN	NaN	NaN
	53402	16.9444392229346	0.030521392793397703	F	NaN	NaN	NaN
	53403	16.959691828764587	0.030175967343007298	F	NaN	NaN	NaN
	53404	16.974156334535593	0.031154560983301972	F	NaN	NaN	NaN
	53405	16.9877597661449	0.0333687183330853	F	NaN	NaN	NaN
	53406	17.00050132127128	0.03753909572291582	F	NaN	NaN	NaN
	53407	17.01238019759352	0.04288305319113525	F	NaN	NaN	NaN
	53408	17.02340151199006	0.05059718421987704	F	NaN	NaN	NaN
	53409	17.03355277212788	0.05910303697653214	F	NaN	NaN	NaN

# FILTER g
#        MJD  MAG  MAGERR  Upperlimit  Instrument  Telescope  Source
	53357	15.931736882032908	0.04898423595874053	F	NaN	NaN	NaN
	53358	15.911488258462047	0.03991440226045677	F	NaN	NaN	NaN
	53359	15.898197013559045	0.03249732026663223	F	NaN	NaN	NaN
	53360	15.892033527750332	0.027404687343634923	F	NaN	NaN	NaN
	53361	15.893168181462348	0.02452411451204083	F	NaN	NaN	NaN
	53362	15.901842112475519	0.02290318472510424	F	NaN	NaN	NaN
	53363	15.917644192364628	0.022644966891090246	F	NaN	NaN	NaN
	53364	15.941123616941148	0.022738198149806037	F	NaN	NaN	NaN
	53365	15.970995360202723	0.02280784273073457	F	NaN	NaN	NaN
	53366	16.00757269226026	0.02280672588153976	F	NaN	NaN	NaN
	53367	16.053995968896412	0.022453429573562902	F	NaN	NaN	NaN
	53368	16.108582464104934	0.02232471958364409	F	NaN	NaN	NaN
	53369	16.16926127318148	0.02329111177179367	F	NaN	NaN	NaN
	53370	16.233957621113284	0.02458760074137701	F	NaN	NaN	NaN
	53371	16.300612580964714	0.02574472205589778	F	NaN	NaN	NaN
	53372	16.36715145275109	0.0265192369031439	F	NaN	NaN	NaN
	53373	16.43405001811806	0.026960191089537004	F	NaN	NaN	NaN
	53374	16.50585852873856	0.027989734687278445	F	NaN	NaN	NaN
	53375	16.579847088152064	0.030896683599564635	F	NaN	NaN	NaN
	53376	16.6529009396734	0.03415972505227893	F	NaN	NaN	NaN
	53377	16.721881297970505	0.036176426971728	F	NaN	NaN	NaN
	53378	16.78585486129247	0.036716427880885055	F	NaN	NaN	NaN
	53379	16.848776736343762	0.03774369649991824	F	NaN	NaN	NaN
	53380	16.90946572234889	0.038634131796363796	F	NaN	NaN	NaN
	53381	16.966280521068008	0.039362371232730176	F	NaN	NaN	NaN
	53382	17.01994846208136	0.03985474479376677	F	NaN	NaN	NaN
	53383	17.072679861931682	0.0411235215965808	F	NaN	NaN	NaN
	53384	17.119494624821616	0.03981175029276922	F	NaN	NaN	NaN
	53385	17.16344928924463	0.038830419007661245	F	NaN	NaN	NaN
	53386	17.205188824838306	0.038928417169342505	F	NaN	NaN	NaN
	53387	17.24497700891621	0.04022494592308759	F	NaN	NaN	NaN
	53388	17.28308913014762	0.0418224723405302	F	NaN	NaN	NaN
	53389	17.31946869562918	0.042220722802157766	F	NaN	NaN	NaN
	53390	17.353378678110527	0.042379145604825225	F	NaN	NaN	NaN
	53391	17.384781584745003	0.04278093491050611	F	NaN	NaN	NaN
	53392	17.41389980221947	0.04359156395852694	F	NaN	NaN	NaN
	53393	17.440736219713365	0.04412133627574935	F	NaN	NaN	NaN
	53394	17.465367854493472	0.04520085641164981	F	NaN	NaN	NaN
	53395	17.487871723826572	0.046079990542818576	F	NaN	NaN	NaN
	53396	17.508324844979438	0.04727822323645534	F	NaN	NaN	NaN
	53397	17.52680423521885	0.04826091363337401	F	NaN	NaN	NaN
	53398	17.5433869118116	0.04976588664917744	F	NaN	NaN	NaN
	53399	17.558149892024453	0.050965718275039165	F	NaN	NaN	NaN
	53400	17.571170193124196	0.05222306561514442	F	NaN	NaN	NaN
	53401	17.58248545330839	0.053971605836483076	F	NaN	NaN	NaN
	53402	17.591771354575233	0.05731897902449602	F	NaN	NaN	NaN
	53403	17.599051880934084	0.06267458272163229	F	NaN	NaN	NaN
	53404	17.604316550472003	0.07034427062674838	F	NaN	NaN	NaN
	53405	17.60756175646427	0.07854510328203053	F	NaN	NaN	NaN
	53406	17.608780378056217	0.088618241726188	F	NaN	NaN	NaN
	53407	17.607965294393175	0.10047259389321316	F	NaN	NaN	NaN

# FILTER i
#        MJD  MAG  MAGERR  Upperlimit  Instrument  Telescope  Source
	53357	15.100824563668581	0.03491525065059506	F	NaN	NaN	NaN
	53358	15.062399373483675	0.03037021513973478	F	NaN	NaN	NaN
	53359	15.028708708408525	0.027289190866951998	F	NaN	NaN	NaN
	53360	14.999568563032899	0.025292384184017306	F	NaN	NaN	NaN
	53361	14.974819541813257	0.0242109676183623	F	NaN	NaN	NaN
	53362	14.954283548533464	0.02385223323210335	F	NaN	NaN	NaN
	53363	14.938082167884776	0.024473814917587614	F	NaN	NaN	NaN
	53364	14.926706502492083	0.02478392062467777	F	NaN	NaN	NaN
	53365	14.919976853504295	0.025351862932489845	F	NaN	NaN	NaN
	53366	14.917677377033435	0.025547209756351316	F	NaN	NaN	NaN
	53367	14.919509327991339	0.02549327291598285	F	NaN	NaN	NaN
	53368	14.925245109229317	0.02535091963306102	F	NaN	NaN	NaN
	53369	14.93463586159162	0.024936282716035582	F	NaN	NaN	NaN
	53370	14.948670947172129	0.024275818802144578	F	NaN	NaN	NaN
	53371	14.96924220167956	0.023188655627480723	F	NaN	NaN	NaN
	53372	14.992892251421642	0.02258639366268614	F	NaN	NaN	NaN
	53373	15.017829189743944	0.02176125100108025	F	NaN	NaN	NaN
	53374	15.047117879540078	0.020774621357506594	F	NaN	NaN	NaN
	53375	15.079748844292666	0.02011781109111293	F	NaN	NaN	NaN
	53376	15.11446814748004	0.02081133188629639	F	NaN	NaN	NaN
	53377	15.150000895410752	0.022385244205545777	F	NaN	NaN	NaN
	53378	15.186349016258331	0.023539984827348218	F	NaN	NaN	NaN
	53379	15.22551540623054	0.024663027488719142	F	NaN	NaN	NaN
	53380	15.26553821430385	0.025720733229723583	F	NaN	NaN	NaN
	53381	15.305746284272168	0.025621836317215957	F	NaN	NaN	NaN
	53382	15.348772616337286	0.024993045464663584	F	NaN	NaN	NaN
	53383	15.392970424133415	0.024602048241023713	F	NaN	NaN	NaN
	53384	15.436398843401804	0.02453406684810087	F	NaN	NaN	NaN
	53385	15.479229517122265	0.024715155620311728	F	NaN	NaN	NaN
	53386	15.522260829909746	0.025042542180512307	F	NaN	NaN	NaN
	53387	15.566883768031687	0.02706310626588492	F	NaN	NaN	NaN
	53388	15.610643176047974	0.029608783541507325	F	NaN	NaN	NaN
	53389	15.652199542821299	0.030864305059085315	F	NaN	NaN	NaN
	53390	15.693747656839372	0.03166189024162157	F	NaN	NaN	NaN
	53391	15.733130241764163	0.031574190245631475	F	NaN	NaN	NaN
	53392	15.772216034262895	0.030546065132250187	F	NaN	NaN	NaN
	53393	15.810953276575557	0.029977782267894812	F	NaN	NaN	NaN
	53394	15.849143185796136	0.029231602624773166	F	NaN	NaN	NaN
	53395	15.88652620108387	0.029711205730661515	F	NaN	NaN	NaN
	53396	15.922941854893244	0.030829328106354907	F	NaN	NaN	NaN
	53397	15.958117087193504	0.032528887378190915	F	NaN	NaN	NaN
	53398	15.991875748972438	0.03444751806882415	F	NaN	NaN	NaN
	53399	16.024013358250176	0.035554370647657485	F	NaN	NaN	NaN
	53400	16.05425925355189	0.035477264225705296	F	NaN	NaN	NaN
	53401	16.082590169521144	0.03483957323107168	F	NaN	NaN	NaN
	53402	16.10959550715221	0.03339714379106826	F	NaN	NaN	NaN
	53403	16.135547339476666	0.03233221413179278	F	NaN	NaN	NaN
	53404	16.16030394757973	0.03148416509970036	F	NaN	NaN	NaN
	53405	16.183867804220224	0.03155733844855469	F	NaN	NaN	NaN
	53406	16.206255718717376	0.03359236156291076	F	NaN	NaN	NaN
	53407	16.227484500390393	0.0362132773266336	F	NaN	NaN	NaN
	53408	16.247583595834367	0.041301115876866704	F	NaN	NaN	NaN
	53409	16.266809929629733	0.04799901286132484	F	NaN	NaN	NaN
	53410	16.28628684669318	0.05549941640953903	F	NaN	NaN	NaN
	53411	16.306395294185428	0.06364711653817787	F	NaN	NaN	NaN
	53412	16.326779893737413	0.07109163349734476	F	NaN	NaN	NaN
	53413	16.347164493289394	0.07853615045651165	F	NaN	NaN	NaN
	53414	16.36764542224262	0.08587707608516985	F	NaN	NaN	NaN
	53415	16.389114812349113	0.09215502400714248	F	NaN	NaN	NaN
	53416	16.410584202455606	0.09843297192911511	F	NaN	NaN	NaN
	53417	16.4320535925621	0.10471091985108774	F	NaN	NaN	NaN
	53418	16.454096577027016	0.11044460873282833	F	NaN	NaN	NaN
	53419	16.476525797050552	0.11581181528895229	F	NaN	NaN	NaN
	53420	16.498955017074092	0.12117902184507624	F	NaN	NaN	NaN
	53421	16.52147306718898	0.1264025964191917	F	NaN	NaN	NaN
	53422	16.544737156492097	0.1304198783324319	F	NaN	NaN	NaN
	53423	16.568001245795212	0.1344371602456721	F	NaN	NaN	NaN
	53424	16.591265335098328	0.1384544421589123	F	NaN	NaN	NaN
	53425	16.614966160198076	0.14192368403191788	F	NaN	NaN	NaN
	53426	16.638940158143313	0.14505013363008254	F	NaN	NaN	NaN
	53427	16.662914156088547	0.14817658322824723	F	NaN	NaN	NaN
	53428	16.686960687586364	0.15119396297830467	F	NaN	NaN	NaN
	53429	16.711519633536252	0.15344081702724205	F	NaN	NaN	NaN
	53430	16.736078579486144	0.15568767107617942	F	NaN	NaN	NaN
	53431	16.76063752543603	0.15793452512511683	F	NaN	NaN	NaN
	53432	16.785487551391878	0.1597968468562227	F	NaN	NaN	NaN
	53433	16.810506484708952	0.16143603289341568	F	NaN	NaN	NaN
	53434	16.83552541802603	0.1630752189306086	F	NaN	NaN	NaN
	53435	16.860591791128034	0.16458483048123218	F	NaN	NaN	NaN
	53436	16.885945751174837	0.16530894246074854	F	NaN	NaN	NaN
	53437	16.91129971122164	0.1660330544402649	F	NaN	NaN	NaN
	53438	16.936653671268445	0.16675716641978128	F	NaN	NaN	NaN
	53439	16.962144258301652	0.16732835037052132	F	NaN	NaN	NaN
	53440	16.987708284440718	0.16781733315450165	F	NaN	NaN	NaN
	53441	17.013272310579783	0.168306315938482	F	NaN	NaN	NaN
	53442	17.03884988550725	0.1687053127961287	F	NaN	NaN	NaN
	53443	17.064499017101113	0.16862905734937664	F	NaN	NaN	NaN
	53444	17.090148148694976	0.16855280190262456	F	NaN	NaN	NaN
	53445	17.115797280288838	0.1684765464558725	F	NaN	NaN	NaN
	53446	17.141419788620677	0.16806444707059162	F	NaN	NaN	NaN
	53447	17.16702906503187	0.1674854312368242	F	NaN	NaN	NaN
	53448	17.192638341443065	0.16690641540305676	F	NaN	NaN	NaN
	53449	17.21821847841726	0.1663850099833263	F	NaN	NaN	NaN
	53450	17.243662939008324	0.16613184490768462	F	NaN	NaN	NaN
	53451	17.269107399599392	0.16587867983204294	F	NaN	NaN	NaN
	53452	17.29455186019046	0.16562551475640128	F	NaN	NaN	NaN
	53453	17.319797650042194	0.1648872933827579	F	NaN	NaN	NaN
	53454	17.344952334175666	0.16392663662392107	F	NaN	NaN	NaN
	53455	17.370107018309138	0.16296597986508424	F	NaN	NaN	NaN
	53456	17.395181077551328	0.1619146821779681	F	NaN	NaN	NaN
	53457	17.41992102458974	0.16048776549999982	F	NaN	NaN	NaN
	53458	17.444660971628153	0.15906084882203156	F	NaN	NaN	NaN
	53459	17.469400918666565	0.1576339321440633	F	NaN	NaN	NaN
	53460	17.49376135025947	0.15631937853231323	F	NaN	NaN	NaN
	53461	17.51796159956536	0.1550522500600015	F	NaN	NaN	NaN
	53462	17.542161848871256	0.15378512158768975	F	NaN	NaN	NaN
	53463	17.56622119060271	0.15245285514716794	F	NaN	NaN	NaN
	53464	17.589756781538615	0.1508784721078269	F	NaN	NaN	NaN
	53465	17.61329237247452	0.14930408906848586	F	NaN	NaN	NaN
	53466	17.636827963410422	0.1477297060291448	F	NaN	NaN	NaN
	53467	17.659794396965758	0.14677169229801418	F	NaN	NaN	NaN
	53468	17.682540368894212	0.14605242761079304	F	NaN	NaN	NaN
	53469	17.705286340822667	0.1453331629235719	F	NaN	NaN	NaN
	53470	17.727822325264654	0.14453905543933313	F	NaN	NaN	NaN
	53471	17.749653717548192	0.1434938203818243	F	NaN	NaN	NaN
	53472	17.771485109831733	0.14244858532431545	F	NaN	NaN	NaN
	53473	17.793316502115275	0.14140335026680662	F	NaN	NaN	NaN
	53474	17.814380297854306	0.14110057058737097	F	NaN	NaN	NaN
	53475	17.83517214985547	0.14106082764534314	F	NaN	NaN	NaN
	53476	17.855964001856634	0.1410210847033153	F	NaN	NaN	NaN
	53477	17.876467989230417	0.1412685693068894	F	NaN	NaN	NaN
	53478	17.89609534031174	0.14239075009303437	F	NaN	NaN	NaN
	53479	17.915722691393064	0.14351293087917935	F	NaN	NaN	NaN
	53480	17.935350042474386	0.14463511166532433	F	NaN	NaN	NaN
	53481	17.954337433013844	0.14683369667802335	F	NaN	NaN	NaN
	53482	17.973070943534307	0.14946263918005265	F	NaN	NaN	NaN
	53483	17.991415948875815	0.1527724159406984	F	NaN	NaN	NaN
	53484	18.009566429846828	0.15647097099289722	F	NaN	NaN	NaN
	53485	18.027489656414495	0.16062371889741717	F	NaN	NaN	NaN
	53486	18.0450810800709	0.16552493649212197	F	NaN	NaN	NaN
	53487	18.06253108079595	0.17081005118542025	F	NaN	NaN	NaN
	53488	18.079652924754082	0.17716043493597766	F	NaN	NaN	NaN
	53489	18.096577754321494	0.18463168596969343	F	NaN	NaN	NaN
	53490	18.11331999444394	0.19314173693250103	F	NaN	NaN	NaN
	53491	18.129743625088558	0.20327311751908755	F	NaN	NaN	NaN
	53492	18.14604151625549	0.21385259780863852	F	NaN	NaN	NaN
	53493	18.162066723644706	0.22515615719332477	F	NaN	NaN	NaN
	53494	18.177897302045817	0.2375074870097048	F	NaN	NaN	NaN
	53495	18.19358508053749	0.25062756933421276	F	NaN	NaN	NaN
	53496	18.20897231840762	0.2643795515642366	F	NaN	NaN	NaN
	53497	18.22424950025373	0.2784864619778407	F	NaN	NaN	NaN
	53498	18.23930459588847	0.29337483946511966	F	NaN	NaN	NaN
	53499	18.254172323360578	0.3084692796466748	F	NaN	NaN	NaN
	53500	18.26893216503592	0.32368236985736537	F	NaN	NaN	NaN
	53501	18.28341441036887	0.34105019287477606	F	NaN	NaN	NaN
	53502	18.29780228313146	0.35823713843273347	F	NaN	NaN	NaN
	53503	18.312013791826168	0.3750183744823229	F	NaN	NaN	NaN
	53504	18.32605006860657	0.3916208336845419	F	NaN	NaN	NaN
	53505	18.33999774234815	0.40824381398555487	F	NaN	NaN	NaN
	53506	18.35371715131309	0.4269878078799042	F	NaN	NaN	NaN
	53507	18.36734711522946	0.44598083991230075	F	NaN	NaN	NaN
	53508	18.380841561798587	0.46535118727256897	F	NaN	NaN	NaN
	53509	18.394177788124583	0.4851477710660589	F	NaN	NaN	NaN
	53510	18.407441094865426	0.505139057810203	F	NaN	NaN	NaN
	53511	18.420527791581083	0.525590950712859	F	NaN	NaN	NaN
	53512	18.43353124688852	0.5462530157528319	F	NaN	NaN	NaN
	53513	18.446435156146517	0.5671664197167908	F	NaN	NaN	NaN

# FILTER r
#        MJD  MAG  MAGERR  Upperlimit  Instrument  Telescope  Source
	53357	15.23489213686613	0.032165269154118034	F	NaN	NaN	NaN
	53358	15.196693951931136	0.026413012067632288	F	NaN	NaN	NaN
	53359	15.164605646016376	0.022919212463101475	F	NaN	NaN	NaN
	53360	15.138464248748642	0.021357561865296727	F	NaN	NaN	NaN
	53361	15.118139300401067	0.02129710409580746	F	NaN	NaN	NaN
	53362	15.103474830923421	0.022185811186415542	F	NaN	NaN	NaN
	53363	15.095226571477728	0.0228224454416246	F	NaN	NaN	NaN
	53364	15.095456236841821	0.02281066430536893	F	NaN	NaN	NaN
	53365	15.103044286493159	0.02253568655684765	F	NaN	NaN	NaN
	53366	15.116744114205643	0.022306200975940788	F	NaN	NaN	NaN
	53367	15.13544073608001	0.022497559447170107	F	NaN	NaN	NaN
	53368	15.157816480710567	0.02313244543492935	F	NaN	NaN	NaN
	53369	15.182632650829781	0.023921857332752858	F	NaN	NaN	NaN
	53370	15.209713081119666	0.023609441101342277	F	NaN	NaN	NaN
	53371	15.241006059532706	0.02238162045313382	F	NaN	NaN	NaN
	53372	15.275700696339879	0.02150877674121445	F	NaN	NaN	NaN
	53373	15.312765499855246	0.021138972230078927	F	NaN	NaN	NaN
	53374	15.352019658537298	0.020746324242693525	F	NaN	NaN	NaN
	53375	15.395047426615923	0.019588763996225972	F	NaN	NaN	NaN
	53376	15.441105943311653	0.018923824999998298	F	NaN	NaN	NaN
	53377	15.489243376076343	0.01940699580345795	F	NaN	NaN	NaN
	53378	15.538507551101157	0.02080949957365456	F	NaN	NaN	NaN
	53379	15.58794977098909	0.02207541607766688	F	NaN	NaN	NaN
	53380	15.636618264301251	0.023087316272253973	F	NaN	NaN	NaN
	53381	15.684352982427175	0.02236082955969913	F	NaN	NaN	NaN
	53382	15.732672187091406	0.02180719072995236	F	NaN	NaN	NaN
	53383	15.780971577147364	0.022742959794591146	F	NaN	NaN	NaN
	53384	15.828494801552928	0.023791959823285788	F	NaN	NaN	NaN
	53385	15.875162879134853	0.02308807959775993	F	NaN	NaN	NaN
	53386	15.921598036784241	0.02262356343658283	F	NaN	NaN	NaN
	53387	15.966696194381408	0.02187727981982295	F	NaN	NaN	NaN
	53388	16.010986397356493	0.02257509176283804	F	NaN	NaN	NaN
	53389	16.053978751800855	0.024724389845956637	F	NaN	NaN	NaN
	53390	16.09516192555302	0.0261970182129169	F	NaN	NaN	NaN
	53391	16.13463147494715	0.026726402345715092	F	NaN	NaN	NaN
	53392	16.17244278429668	0.026962297683097602	F	NaN	NaN	NaN
	53393	16.20851334198191	0.026973762661953265	F	NaN	NaN	NaN
	53394	16.242860565712377	0.02817216292499051	F	NaN	NaN	NaN
	53395	16.27533983720064	0.02979681814202234	F	NaN	NaN	NaN
	53396	16.306030215622282	0.031656544030107855	F	NaN	NaN	NaN
	53397	16.334793413827956	0.03331660383280473	F	NaN	NaN	NaN
	53398	16.3616536783434	0.034314537413712404	F	NaN	NaN	NaN
	53399	16.386331051134686	0.03373540833076623	F	NaN	NaN	NaN
	53400	16.40777042653352	0.03198981397929318	F	NaN	NaN	NaN
	53401	16.427370334847605	0.029906922968820082	F	NaN	NaN	NaN
	53402	16.446873918182785	0.027895597107413343	F	NaN	NaN	NaN
	53403	16.46689276353424	0.026541243829219935	F	NaN	NaN	NaN
	53404	16.485898770449772	0.02524155223223114	F	NaN	NaN	NaN
	53405	16.504444273205422	0.02466815985136006	F	NaN	NaN	NaN
	53406	16.523202186278183	0.02516350982510096	F	NaN	NaN	NaN
	53407	16.542845424145064	0.02649336830218834	F	NaN	NaN	NaN
	53408	16.563727910082324	0.029818885694671275	F	NaN	NaN	NaN
	53409	16.58540256169377	0.03531467171694794	F	NaN	NaN	NaN
	53410	16.607867169684663	0.043554772542951134	F	NaN	NaN	NaN
	53411	16.630157086342237	0.05156767876674145	F	NaN	NaN	NaN
	53412	16.652342367690295	0.05917733877020899	F	NaN	NaN	NaN
	53413	16.674263968249345	0.06556393026035463	F	NaN	NaN	NaN
	53414	16.696020245527436	0.07082084843366826	F	NaN	NaN	NaN
	53415	16.71763656083994	0.07521182938973452	F	NaN	NaN	NaN
	53416	16.73901043870313	0.07877673774470875	F	NaN	NaN	NaN
	53417	16.760228111458563	0.08172640098468428	F	NaN	NaN	NaN
	53418	16.78131608744618	0.08413509742710854	F	NaN	NaN	NaN
	53419	16.80218243524377	0.08542457407644095	F	NaN	NaN	NaN
	53420	16.82290213018721	0.0863666807476794	F	NaN	NaN	NaN
	53421	16.843502393560605	0.08700683420850408	F	NaN	NaN	NaN
	53422	16.863901403922856	0.08703024251498774	F	NaN	NaN	NaN
	53423	16.884163747764983	0.08662204668764888	F	NaN	NaN	NaN
	53424	16.904316925234827	0.0859606024634154	F	NaN	NaN	NaN
	53425	16.924288790791998	0.08533572611366297	F	NaN	NaN	NaN
	53426	16.94413441024347	0.08496470939604786	F	NaN	NaN	NaN
	53427	16.96388112852043	0.0847990229299381	F	NaN	NaN	NaN
	53428	16.98346604190278	0.08499790457351218	F	NaN	NaN	NaN
	53429	17.002935563674267	0.08539739930195567	F	NaN	NaN	NaN
	53430	17.02231644946901	0.08600692516271749	F	NaN	NaN	NaN
	53431	17.04155460330681	0.08717616473055143	F	NaN	NaN	NaN
	53432	17.06068865410898	0.0882116216764928	F	NaN	NaN	NaN
	53433	17.079744334132172	0.08926986779773026	F	NaN	NaN	NaN
	53434	17.098675921055676	0.09080282786659648	F	NaN	NaN	NaN
	53435	17.117515127599194	0.09245672985388882	F	NaN	NaN	NaN
	53436	17.13628622856151	0.09417830749941272	F	NaN	NaN	NaN
	53437	17.15495144120098	0.09593637080878248	F	NaN	NaN	NaN
	53438	17.173536430196517	0.09716707609986912	F	NaN	NaN	NaN
	53439	17.192063578808618	0.09799931304272735	F	NaN	NaN	NaN
	53440	17.210502609794315	0.09817169256994182	F	NaN	NaN	NaN
	53441	17.228893375266583	0.09913228742673225	F	NaN	NaN	NaN
	53442	17.247243135247047	0.09947105599755035	F	NaN	NaN	NaN
	53443	17.26556405225017	0.09909971291286246	F	NaN	NaN	NaN
	53444	17.28385896968606	0.0989965074975995	F	NaN	NaN	NaN
	53445	17.30213073096482	0.09911475772928273	F	NaN	NaN	NaN
	53446	17.320380948259622	0.09906253105937946	F	NaN	NaN	NaN
	53447	17.33861285334811	0.09833866793063506	F	NaN	NaN	NaN
	53448	17.35683135808951	0.09743762137497272	F	NaN	NaN	NaN
	53449	17.375039305893942	0.09658152636672857	F	NaN	NaN	NaN
	53450	17.393239540171496	0.09571827777684486	F	NaN	NaN	NaN
	53451	17.411434904332285	0.09459043094496417	F	NaN	NaN	NaN
	53452	17.42962824178641	0.09323171813446125	F	NaN	NaN	NaN
	53453	17.44782239594397	0.09267230827722452	F	NaN	NaN	NaN
	53454	17.466021257922794	0.09181452017323835	F	NaN	NaN	NaN
	53455	17.484228011679566	0.09097386785036052	F	NaN	NaN	NaN
	53456	17.502445337949823	0.09011870765282361	F	NaN	NaN	NaN
	53457	17.520676080143677	0.08929161940080112	F	NaN	NaN	NaN
	53458	17.53892308167123	0.08862128414457096	F	NaN	NaN	NaN
	53459	17.557189185942587	0.08807248345975922	F	NaN	NaN	NaN
	53460	17.575477236367842	0.0873733675619136	F	NaN	NaN	NaN
	53461	17.593790770108342	0.08657697212481005	F	NaN	NaN	NaN
	53462	17.61213696352234	0.0859203856185908	F	NaN	NaN	NaN
	53463	17.6305148589003	0.08540156965151903	F	NaN	NaN	NaN
	53464	17.64892207115214	0.08525127572097616	F	NaN	NaN	NaN
	53465	17.667372520046168	0.08471524935926854	F	NaN	NaN	NaN
	53466	17.685863622841605	0.08459739853200426	F	NaN	NaN	NaN
	53467	17.704396048110837	0.08435245515537888	F	NaN	NaN	NaN
	53468	17.722980140100052	0.08445781268522538	F	NaN	NaN	NaN
	53469	17.741613193492896	0.08464704442525628	F	NaN	NaN	NaN
	53470	17.760296164673232	0.08463589517978998	F	NaN	NaN	NaN
	53471	17.779041748437642	0.08425341868858413	F	NaN	NaN	NaN
	53472	17.797844314711092	0.08495226450529184	F	NaN	NaN	NaN
	53473	17.816705394085744	0.08558091760502086	F	NaN	NaN	NaN
	53474	17.83564031830536	0.08571978515883039	F	NaN	NaN	NaN
	53475	17.85463995974263	0.08564305574128653	F	NaN	NaN	NaN
	53476	17.873707672779805	0.08620151546897578	F	NaN	NaN	NaN
	53477	17.892858822949652	0.08628892517921234	F	NaN	NaN	NaN
	53478	17.912083101833947	0.0862205752127166	F	NaN	NaN	NaN
	53479	17.931345696636424	0.08603987082668171	F	NaN	NaN	NaN
	53480	17.950582947007078	0.0860187342889421	F	NaN	NaN	NaN
	53481	17.969784760448515	0.08604092832281462	F	NaN	NaN	NaN
	53482	17.988951293055553	0.08632319529696572	F	NaN	NaN	NaN
	53483	18.008081684761613	0.08660559737454691	F	NaN	NaN	NaN
	53484	18.027176486167004	0.08660571913651627	F	NaN	NaN	NaN
	53485	18.04623648908372	0.08660300881038083	F	NaN	NaN	NaN
	53486	18.06526184960657	0.0865320345956725	F	NaN	NaN	NaN
	53487	18.084252723830353	0.08626711017513308	F	NaN	NaN	NaN
	53488	18.103209267849884	0.08626144255043336	F	NaN	NaN	NaN
	53489	18.122131637759963	0.08626161203676588	F	NaN	NaN	NaN
	53490	18.1410199896554	0.08639040628926042	F	NaN	NaN	NaN
	53491	18.159874479631	0.08659128241657069	F	NaN	NaN	NaN
	53492	18.178695263781563	0.08662051202835719	F	NaN	NaN	NaN
	53493	18.1974824982019	0.08667432245757986	F	NaN	NaN	NaN
	53494	18.216236338986818	0.08673388296752793	F	NaN	NaN	NaN
	53495	18.23495694223112	0.0868013452398871	F	NaN	NaN	NaN
	53496	18.25364446402961	0.08709934026229527	F	NaN	NaN	NaN
	53497	18.2722990604771	0.08707613859499638	F	NaN	NaN	NaN
	53498	18.290922814255023	0.08714832017615876	F	NaN	NaN	NaN
	53499	18.3095100312061	0.08733733869979221	F	NaN	NaN	NaN
	53500	18.328065397132562	0.08757532509010889	F	NaN	NaN	NaN
	53501	18.34658970871587	0.08786731969084303	F	NaN	NaN	NaN
	53502	18.365083106538062	0.0885031144942833	F	NaN	NaN	NaN
	53503	18.383540991958064	0.08886045797073475	F	NaN	NaN	NaN
	53504	18.401967878383548	0.08912630097931518	F	NaN	NaN	NaN
	53505	18.420364313225033	0.09013660724930839	F	NaN	NaN	NaN
	53506	18.438730437064557	0.09003976940367986	F	NaN	NaN	NaN
	53507	18.457061513257948	0.09006829505543179	F	NaN	NaN	NaN
	53508	18.475362433222944	0.09106710705247495	F	NaN	NaN	NaN
	53509	18.493633504363093	0.09262298256268278	F	NaN	NaN	NaN
	53510	18.51187480333897	0.09306104146524263	F	NaN	NaN	NaN
	53511	18.530081656531678	0.09418702433285175	F	NaN	NaN	NaN
	53512	18.548259123076672	0.09545384468044416	F	NaN	NaN	NaN
	53513	18.56640734355598	0.09639973604994564	F	NaN	NaN	NaN
	53514	18.58452216060398	0.09835503613575547	F	NaN	NaN	NaN
	53515	18.602601472048747	0.10044834053982538	F	NaN	NaN	NaN
	53516	18.620644375653804	0.10236406603989509	F	NaN	NaN	NaN
	53517	18.63865039205308	0.10441418905215477	F	NaN	NaN	NaN
	53518	18.65661902265308	0.10695469793233137	F	NaN	NaN	NaN
	53519	18.67455157225538	0.10938476291313223	F	NaN	NaN	NaN
	53520	18.692448146504443	0.11234299946414741	F	NaN	NaN	NaN
	53521	18.71030885104472	0.11543188169907656	F	NaN	NaN	NaN
	53522	18.72813379152066	0.11840812443642698	F	NaN	NaN	NaN
	53523	18.745923073576726	0.12157662007627662	F	NaN	NaN	NaN
	53524	18.763676802857372	0.1249365950921378	F	NaN	NaN	NaN
	53525	18.78139508500705	0.1284866545222299	F	NaN	NaN	NaN
	53526	18.7990780256702	0.13199613725723872	F	NaN	NaN	NaN
	53527	18.8167257304913	0.13569003030125243	F	NaN	NaN	NaN
	53528	18.83433830511479	0.14037038399615395	F	NaN	NaN	NaN
	53529	18.851915855185126	0.14533836013137474	F	NaN	NaN	NaN
	53530	18.869458486346765	0.14996055578015002	F	NaN	NaN	NaN
	53531	18.88696630424416	0.15501054989483312	F	NaN	NaN	NaN
	53532	18.90443941452177	0.1599272022728057	F	NaN	NaN	NaN

# FILTER R
#        MJD  MAG  MAGERR  Upperlimit  Instrument  Telescope  Source
	53360	15.277915964943668	0.14320589283354163	F	NaN	NaN	NaN
	53361	15.300312039204135	0.13688940945704225	F	NaN	NaN	NaN
	53362	15.32257356142046	0.1304676351616027	F	NaN	NaN	NaN
	53363	15.34472573582899	0.1238722754408205	F	NaN	NaN	NaN
	53364	15.366768382259298	0.11739837393192618	F	NaN	NaN	NaN
	53365	15.388664481145545	0.11110308297161425	F	NaN	NaN	NaN
	53366	15.410412711461605	0.10489962587380341	F	NaN	NaN	NaN
	53367	15.43199763014557	0.09860572217174457	F	NaN	NaN	NaN
	53368	15.453420145417983	0.09239887248443891	F	NaN	NaN	NaN
	53369	15.474690289467787	0.08656540968489633	F	NaN	NaN	NaN
	53370	15.49580674126886	0.0807492713122136	F	NaN	NaN	NaN
	53371	15.516768179795072	0.0749160856508692	F	NaN	NaN	NaN
	53372	15.537573284020306	0.06913908194586021	F	NaN	NaN	NaN
	53373	15.558220732918434	0.06343580083899134	F	NaN	NaN	NaN
	53374	15.57870920546333	0.05789181793531131	F	NaN	NaN	NaN
	53375	15.599019373412258	0.05246285812323926	F	NaN	NaN	NaN
	53376	15.61915799892924	0.04731046786834735	F	NaN	NaN	NaN
	53377	15.639133145440564	0.042479385484071014	F	NaN	NaN	NaN
	53378	15.658943491920112	0.03815822406947318	F	NaN	NaN	NaN
	53379	15.67858771734176	0.034248748991815584	F	NaN	NaN	NaN
	53380	15.698064500679381	0.030738219515734824	F	NaN	NaN	NaN
	53381	15.717372520906851	0.027870093099223205	F	NaN	NaN	NaN
	53382	15.736510456998047	0.025793340627511305	F	NaN	NaN	NaN
	53383	15.755454704803368	0.024721909707831433	F	NaN	NaN	NaN
	53384	15.774218661882376	0.024713519195225006	F	NaN	NaN	NaN
	53385	15.792808032172687	0.025680838149096365	F	NaN	NaN	NaN
	53386	15.81125106484424	0.027310025534312436	F	NaN	NaN	NaN
	53387	15.82949910255411	0.02968098879782985	F	NaN	NaN	NaN
	53388	15.847634313138288	0.03268338955572555	F	NaN	NaN	NaN
	53389	15.865616939066292	0.03608936193870191	F	NaN	NaN	NaN
	53390	15.883391830111103	0.03955681258033544	F	NaN	NaN	NaN
	53391	15.900960370069154	0.042934738996822236	F	NaN	NaN	NaN
	53392	15.91841709291614	0.04680999816892573	F	NaN	NaN	NaN
	53393	15.935620606859423	0.05072549154739524	F	NaN	NaN	NaN
	53394	15.952724920610933	0.05459931721644813	F	NaN	NaN	NaN
	53395	15.969735528097662	0.05857108384919284	F	NaN	NaN	NaN
	53396	15.986629757136049	0.06281330994978487	F	NaN	NaN	NaN
	53397	16.003380073019812	0.06696929045245555	F	NaN	NaN	NaN
	53398	16.019967406522362	0.07132684175748351	F	NaN	NaN	NaN
	53399	16.036367499540443	0.07540950430288601	F	NaN	NaN	NaN
	53400	16.052556066691253	0.07943210253335388	F	NaN	NaN	NaN
	53401	16.06851024134708	0.08331243378178455	F	NaN	NaN	NaN
	53402	16.0842066982162	0.08706130616851995	F	NaN	NaN	NaN
	53403	16.09962211200688	0.0904530026091449	F	NaN	NaN	NaN
	53404	16.11503569786176	0.09439461342176092	F	NaN	NaN	NaN
	53405	16.13115801466627	0.10045111835807566	F	NaN	NaN	NaN
	53406	16.146972112038863	0.10620711521819565	F	NaN	NaN	NaN
	53407	16.161585321802413	0.10933160041433318	F	NaN	NaN	NaN
	53408	16.175973602298463	0.11206161905429832	F	NaN	NaN	NaN
	53409	16.190052713953826	0.1146176424133808	F	NaN	NaN	NaN
	53410	16.20405310175039	0.11712928821242602	F	NaN	NaN	NaN
	53411	16.217674118792367	0.11942020016075289	F	NaN	NaN	NaN
	53412	16.23121293168232	0.12164862967850244	F	NaN	NaN	NaN
	53413	16.244451603831152	0.12364892567065111	F	NaN	NaN	NaN
	53414	16.257530051438348	0.12558317673288713	F	NaN	NaN	NaN
	53415	16.270387236583286	0.1274262228919097	F	NaN	NaN	NaN
	53416	16.283006528531576	0.12914150062115662	F	NaN	NaN	NaN
	53417	16.295483084561877	0.1307801172925382	F	NaN	NaN	NaN
	53418	16.307644430475108	0.1321170518786301	F	NaN	NaN	NaN
	53419	16.319727953313265	0.13338346191455397	F	NaN	NaN	NaN
	53420	16.331445824782058	0.1344090563784736	F	NaN	NaN	NaN
	53421	16.3430729629436	0.1353838989156574	F	NaN	NaN	NaN
	53422	16.35441277896553	0.13619802701817615	F	NaN	NaN	NaN
	53423	16.365584742074315	0.136887955719631	F	NaN	NaN	NaN
	53424	16.376547360538627	0.1374229840444779	F	NaN	NaN	NaN
	53425	16.387265358218514	0.13782475409335782	F	NaN	NaN	NaN
	53426	16.39785163701447	0.13815476968594595	F	NaN	NaN	NaN
	53427	16.408116878889295	0.13825366090801583	F	NaN	NaN	NaN
	53428	16.41830519847276	0.1382995606037566	F	NaN	NaN	NaN
	53429	16.42814137159977	0.13812933870089156	F	NaN	NaN	NaN
	53430	16.43787849673663	0.13789973906727127	F	NaN	NaN	NaN
	53431	16.447340903863054	0.13750545025589536	F	NaN	NaN	NaN
	53432	16.456628044177155	0.1370090005037423	F	NaN	NaN	NaN
	53433	16.465717543192252	0.13639734798858572	F	NaN	NaN	NaN
	53434	16.474555908307444	0.13564420643150887	F	NaN	NaN	NaN
	53435	16.483273357100465	0.13482294052091354	F	NaN	NaN	NaN
	53436	16.491664156640606	0.1338251780702176	F	NaN	NaN	NaN
	53437	16.499978934673106	0.13278717580834387	F	NaN	NaN	NaN
	53438	16.50795485668974	0.13157508563394324	F	NaN	NaN	NaN
	53439	16.51582363050563	0.130306850629995	F	NaN	NaN	NaN
	53440	16.523430075967966	0.12890115759508103	F	NaN	NaN	NaN
	53441	16.5308540551911	0.1274290514836517	F	NaN	NaN	NaN
	53442	16.538091881988382	0.12588919061739223	F	NaN	NaN	NaN
	53443	16.545111305677054	0.12425207895767436	F	NaN	NaN	NaN
	53444	16.551922069877516	0.12253269886890311	F	NaN	NaN	NaN
	53445	16.558541153690285	0.12074809523392291	F	NaN	NaN	NaN
	53446	16.564956022492492	0.11890103505556424	F	NaN	NaN	NaN
	53447	16.57112878119606	0.11699312289138347	F	NaN	NaN	NaN
	53448	16.577110691567537	0.11504852504809371	F	NaN	NaN	NaN
	53449	16.582901961620813	0.1130845291199819	F	NaN	NaN	NaN
	53450	16.588502799369788	0.11111067544482595	F	NaN	NaN	NaN
	53451	16.59390075339715	0.10912207112510336	F	NaN	NaN	NaN
	53452	16.599058178231505	0.10715070638886207	F	NaN	NaN	NaN
	53453	16.604026002817157	0.10501177883510551	F	NaN	NaN	NaN
	53454	16.608804435168	0.10296211257195959	F	NaN	NaN	NaN
	53455	16.613393683297936	0.10112156132902117	F	NaN	NaN	NaN
	53456	16.617781378995208	0.09932809652947135	F	NaN	NaN	NaN
	53457	16.621930126405104	0.09772618133780528	F	NaN	NaN	NaN
	53458	16.625890521649684	0.09607054413339094	F	NaN	NaN	NaN
	53459	16.629662772742847	0.09462175622902064	F	NaN	NaN	NaN
	53460	16.633247087698496	0.09357119554058521	F	NaN	NaN	NaN
	53461	16.63663118151043	0.09296859679852802	F	NaN	NaN	NaN
	53462	16.63977790794062	0.09242176606517685	F	NaN	NaN	NaN
	53463	16.642737530288887	0.09216676618690137	F	NaN	NaN	NaN
	53464	16.645510256569125	0.09224373745544562	F	NaN	NaN	NaN
	53465	16.648096294795238	0.0926181654198312	F	NaN	NaN	NaN
	53466	16.65048344316659	0.09316475538578625	F	NaN	NaN	NaN
	53467	16.652634805061822	0.09448389541332697	F	NaN	NaN	NaN
	53468	16.654639819841325	0.09636187027623488	F	NaN	NaN	NaN
	53469	16.656444383064564	0.09867896170914033	F	NaN	NaN	NaN
	53470	16.65806751954395	0.10096397882817018	F	NaN	NaN	NaN
	53471	16.659500754343984	0.10378187818028822	F	NaN	NaN	NaN
	53472	16.66074643868695	0.10675338750976006	F	NaN	NaN	NaN
	53473	16.661800458679075	0.11093992924546527	F	NaN	NaN	NaN
	53474	16.662656448249788	0.11477090501728388	F	NaN	NaN	NaN
	53475	16.663304660668018	0.11947393962543715	F	NaN	NaN	NaN
	53476	16.663748496129244	0.12470728769654862	F	NaN	NaN	NaN