###################### HEADER ######################
# SNNAME:	SN2005kf
###################### HEADER ######################


# FILTER V
#        MJD  MAG  MAGERR  Upperlimit  Instrument  Telescope  Source
	53700	18.145786523879455	0.09541372924941982	F	NaN	NaN	NaN
	53701	18.17910079138754	0.08136373843736215	F	NaN	NaN	NaN
	53702	18.211658859803027	0.0700393266788226	F	NaN	NaN	NaN
	53703	18.243492115040056	0.06001107673423264	F	NaN	NaN	NaN
	53704	18.274618435257697	0.05382044272179815	F	NaN	NaN	NaN
	53705	18.304983802323385	0.049731465743496975	F	NaN	NaN	NaN
	53706	18.334585546211184	0.04940334734580969	F	NaN	NaN	NaN
	53707	18.36346018247333	0.05111828985460924	F	NaN	NaN	NaN
	53708	18.391691816787084	0.05437707835944494	F	NaN	NaN	NaN
	53709	18.419140674256305	0.059446045819484025	F	NaN	NaN	NaN
	53710	18.445977750053913	0.06399727825400181	F	NaN	NaN	NaN
	53711	18.472857227963054	0.0686988877516612	F	NaN	NaN	NaN
	53712	18.49919072374401	0.07269831410059828	F	NaN	NaN	NaN
	53713	18.524296091033435	0.07616151345871015	F	NaN	NaN	NaN
	53714	18.54768991869605	0.07883821507299048	F	NaN	NaN	NaN
	53715	18.56965144182528	0.08002215285017067	F	NaN	NaN	NaN
	53716	18.590243945507545	0.080718342574962	F	NaN	NaN	NaN
	53717	18.609703066966038	0.08095044132328205	F	NaN	NaN	NaN
	53718	18.62791181999337	0.08159404074032583	F	NaN	NaN	NaN
	53719	18.64508146182262	0.08316318622865353	F	NaN	NaN	NaN
	53720	18.66119427792018	0.08573365523958017	F	NaN	NaN	NaN
	53721	18.676365751306903	0.08920912060187045	F	NaN	NaN	NaN
	53722	18.690662820175213	0.09267557485922637	F	NaN	NaN	NaN
	53723	18.704127436306106	0.0968298451163409	F	NaN	NaN	NaN
	53724	18.716888947645675	0.10078526467399102	F	NaN	NaN	NaN
	53725	18.728938017707456	0.1030995100015629	F	NaN	NaN	NaN
	53726	18.740441111353807	0.10482077058290365	F	NaN	NaN	NaN
	53727	18.751368996398185	0.10366721628737446	F	NaN	NaN	NaN
	53728	18.76099568623322	0.10020497037971202	F	NaN	NaN	NaN
	53729	18.768300171148102	0.09581328850852103	F	NaN	NaN	NaN
	53730	18.77599756707156	0.0932543689480148	F	NaN	NaN	NaN
	53731	18.785947981540254	0.08962363248937352	F	NaN	NaN	NaN
	53732	18.796026521125285	0.08674501316130058	F	NaN	NaN	NaN
	53733	18.80592282762889	0.08580817605472948	F	NaN	NaN	NaN
	53734	18.815631282569534	0.08547433531774234	F	NaN	NaN	NaN
	53735	18.825146267465666	0.08704965349186582	F	NaN	NaN	NaN
	53736	18.834459777253258	0.0909580324832018	F	NaN	NaN	NaN
	53737	18.84356635444528	0.09555470167933144	F	NaN	NaN	NaN
	53738	18.852461628474547	0.10305968410189104	F	NaN	NaN	NaN
	53739	18.86114458276183	0.11168017024814386	F	NaN	NaN	NaN
	53740	18.869598150963306	0.1253939017846113	F	NaN	NaN	NaN
	53741	18.87783083202937	0.1413128849248318	F	NaN	NaN	NaN
	53742	18.885821501046546	0.15837152702866816	F	NaN	NaN	NaN
	53743	18.893579190748135	0.17736818028686013	F	NaN	NaN	NaN
	53744	18.901086243898344	0.19772967473081948	F	NaN	NaN	NaN
	53745	18.90834608287304	0.22165118872471173	F	NaN	NaN	NaN

# FILTER r
#        MJD  MAG  MAGERR  Upperlimit  Instrument  Telescope  Source
	53700	17.861493394930978	0.05036958736874997	F	NaN	NaN	NaN
	53701	17.894779432807724	0.04369511934696378	F	NaN	NaN	NaN
	53702	17.927596056407847	0.038837249051868084	F	NaN	NaN	NaN
	53703	17.9599578492442	0.03481121449000774	F	NaN	NaN	NaN
	53704	17.991890539778986	0.03218139874618845	F	NaN	NaN	NaN
	53705	18.023424308845517	0.030706010934721778	F	NaN	NaN	NaN
	53706	18.054442362017316	0.030021732970907444	F	NaN	NaN	NaN
	53707	18.084877277271847	0.030364156328737492	F	NaN	NaN	NaN
	53708	18.114906897652812	0.03126739840971851	F	NaN	NaN	NaN
	53709	18.1443670269402	0.03257620790958453	F	NaN	NaN	NaN
	53710	18.17323138475389	0.03391239544617204	F	NaN	NaN	NaN
	53711	18.201852715995383	0.0356072920696343	F	NaN	NaN	NaN
	53712	18.229995669676804	0.036962589214233725	F	NaN	NaN	NaN
	53713	18.25737677398571	0.03816209611980807	F	NaN	NaN	NaN
	53714	18.28380260815293	0.03910805032386769	F	NaN	NaN	NaN
	53715	18.309403916243763	0.03941413836304877	F	NaN	NaN	NaN
	53716	18.33418407331429	0.039866038541714735	F	NaN	NaN	NaN
	53717	18.358256303794988	0.04022929120645952	F	NaN	NaN	NaN
	53718	18.38151279217928	0.04070905086072464	F	NaN	NaN	NaN
	53719	18.40406044517703	0.041932503208204935	F	NaN	NaN	NaN
	53720	18.42584878087007	0.043866590704094925	F	NaN	NaN	NaN
	53721	18.446923236238444	0.04612176497412572	F	NaN	NaN	NaN
	53722	18.467292837547642	0.048531663468807384	F	NaN	NaN	NaN
	53723	18.486945475140196	0.05128308140368684	F	NaN	NaN	NaN
	53724	18.50594576037299	0.053962503017341616	F	NaN	NaN	NaN
	53725	18.524227960043284	0.05598233895056229	F	NaN	NaN	NaN
	53726	18.541905836506622	0.05758928531110431	F	NaN	NaN	NaN
	53727	18.558871489108697	0.05810878289826958	F	NaN	NaN	NaN
	53728	18.574667412066823	0.057789504321689486	F	NaN	NaN	NaN
	53729	18.588609865515394	0.05759537195582328	F	NaN	NaN	NaN
	53730	18.602697670748007	0.05779156130563553	F	NaN	NaN	NaN
	53731	18.61827251959432	0.05706952352605783	F	NaN	NaN	NaN
	53732	18.633720060719224	0.056128578271424256	F	NaN	NaN	NaN
	53733	18.64881619753702	0.0552826015742648	F	NaN	NaN	NaN
	53734	18.663571003927004	0.05415499163509848	F	NaN	NaN	NaN
	53735	18.67799455376849	0.05405809939192732	F	NaN	NaN	NaN
	53736	18.692092976829144	0.05401797956607675	F	NaN	NaN	NaN
	53737	18.705877921942147	0.0543997441140735	F	NaN	NaN	NaN
	53738	18.719361394224727	0.05596244642130129	F	NaN	NaN	NaN
	53739	18.732559065606274	0.05741930006170937	F	NaN	NaN	NaN
	53740	18.745467213687704	0.06040593186971517	F	NaN	NaN	NaN
	53741	18.758112963461894	0.06422950251271484	F	NaN	NaN	NaN
	53742	18.77048846919277	0.07037844429203569	F	NaN	NaN	NaN
	53743	18.78262060623287	0.07713474314801369	F	NaN	NaN	NaN
	53744	18.79450662491302	0.08436749303912351	F	NaN	NaN	NaN
	53745	18.80616613581947	0.09351961276840651	F	NaN	NaN	NaN

# FILTER i
#        MJD  MAG  MAGERR  Upperlimit  Instrument  Telescope  Source
	53663	16.509546232894955	0.2847376767344558	F	NaN	NaN	NaN
	53664	16.542153985293506	0.27275958117191634	F	NaN	NaN	NaN
	53665	16.574313032847254	0.2606353511062036	F	NaN	NaN	NaN
	53666	16.60623798094724	0.2484348793690107	F	NaN	NaN	NaN
	53667	16.637697258550144	0.23798105071044834	F	NaN	NaN	NaN
	53668	16.669050340633817	0.22792554161433914	F	NaN	NaN	NaN
	53669	16.699955654470237	0.21861334972644908	F	NaN	NaN	NaN
	53670	16.730802800176345	0.20949152326350523	F	NaN	NaN	NaN
	53671	16.76134496507414	0.20151159692886866	F	NaN	NaN	NaN
	53672	16.79181882110023	0.1937221338414315	F	NaN	NaN	NaN
	53673	16.822121934828452	0.18640874555474746	F	NaN	NaN	NaN
	53674	16.852368307358883	0.17947929659707196	F	NaN	NaN	NaN
	53675	16.882543308199782	0.17303278419435036	F	NaN	NaN	NaN
	53676	16.91270800341891	0.16732282091616796	F	NaN	NaN	NaN
	53677	16.942865829654735	0.1621037880977111	F	NaN	NaN	NaN
	53678	16.97309465374692	0.1577399077534461	F	NaN	NaN	NaN
	53679	17.00334624365992	0.15365023636419134	F	NaN	NaN	NaN
	53680	17.033785002809516	0.15046634730723799	F	NaN	NaN	NaN
	53681	17.064263862959216	0.14741917242088187	F	NaN	NaN	NaN
	53682	17.0950357950733	0.14504553962351052	F	NaN	NaN	NaN
	53683	17.12590526436688	0.1427662393561077	F	NaN	NaN	NaN
	53684	17.157103775004884	0.14080516955882233	F	NaN	NaN	NaN
	53685	17.188509659626703	0.13883123435311276	F	NaN	NaN	NaN
	53686	17.22024568707087	0.13683681720376856	F	NaN	NaN	NaN
	53687	17.25233379320529	0.13455326506672488	F	NaN	NaN	NaN
	53688	17.284718275737866	0.13202632192474437	F	NaN	NaN	NaN
	53689	17.317634409569234	0.129228556781109	F	NaN	NaN	NaN
	53690	17.350778285472465	0.12631478032723462	F	NaN	NaN	NaN
	53691	17.384668253185154	0.12279048251457286	F	NaN	NaN	NaN
	53692	17.418696591028358	0.11914131501973961	F	NaN	NaN	NaN
	53693	17.453692068519647	0.11390388422529073	F	NaN	NaN	NaN
	53694	17.488874914330633	0.10840474979334357	F	NaN	NaN	NaN
	53695	17.524962600039327	0.10164179502629404	F	NaN	NaN	NaN
	53696	17.561445760002453	0.09448558922704295	F	NaN	NaN	NaN
	53697	17.59873659221079	0.08652625164221514	F	NaN	NaN	NaN
	53698	17.63666587251041	0.07766107761167287	F	NaN	NaN	NaN
	53699	17.675270789500644	0.0678373035840757	F	NaN	NaN	NaN
	53700	17.71413828422516	0.05853920117565146	F	NaN	NaN	NaN
	53701	17.752536127494828	0.05074060761275358	F	NaN	NaN	NaN
	53702	17.790389717609987	0.04433468367532761	F	NaN	NaN	NaN
	53703	17.82793774726219	0.03898700797650293	F	NaN	NaN	NaN
	53704	17.86532733784691	0.03560705444459982	F	NaN	NaN	NaN
	53705	17.902129404286764	0.03434894978331083	F	NaN	NaN	NaN
	53706	17.93817203525163	0.03383511899058892	F	NaN	NaN	NaN
	53707	17.973368619627273	0.035365164404738615	F	NaN	NaN	NaN
	53708	18.007698483982047	0.037121293994737244	F	NaN	NaN	NaN
	53709	18.04126119072208	0.0390298421514489	F	NaN	NaN	NaN
	53710	18.073907744894825	0.04105813048809902	F	NaN	NaN	NaN
	53711	18.10579771413196	0.04320232330611853	F	NaN	NaN	NaN
	53712	18.136889548102623	0.04534017125794427	F	NaN	NaN	NaN
	53713	18.16712175639209	0.04709571801514466	F	NaN	NaN	NaN
	53714	18.196436207555728	0.048799349928798	F	NaN	NaN	NaN
	53715	18.22474110187819	0.05000810333184173	F	NaN	NaN	NaN
	53716	18.25192270922253	0.05046827380883524	F	NaN	NaN	NaN
	53717	18.278163135435495	0.050718849355354624	F	NaN	NaN	NaN
	53718	18.303361482690942	0.050743100610991944	F	NaN	NaN	NaN
	53719	18.327698383801845	0.051333767511129336	F	NaN	NaN	NaN
	53720	18.351152468572828	0.052768589284087106	F	NaN	NaN	NaN
	53721	18.373824102863317	0.05436746756314832	F	NaN	NaN	NaN
	53722	18.39576308736408	0.05600122234789246	F	NaN	NaN	NaN
	53723	18.417007713115808	0.05868960725641764	F	NaN	NaN	NaN
	53724	18.43766075956059	0.06168306942543435	F	NaN	NaN	NaN
	53725	18.457716635055196	0.064277671651708	F	NaN	NaN	NaN
	53726	18.477311758268772	0.06651884145428932	F	NaN	NaN	NaN
	53727	18.496418289177385	0.0674234458321937	F	NaN	NaN	NaN
	53728	18.51506299909251	0.06764627081438593	F	NaN	NaN	NaN
	53729	18.532952481467202	0.06718846707234659	F	NaN	NaN	NaN
	53730	18.550175558449485	0.06679116643794036	F	NaN	NaN	NaN
	53731	18.566826993716912	0.06648042593351894	F	NaN	NaN	NaN
	53732	18.583007914053116	0.06613757500615008	F	NaN	NaN	NaN
	53733	18.598811004244823	0.06615477300005496	F	NaN	NaN	NaN
	53734	18.614329844674202	0.06730571588364687	F	NaN	NaN	NaN
	53735	18.62965801572339	0.06743117115679481	F	NaN	NaN	NaN
	53736	18.64488913358978	0.06831186451975184	F	NaN	NaN	NaN
	53737	18.66012025942189	0.06938893224728708	F	NaN	NaN	NaN
	53738	18.675374010037054	0.07115512476491162	F	NaN	NaN	NaN
	53739	18.690404092897417	0.07409524322856988	F	NaN	NaN	NaN
	53740	18.705146102469293	0.07742080018993822	F	NaN	NaN	NaN
	53741	18.71961066373233	0.08245818827517952	F	NaN	NaN	NaN
	53742	18.73377113369756	0.08828158943816809	F	NaN	NaN	NaN
	53743	18.747640463459557	0.0957712175939571	F	NaN	NaN	NaN
	53744	18.761195798255237	0.10395416939438429	F	NaN	NaN	NaN
	53745	18.774443077243657	0.1132713267632802	F	NaN	NaN	NaN