###################### HEADER ######################
# SNNAME:	SN2009jf
###################### HEADER ######################


# FILTER B
#        MJD  MAG  MAGERR  Upperlimit  Instrument  Telescope  Source
	55104	17.35623487441132	0.15474236470161398	F	NaN	NaN	NaN
	55105	17.13528681902526	0.1712115596971137	F	NaN	NaN	NaN
	55106	16.929395442881887	0.18521338310272203	F	NaN	NaN	NaN
	55107	16.738827443481643	0.1959481402942611	F	NaN	NaN	NaN
	55108	16.563973057402187	0.20313340354864665	F	NaN	NaN	NaN
	55109	16.405492078021872	0.20393348577166537	F	NaN	NaN	NaN
	55110	16.263033746799426	0.19899643372828213	F	NaN	NaN	NaN
	55111	16.136208284038577	0.18914171376440836	F	NaN	NaN	NaN
	55112	16.024548501886333	0.17550253619118267	F	NaN	NaN	NaN
	55113	15.927692991990137	0.1593672486576983	F	NaN	NaN	NaN
	55114	15.845031242503309	0.14172342338210095	F	NaN	NaN	NaN
	55115	15.776065242947178	0.12389570801887596	F	NaN	NaN	NaN
	55116	15.720334177072631	0.10652611815531199	F	NaN	NaN	NaN
	55117	15.677563901795688	0.09085641534946862	F	NaN	NaN	NaN
	55118	15.647178728565585	0.07808953265173628	F	NaN	NaN	NaN
	55119	15.628498379842023	0.06918017283074786	F	NaN	NaN	NaN
	55120	15.628007623603798	0.05605286495032431	F	NaN	NaN	NaN
	55121	15.65027320190438	0.03272660253833135	F	NaN	NaN	NaN
	55122	15.678312919312338	0.02169489771111724	F	NaN	NaN	NaN
	55123	15.709144784929265	0.020991169545514256	F	NaN	NaN	NaN
	55124	15.75591672934225	0.015829075178556386	F	NaN	NaN	NaN
	55125	15.813783025106257	0.016802623607279823	F	NaN	NaN	NaN
	55126	15.877652061107522	0.026991678487936807	F	NaN	NaN	NaN
	55127	15.94238427727725	0.03646735318008449	F	NaN	NaN	NaN
	55128	16.010495463717806	0.0475002870225438	F	NaN	NaN	NaN
	55129	16.089816473231508	0.06896488811118916	F	NaN	NaN	NaN
	55130	16.175212022394298	0.0942039441375821	F	NaN	NaN	NaN
	55131	16.261299262870423	0.11573905949168299	F	NaN	NaN	NaN
	55132	16.34339844113475	0.12584777381805604	F	NaN	NaN	NaN
	55133	16.435338314271878	0.11613283861781887	F	NaN	NaN	NaN
	55134	16.538920741826608	0.09234270753592097	F	NaN	NaN	NaN
	55135	16.646507003265416	0.06429089491995524	F	NaN	NaN	NaN
	55136	16.75048318631827	0.042510036638468196	F	NaN	NaN	NaN
	55137	16.843183373749497	0.034320267824690914	F	NaN	NaN	NaN
	55138	16.923778031676296	0.035119152611194915	F	NaN	NaN	NaN
	55139	17.003658576139806	0.035737920507858595	F	NaN	NaN	NaN
	55140	17.081819527830536	0.036866701612602804	F	NaN	NaN	NaN
	55141	17.156646428613715	0.039774899110411155	F	NaN	NaN	NaN
	55142	17.226539394216623	0.04522563339486722	F	NaN	NaN	NaN
	55143	17.289857552625737	0.054122729358380285	F	NaN	NaN	NaN
	55144	17.34612492553078	0.0680593278251802	F	NaN	NaN	NaN
	55145	17.39669412244426	0.0877741406729287	F	NaN	NaN	NaN
	55146	17.44226089848086	0.1109837064735531	F	NaN	NaN	NaN
	55147	17.48356069146672	0.1351345595620198	F	NaN	NaN	NaN
	55148	17.521276557399545	0.1578144245153409	F	NaN	NaN	NaN
	55149	17.556113226433936	0.17613162125049336	F	NaN	NaN	NaN
	55150	17.588791330482792	0.18763101276862254	F	NaN	NaN	NaN
	55151	17.61846264220645	0.19149375431651172	F	NaN	NaN	NaN
	55152	17.643253928124167	0.19111192472226396	F	NaN	NaN	NaN
	55153	17.664684131311887	0.18831736101619415	F	NaN	NaN	NaN
	55154	17.68435849656895	0.18430101987115502	F	NaN	NaN	NaN
	55155	17.701890131486905	0.17831229286500028	F	NaN	NaN	NaN
	55156	17.715318715397906	0.16781728842763619	F	NaN	NaN	NaN
	55157	17.726253672786743	0.15548614499990926	F	NaN	NaN	NaN
	55158	17.736396715797266	0.14421909589381834	F	NaN	NaN	NaN
	55159	17.744984237567337	0.13161883950895975	F	NaN	NaN	NaN
	55160	17.74972472245611	0.11178860196182451	F	NaN	NaN	NaN
	55161	17.75189514597946	0.08771013910091706	F	NaN	NaN	NaN
	55162	17.752840704544067	0.06318988973819348	F	NaN	NaN	NaN
	55163	17.75387276026834	0.04236170136838473	F	NaN	NaN	NaN
	55164	17.756311765012512	0.0321244483829867	F	NaN	NaN	NaN
	55165	17.761478170636817	0.03392871023805194	F	NaN	NaN	NaN
	55166	17.770496179986043	0.037587680344948526	F	NaN	NaN	NaN
	55167	17.781795063261615	0.03844612190657191	F	NaN	NaN	NaN
	55168	17.79432840561733	0.03674296480842196	F	NaN	NaN	NaN
	55169	17.807759709213755	0.033912647067633514	F	NaN	NaN	NaN
	55170	17.82173705555265	0.032362369719243465	F	NaN	NaN	NaN
	55171	17.835936125973657	0.034597442277915044	F	NaN	NaN	NaN
	55172	17.85001905560901	0.04133991139108914	F	NaN	NaN	NaN
	55173	17.863649559084344	0.05156886452203166	F	NaN	NaN	NaN
	55174	17.876479352483	0.06304961284230987	F	NaN	NaN	NaN
	55175	17.88820261993022	0.07479593563590534	F	NaN	NaN	NaN
	55176	17.898444687920183	0.0853106325465436	F	NaN	NaN	NaN
	55177	17.9069170340495	0.09368195127101567	F	NaN	NaN	NaN
	55178	17.91322843127107	0.09893762886992816	F	NaN	NaN	NaN
	55179	17.917602388720148	0.10224882033168703	F	NaN	NaN	NaN
	55180	17.920981767370186	0.10609901600868066	F	NaN	NaN	NaN
	55181	17.92377515418829	0.11053237738834341	F	NaN	NaN	NaN
	55182	17.9263768356647	0.11517151778190449	F	NaN	NaN	NaN
	55183	17.929183737213467	0.12005040044745954	F	NaN	NaN	NaN
	55184	17.932591779235658	0.12471165576702012	F	NaN	NaN	NaN
	55185	17.9369986186846	0.12923371431956032	F	NaN	NaN	NaN
	55186	17.94205345948586	0.13365970735741634	F	NaN	NaN	NaN
	55187	17.94693566689423	0.13817826164063957	F	NaN	NaN	NaN
	55188	17.951657927318532	0.14278245767326725	F	NaN	NaN	NaN
	55189	17.95623753383212	0.147167512886185	F	NaN	NaN	NaN
	55190	17.96069605444494	0.15177666125563444	F	NaN	NaN	NaN
	55191	17.965049990728353	0.1561600850792934	F	NaN	NaN	NaN
	55192	17.969316638463695	0.16059440525101457	F	NaN	NaN	NaN
	55193	17.97351605816915	0.16487963766252228	F	NaN	NaN	NaN
	55194	17.977666263539742	0.16937259501362495	F	NaN	NaN	NaN
	55195	17.98178468783952	0.17346439456407753	F	NaN	NaN	NaN
	55196	17.98589136090998	0.17733683197103647	F	NaN	NaN	NaN
	55197	17.99000358874866	0.1810428250600872	F	NaN	NaN	NaN
	55198	17.994139279173204	0.18446765729850875	F	NaN	NaN	NaN
	55199	17.998316572054666	0.18756977303551733	F	NaN	NaN	NaN
	55200	18.00255690720902	0.19029548494766824	F	NaN	NaN	NaN
	55201	18.0068763673265	0.19251867478660484	F	NaN	NaN	NaN
	55202	18.011292860224753	0.19436543033244774	F	NaN	NaN	NaN
	55203	18.01582429372144	0.19569263524526412	F	NaN	NaN	NaN
	55204	18.020488575634214	0.19657181360432058	F	NaN	NaN	NaN
	55205	18.02530361378072	0.19689715033214472	F	NaN	NaN	NaN
	55206	18.03029290038076	0.1965722201419845	F	NaN	NaN	NaN
	55207	18.03547138191826	0.19563045160250336	F	NaN	NaN	NaN
	55208	18.040857502000378	0.1939790838837131	F	NaN	NaN	NaN
	55209	18.046408246292344	0.19200268358889028	F	NaN	NaN	NaN
	55210	18.05204351153195	0.1900745992037018	F	NaN	NaN	NaN
	55211	18.0577597601403	0.18816208460618933	F	NaN	NaN	NaN
	55212	18.063559538272038	0.18615607807614765	F	NaN	NaN	NaN
	55213	18.069440841868012	0.18442868414513106	F	NaN	NaN	NaN
	55214	18.07540096502892	0.18252510187391416	F	NaN	NaN	NaN
	55215	18.081443383877115	0.18063489247244136	F	NaN	NaN	NaN
	55216	18.087564085075307	0.17875716789646773	F	NaN	NaN	NaN
	55217	18.093762303918417	0.17689161087978217	F	NaN	NaN	NaN
	55218	18.100038537626933	0.17503813386436454	F	NaN	NaN	NaN
	55219	18.106392167711984	0.17332872532769442	F	NaN	NaN	NaN
	55220	18.11282254656671	0.1716502307827316	F	NaN	NaN	NaN
	55221	18.119328212255056	0.16983180852526375	F	NaN	NaN	NaN
	55222	18.125908430337937	0.1681051613985643	F	NaN	NaN	NaN
	55223	18.132562466376267	0.16638470540847067	F	NaN	NaN	NaN
	55224	18.139289291868234	0.16460111325507154	F	NaN	NaN	NaN
	55225	18.14608920327905	0.16282822477796816	F	NaN	NaN	NaN
	55226	18.152960897301828	0.16118911603360525	F	NaN	NaN	NaN
	55227	18.159903633761477	0.1594898226695431	F	NaN	NaN	NaN
	55228	18.166916672482902	0.15775153237999454	F	NaN	NaN	NaN
	55229	18.174074121911605	0.15601957701530042	F	NaN	NaN	NaN
	55230	18.181351968036054	0.1542850032056432	F	NaN	NaN	NaN
	55231	18.188629814160503	0.15255042939598598	F	NaN	NaN	NaN
	55232	18.195907660284956	0.15081585558632873	F	NaN	NaN	NaN
	55233	18.203185506409405	0.14908128177667151	F	NaN	NaN	NaN
	55234	18.210463352533854	0.1473467079670143	F	NaN	NaN	NaN
	55235	18.218037470710918	0.14567365130260354	F	NaN	NaN	NaN
	55236	18.22568034123334	0.14401487019330578	F	NaN	NaN	NaN
	55237	18.233323211755764	0.14235608908400801	F	NaN	NaN	NaN
	55238	18.240966082278185	0.14069730797471025	F	NaN	NaN	NaN
	55239	18.24860895280061	0.1390385268654125	F	NaN	NaN	NaN
	55240	18.256318209501366	0.13739993436900966	F	NaN	NaN	NaN
	55241	18.264302748466076	0.1358450575978251	F	NaN	NaN	NaN
	55242	18.272287287430782	0.13429018082664054	F	NaN	NaN	NaN
	55243	18.28027182639549	0.13273530405545597	F	NaN	NaN	NaN
	55244	18.2882563653602	0.13118042728427143	F	NaN	NaN	NaN
	55245	18.296240904324907	0.12962555051308688	F	NaN	NaN	NaN
	55246	18.304409093678753	0.1281229536312522	F	NaN	NaN	NaN
	55247	18.312711945130054	0.12665869110627676	F	NaN	NaN	NaN
	55248	18.321014796581355	0.1251944285813013	F	NaN	NaN	NaN
	55249	18.329317648032657	0.12373016605632586	F	NaN	NaN	NaN
	55250	18.337620499483958	0.1222659035313504	F	NaN	NaN	NaN
	55251	18.34592335093526	0.12080164100637494	F	NaN	NaN	NaN
	55252	18.35450924267361	0.1194380484209278	F	NaN	NaN	NaN
	55253	18.363107050655813	0.11807869412805827	F	NaN	NaN	NaN
	55254	18.371704858638015	0.11671933983518874	F	NaN	NaN	NaN
	55255	18.38030266662022	0.11535998554231922	F	NaN	NaN	NaN
	55256	18.388900474602423	0.11400063124944969	F	NaN	NaN	NaN
	55257	18.397591237881493	0.11268202012480857	F	NaN	NaN	NaN
	55258	18.406460646438905	0.11144171088154667	F	NaN	NaN	NaN
	55259	18.415330054996318	0.11020140163828476	F	NaN	NaN	NaN
	55260	18.42419946355373	0.10896109239502288	F	NaN	NaN	NaN
	55261	18.433068872111146	0.107720783151761	F	NaN	NaN	NaN
	55262	18.44193828066856	0.1064804739084991	F	NaN	NaN	NaN
	55263	18.450987641750665	0.10529129060122502	F	NaN	NaN	NaN
	55264	18.460105294927597	0.10412150961839595	F	NaN	NaN	NaN
	55265	18.469222948104534	0.10295172863556687	F	NaN	NaN	NaN
	55266	18.47834060128147	0.10178194765273778	F	NaN	NaN	NaN
	55267	18.487458254458403	0.10061216666990869	F	NaN	NaN	NaN
	55268	18.496600094411136	0.09946340846976784	F	NaN	NaN	NaN
	55269	18.5059426362519	0.09848909733991978	F	NaN	NaN	NaN
	55270	18.51528517809266	0.09751478621007176	F	NaN	NaN	NaN
	55271	18.524627719933424	0.09654047508022373	F	NaN	NaN	NaN
	55272	18.53397026177419	0.09556616395037569	F	NaN	NaN	NaN
	55273	18.543312803614953	0.09459185282052764	F	NaN	NaN	NaN
	55274	18.552754136789243	0.09367543430432493	F	NaN	NaN	NaN
	55275	18.562298211338145	0.09281922316151342	F	NaN	NaN	NaN
	55276	18.571842285887044	0.09196301201870191	F	NaN	NaN	NaN
	55277	18.581386360435946	0.09110680087589042	F	NaN	NaN	NaN
	55278	18.59093043498485	0.0902505897330789	F	NaN	NaN	NaN
	55279	18.600474509533747	0.0893943785902674	F	NaN	NaN	NaN
	55280	18.610174105661024	0.08866225528903837	F	NaN	NaN	NaN
	55281	18.619896356962375	0.08794820813956196	F	NaN	NaN	NaN
	55282	18.629618608263726	0.08723416099008552	F	NaN	NaN	NaN
	55283	18.639340859565078	0.08652011384060909	F	NaN	NaN	NaN
	55284	18.64906311086643	0.08580606669113267	F	NaN	NaN	NaN
	55285	18.65882491888135	0.08512013321993224	F	NaN	NaN	NaN
	55286	18.668701990979457	0.08451612003631134	F	NaN	NaN	NaN
	55287	18.678579063077564	0.08391210685269042	F	NaN	NaN	NaN
	55288	18.688456135175667	0.0833080936690695	F	NaN	NaN	NaN
	55289	18.698333207273773	0.0827040804854486	F	NaN	NaN	NaN
	55290	18.70821027937188	0.08210006730182767	F	NaN	NaN	NaN
	55291	18.718171245758313	0.08158372229240748	F	NaN	NaN	NaN
	55292	18.728179782697485	0.08111708774108445	F	NaN	NaN	NaN
	55293	18.738188319636656	0.08065045318976138	F	NaN	NaN	NaN
	55294	18.74819685657583	0.08018381863843833	F	NaN	NaN	NaN
	55295	18.758205393515002	0.07971718408711528	F	NaN	NaN	NaN
	55296	18.76821617911899	0.07924901118778767	F	NaN	NaN	NaN
	55297	18.778332824943536	0.07870841759777827	F	NaN	NaN	NaN
	55298	18.788449470768086	0.0781678240077689	F	NaN	NaN	NaN
	55299	18.79856611659263	0.07762723041775949	F	NaN	NaN	NaN
	55300	18.808682762417178	0.0770866368277501	F	NaN	NaN	NaN
	55301	18.818799408241727	0.07654604323774071	F	NaN	NaN	NaN
	55302	18.828950247635753	0.0760166023410572	F	NaN	NaN	NaN
	55303	18.839151646389983	0.07550365206081594	F	NaN	NaN	NaN
	55304	18.849353045144216	0.07499070178057467	F	NaN	NaN	NaN
	55305	18.859554443898446	0.0744777515003334	F	NaN	NaN	NaN
	55306	18.869755842652676	0.07396480122009211	F	NaN	NaN	NaN
	55307	18.879957241406906	0.07345185093985084	F	NaN	NaN	NaN
	55308	18.890206904322394	0.07292734446794516	F	NaN	NaN	NaN
	55309	18.900469700050618	0.07239969352409309	F	NaN	NaN	NaN
	55310	18.91073249577884	0.07187204258024103	F	NaN	NaN	NaN
	55311	18.92099529150707	0.07134439163638898	F	NaN	NaN	NaN
	55312	18.931258087235292	0.07081674069253692	F	NaN	NaN	NaN
	55313	18.941527302385353	0.0702784265147323	F	NaN	NaN	NaN
	55314	18.95182813913188	0.0696875860363455	F	NaN	NaN	NaN
	55315	18.962128975878404	0.06909674555795871	F	NaN	NaN	NaN
	55316	18.97242981262493	0.06850590507957191	F	NaN	NaN	NaN
	55317	18.982730649371458	0.06791506460118511	F	NaN	NaN	NaN
	55318	18.99303148611798	0.06732422412279832	F	NaN	NaN	NaN
	55319	19.003340420208033	0.06670633554461028	F	NaN	NaN	NaN
	55320	19.01365594201717	0.06606644156640296	F	NaN	NaN	NaN
	55321	19.023971463826307	0.06542654758819562	F	NaN	NaN	NaN
	55322	19.034286985635447	0.06478665360998831	F	NaN	NaN	NaN
	55323	19.044602507444583	0.06414675963178097	F	NaN	NaN	NaN
	55324	19.05491802925372	0.06350686565357364	F	NaN	NaN	NaN
	55325	19.065225452015177	0.06267556074911652	F	NaN	NaN	NaN
	55326	19.075532302931233	0.06183074098936743	F	NaN	NaN	NaN
	55327	19.08583915384729	0.06098592122961834	F	NaN	NaN	NaN
	55328	19.096146004763344	0.06014110146986926	F	NaN	NaN	NaN
	55329	19.106452855679404	0.059296281710120156	F	NaN	NaN	NaN
	55330	19.116749563692455	0.05843439599249871	F	NaN	NaN	NaN
	55331	19.127024387759743	0.05753568940650332	F	NaN	NaN	NaN
	55332	19.13729921182703	0.05663698282050793	F	NaN	NaN	NaN
	55333	19.14757403589432	0.055738276234512545	F	NaN	NaN	NaN
	55334	19.157848859961607	0.05483956964851716	F	NaN	NaN	NaN
	55335	19.16812368402889	0.05394086306252177	F	NaN	NaN	NaN
	55336	19.17835977613188	0.05309818690479609	F	NaN	NaN	NaN
	55337	19.188579217394704	0.05227959818291668	F	NaN	NaN	NaN
	55338	19.19879865865753	0.05146100946103726	F	NaN	NaN	NaN
	55339	19.209018099920353	0.05064242073915783	F	NaN	NaN	NaN
	55340	19.21923754118318	0.04982383201727841	F	NaN	NaN	NaN
	55341	19.229454104972344	0.04873325628280954	F	NaN	NaN	NaN
	55342	19.23964254468079	0.047924782543445385	F	NaN	NaN	NaN
	55343	19.24983877375784	0.04721313095874993	F	NaN	NaN	NaN
	55344	19.260042400514163	0.04633362146812826	F	NaN	NaN	NaN
	55345	19.27025288670914	0.04548163304733203	F	NaN	NaN	NaN
	55346	19.280470053055662	0.04493501311783571	F	NaN	NaN	NaN
	55347	19.290694183269633	0.04468666509633366	F	NaN	NaN	NaN
	55348	19.300925181232508	0.044475668930214644	F	NaN	NaN	NaN
	55349	19.31116227048064	0.04412199356413689	F	NaN	NaN	NaN
	55350	19.321405271726935	0.04375168901704543	F	NaN	NaN	NaN
	55351	19.331654384523233	0.04383441057794708	F	NaN	NaN	NaN
	55352	19.341909554336365	0.04402454000958547	F	NaN	NaN	NaN
	55353	19.352170047281366	0.04411731322592174	F	NaN	NaN	NaN
	55354	19.362435684071148	0.044361563370113266	F	NaN	NaN	NaN
	55355	19.372706587790404	0.0448159301911246	F	NaN	NaN	NaN
	55356	19.38298273009751	0.04545071285913125	F	NaN	NaN	NaN
	55357	19.393263427383097	0.04588074015736711	F	NaN	NaN	NaN
	55358	19.403548500360078	0.046728625275018795	F	NaN	NaN	NaN
	55359	19.41383795979474	0.04770466844300518	F	NaN	NaN	NaN
	55360	19.424131701172648	0.0487695704692888	F	NaN	NaN	NaN
	55361	19.434429393175787	0.05002580549235468	F	NaN	NaN	NaN
	55362	19.444730835998662	0.051343986816546734	F	NaN	NaN	NaN
	55363	19.455035829835793	0.052875323328572824	F	NaN	NaN	NaN
	55364	19.465344174881675	0.054595971495086826	F	NaN	NaN	NaN
	55365	19.475655671330834	0.05699287862091772	F	NaN	NaN	NaN
	55366	19.485970119377768	0.059508674771226344	F	NaN	NaN	NaN
	55367	19.49628731921699	0.06161278614810266	F	NaN	NaN	NaN
	55368	19.506607071043007	0.06384772738625592	F	NaN	NaN	NaN

# FILTER I
#        MJD  MAG  MAGERR  Upperlimit  Instrument  Telescope  Source
	55104	16.47600205349373	0.03999130984768923	F	NaN	NaN	NaN
	55105	16.22999114915628	0.030202253956303084	F	NaN	NaN	NaN
	55106	16.002203174472566	0.027670844159901616	F	NaN	NaN	NaN
	55107	15.792679158016316	0.030693339254984103	F	NaN	NaN	NaN
	55108	15.601000591702258	0.03651175777062729	F	NaN	NaN	NaN
	55109	15.427061400777722	0.04187045130236957	F	NaN	NaN	NaN
	55110	15.27604678228385	0.04495680596141559	F	NaN	NaN	NaN
	55111	15.147924017308878	0.045377984780696885	F	NaN	NaN	NaN
	55112	15.040128721100734	0.043104897486021074	F	NaN	NaN	NaN
	55113	14.95020832722303	0.039416538003538865	F	NaN	NaN	NaN
	55114	14.875422537265331	0.0348707874555646	F	NaN	NaN	NaN
	55115	14.813196779365084	0.030666671252606775	F	NaN	NaN	NaN
	55116	14.761001642376185	0.02732260513995185	F	NaN	NaN	NaN
	55117	14.716383859543418	0.02545147801019398	F	NaN	NaN	NaN
	55118	14.676685005360495	0.02512075608777306	F	NaN	NaN	NaN
	55119	14.639509705621714	0.025044215102093675	F	NaN	NaN	NaN
	55120	14.608610690196466	0.02541960034870746	F	NaN	NaN	NaN
	55121	14.583908788657096	0.0258966137605185	F	NaN	NaN	NaN
	55122	14.566685899408187	0.026715663661872998	F	NaN	NaN	NaN
	55123	14.557994770301395	0.028322201132180938	F	NaN	NaN	NaN
	55124	14.5562247029073	0.030988808353970346	F	NaN	NaN	NaN
	55125	14.560174932088035	0.03463864864003903	F	NaN	NaN	NaN
	55126	14.56839345787571	0.03923896100579114	F	NaN	NaN	NaN
	55127	14.579521801050959	0.04360297990057008	F	NaN	NaN	NaN
	55128	14.592230585124547	0.045617300640981795	F	NaN	NaN	NaN
	55129	14.605352137479413	0.0455097578392845	F	NaN	NaN	NaN
	55130	14.622580196152306	0.04304146298171352	F	NaN	NaN	NaN
	55131	14.644863682536958	0.04070463595648334	F	NaN	NaN	NaN
	55132	14.670926397220185	0.03968315131725439	F	NaN	NaN	NaN
	55133	14.699510559007424	0.04107539125111337	F	NaN	NaN	NaN
	55134	14.729343746258463	0.04435171145006697	F	NaN	NaN	NaN
	55135	14.759163934502466	0.04891515434634933	F	NaN	NaN	NaN
	55136	14.788013486003678	0.05127358755353587	F	NaN	NaN	NaN
	55137	14.81892908818584	0.052159140796261994	F	NaN	NaN	NaN
	55138	14.852525366189944	0.050259889562204146	F	NaN	NaN	NaN
	55139	14.888207708849826	0.04769579937845432	F	NaN	NaN	NaN
	55140	14.925281863336547	0.04496066389851425	F	NaN	NaN	NaN
	55141	14.963097383110528	0.04237426423155155	F	NaN	NaN	NaN
	55142	15.000999275938812	0.04030181265247448	F	NaN	NaN	NaN
	55143	15.038325749028273	0.03971654102760425	F	NaN	NaN	NaN
	55144	15.074415896920906	0.039331492867900164	F	NaN	NaN	NaN
	55145	15.108602196367364	0.03941153855527044	F	NaN	NaN	NaN
	55146	15.140423001015641	0.03890019075805936	F	NaN	NaN	NaN
	55147	15.1714409365326	0.036922610867620595	F	NaN	NaN	NaN
	55148	15.202060508715634	0.03405385595650003	F	NaN	NaN	NaN
	55149	15.232114851000068	0.03218760122096516	F	NaN	NaN	NaN
	55150	15.261442078800687	0.030825869123410895	F	NaN	NaN	NaN
	55151	15.289872937746518	0.030186011025856267	F	NaN	NaN	NaN
	55152	15.317245616450265	0.029875014523287332	F	NaN	NaN	NaN
	55153	15.343422090032348	0.030035415033000442	F	NaN	NaN	NaN
	55154	15.368661292118329	0.029790751998995647	F	NaN	NaN	NaN
	55155	15.393072896010011	0.03012940524181778	F	NaN	NaN	NaN
	55156	15.41667071782034	0.03058282040666905	F	NaN	NaN	NaN
	55157	15.439468915991984	0.03188559086557736	F	NaN	NaN	NaN
	55158	15.461481097902336	0.03310074177650177	F	NaN	NaN	NaN
	55159	15.4827220369224	0.03450822570641316	F	NaN	NaN	NaN
	55160	15.503201529399695	0.03503693150302682	F	NaN	NaN	NaN
	55161	15.522920219438006	0.03492920044910485	F	NaN	NaN	NaN
	55162	15.54184244545121	0.03468986877975479	F	NaN	NaN	NaN
	55163	15.560077364533257	0.03476708942864666	F	NaN	NaN	NaN
	55164	15.577762116826026	0.03511753505853446	F	NaN	NaN	NaN
	55165	15.59503384247139	0.0359032509555655	F	NaN	NaN	NaN
	55166	15.612030198913052	0.036916759912543964	F	NaN	NaN	NaN
	55167	15.628886752824	0.03815282870164352	F	NaN	NaN	NaN
	55168	15.645742558167706	0.03917557885354088	F	NaN	NaN	NaN
	55169	15.662629253516105	0.039594800674768435	F	NaN	NaN	NaN
	55170	15.679217822911198	0.03984749428641743	F	NaN	NaN	NaN
	55171	15.69535566464827	0.03965990788937127	F	NaN	NaN	NaN
	55172	15.711135388412199	0.03925820623897417	F	NaN	NaN	NaN
	55173	15.726596135528956	0.038632840143088515	F	NaN	NaN	NaN
	55174	15.741722673931699	0.03823836475610232	F	NaN	NaN	NaN
	55175	15.7565919100776	0.03796767598561294	F	NaN	NaN	NaN
	55176	15.771240986828143	0.037885097569748824	F	NaN	NaN	NaN
	55177	15.7856720573403	0.03813220878424909	F	NaN	NaN	NaN
	55178	15.799946957780296	0.03872384867684291	F	NaN	NaN	NaN
	55179	15.814100516076742	0.03936168388783709	F	NaN	NaN	NaN
	55180	15.828151954142056	0.04022049608340304	F	NaN	NaN	NaN
	55181	15.84214867078827	0.041365783018287916	F	NaN	NaN	NaN
	55182	15.856122862542747	0.042608050542188	F	NaN	NaN	NaN
	55183	15.870110503604959	0.04403412223715828	F	NaN	NaN	NaN
	55184	15.88414014090496	0.04541148029503435	F	NaN	NaN	NaN
	55185	15.898255041333503	0.046680215621501646	F	NaN	NaN	NaN
	55186	15.912487598550605	0.047890483433703154	F	NaN	NaN	NaN
	55187	15.92687292880491	0.04839391200785307	F	NaN	NaN	NaN
	55188	15.941446148345058	0.04906991594182408	F	NaN	NaN	NaN
	55189	15.956152121603466	0.049295959371943976	F	NaN	NaN	NaN
	55190	15.970472929973553	0.049144355736281384	F	NaN	NaN	NaN
	55191	15.984351547584415	0.048755634792200464	F	NaN	NaN	NaN
	55192	15.99784789998789	0.0484558092485043	F	NaN	NaN	NaN
	55193	16.011034168116865	0.04778913140793285	F	NaN	NaN	NaN
	55194	16.02397386019166	0.04718921166914106	F	NaN	NaN	NaN
	55195	16.0367253729397	0.046584451340245595	F	NaN	NaN	NaN
	55196	16.04936379582465	0.04611826629811294	F	NaN	NaN	NaN
	55197	16.061948812957194	0.04551374053417971	F	NaN	NaN	NaN
	55198	16.074543559281544	0.04511675150830299	F	NaN	NaN	NaN
	55199	16.087211707438037	0.04499544541558895	F	NaN	NaN	NaN
	55200	16.100025840112664	0.044472254421155454	F	NaN	NaN	NaN
	55201	16.113045942590393	0.04442686027865418	F	NaN	NaN	NaN
	55202	16.126335149815453	0.044771618391939674	F	NaN	NaN	NaN
	55203	16.139956596732056	0.04461074935734108	F	NaN	NaN	NaN
	55204	16.15397341828442	0.04461730975772565	F	NaN	NaN	NaN
	55205	16.168448749416772	0.04424969008376162	F	NaN	NaN	NaN
	55206	16.183403407007148	0.043603062796258835	F	NaN	NaN	NaN
	55207	16.19845670092769	0.04304726799883564	F	NaN	NaN	NaN
	55208	16.21354320433811	0.042093016433287576	F	NaN	NaN	NaN
	55209	16.228677654630904	0.04139059337874754	F	NaN	NaN	NaN
	55210	16.243874789198564	0.040404829207677566	F	NaN	NaN	NaN
	55211	16.25915233830843	0.03935196199430069	F	NaN	NaN	NaN
	55212	16.274525959763235	0.038139324043484364	F	NaN	NaN	NaN
	55213	16.29000839412568	0.03693523879240472	F	NaN	NaN	NaN
	55214	16.305614378788253	0.03561456230820875	F	NaN	NaN	NaN
	55215	16.32135865114345	0.034295055090509764	F	NaN	NaN	NaN
	55216	16.33725796638458	0.03304302176870394	F	NaN	NaN	NaN
	55217	16.353330974373748	0.03188826095641119	F	NaN	NaN	NaN
	55218	16.369587761604052	0.030624198586864708	F	NaN	NaN	NaN
	55219	16.386046682660815	0.02956335817514568	F	NaN	NaN	NaN
	55220	16.40272359052326	0.028558228808916463	F	NaN	NaN	NaN
	55221	16.419631728614625	0.027889958295315147	F	NaN	NaN	NaN
	55222	16.436786237134225	0.02745598108017902	F	NaN	NaN	NaN
	55223	16.454202256281356	0.028036334156029137	F	NaN	NaN	NaN
	55224	16.471851734621918	0.028694213580007916	F	NaN	NaN	NaN
	55225	16.489434855529066	0.02981895636805951	F	NaN	NaN	NaN
	55226	16.506878793409843	0.0314864247413433	F	NaN	NaN	NaN
	55227	16.524185431688785	0.0331972655392279	F	NaN	NaN	NaN
	55228	16.541356653790412	0.03526164680006299	F	NaN	NaN	NaN
	55229	16.558283070417573	0.03739051463371085	F	NaN	NaN	NaN
	55230	16.575021579339058	0.03968214974566729	F	NaN	NaN	NaN
	55231	16.591760088260546	0.041973784857623736	F	NaN	NaN	NaN
	55232	16.60849859718203	0.04426541996958018	F	NaN	NaN	NaN
	55233	16.625237106103516	0.046557055081536625	F	NaN	NaN	NaN
	55234	16.641443253194765	0.048583986482903005	F	NaN	NaN	NaN
	55235	16.657627478363597	0.050600017752295626	F	NaN	NaN	NaN
	55236	16.67381170353243	0.05261604902168825	F	NaN	NaN	NaN
	55237	16.68999592870126	0.05463208029108087	F	NaN	NaN	NaN
	55238	16.705926001128525	0.056536747299950965	F	NaN	NaN	NaN
	55239	16.721593550669034	0.0583263824308521	F	NaN	NaN	NaN
	55240	16.737261100209544	0.06011601756175323	F	NaN	NaN	NaN
	55241	16.75292864975005	0.06190565269265436	F	NaN	NaN	NaN
	55242	16.768585013064342	0.06368056261716526	F	NaN	NaN	NaN
	55243	16.78377349510086	0.06483956792396187	F	NaN	NaN	NaN
	55244	16.798961977137374	0.06599857323075847	F	NaN	NaN	NaN
	55245	16.81415045917389	0.06715757853755508	F	NaN	NaN	NaN
	55246	16.829338941210406	0.06831658384435169	F	NaN	NaN	NaN
	55247	16.844282501583088	0.06943177528763975	F	NaN	NaN	NaN
	55248	16.85902952423994	0.07051180823771555	F	NaN	NaN	NaN
	55249	16.873776546896796	0.07159184118779137	F	NaN	NaN	NaN
	55250	16.88852356955365	0.07267187413786716	F	NaN	NaN	NaN
	55251	16.903235760039735	0.07372436399987022	F	NaN	NaN	NaN
	55252	16.917578931441255	0.07448505679835195	F	NaN	NaN	NaN
	55253	16.931922102842776	0.07524574959683367	F	NaN	NaN	NaN
	55254	16.946265274244297	0.0760064423953154	F	NaN	NaN	NaN
	55255	16.960608445645818	0.07676713519379712	F	NaN	NaN	NaN
	55256	16.974725388665323	0.07732351296739909	F	NaN	NaN	NaN
	55257	16.988702316935846	0.07775343836280271	F	NaN	NaN	NaN
	55258	17.002679245206366	0.07818336375820636	F	NaN	NaN	NaN
	55259	17.01665617347689	0.07861328915360999	F	NaN	NaN	NaN
	55260	17.030584085836164	0.07902264326896993	F	NaN	NaN	NaN
	55261	17.044232379100016	0.07931464523129256	F	NaN	NaN	NaN
	55262	17.05788067236387	0.07960664719361517	F	NaN	NaN	NaN
	55263	17.07152896562772	0.07989864915593778	F	NaN	NaN	NaN
	55264	17.08517725889157	0.08019065111826039	F	NaN	NaN	NaN
	55265	17.098627479259303	0.0804713331862412	F	NaN	NaN	NaN
	55266	17.111984745640815	0.08074670292061518	F	NaN	NaN	NaN
	55267	17.125342012022326	0.08102207265498919	F	NaN	NaN	NaN
	55268	17.138699278403838	0.08129744238936319	F	NaN	NaN	NaN
	55269	17.152002807337716	0.08156957922930128	F	NaN	NaN	NaN
	55270	17.165106654961217	0.08182970305735127	F	NaN	NaN	NaN
	55271	17.178210502584722	0.08208982688540126	F	NaN	NaN	NaN
	55272	17.191314350208224	0.08234995071345125	F	NaN	NaN	NaN
	55273	17.204418197831725	0.08261007454150124	F	NaN	NaN	NaN
	55274	17.217361590249087	0.08283594102486719	F	NaN	NaN	NaN
	55275	17.230249627238912	0.08304998906988534	F	NaN	NaN	NaN
	55276	17.243137664228737	0.08326403711490347	F	NaN	NaN	NaN
	55277	17.25602570121856	0.08347808515992161	F	NaN	NaN	NaN
	55278	17.26886474142844	0.08368552470133687	F	NaN	NaN	NaN
	55279	17.281574575908916	0.08387553745410953	F	NaN	NaN	NaN
	55280	17.294284410389395	0.08406555020688217	F	NaN	NaN	NaN
	55281	17.30699424486987	0.0842555629596548	F	NaN	NaN	NaN
	55282	17.319704079350345	0.08444557571242745	F	NaN	NaN	NaN
	55283	17.332300538518744	0.08465602029874245	F	NaN	NaN	NaN
	55284	17.344869778614203	0.08487137014668189	F	NaN	NaN	NaN
	55285	17.357439018709663	0.08508671999462133	F	NaN	NaN	NaN
	55286	17.37000825880512	0.08530206984256078	F	NaN	NaN	NaN
	55287	17.382542704992407	0.08551447580079007	F	NaN	NaN	NaN
	55288	17.395008958827177	0.0857211120488769	F	NaN	NaN	NaN
	55289	17.40747521266195	0.08592774829696376	F	NaN	NaN	NaN
	55290	17.41994146649672	0.08613438454505061	F	NaN	NaN	NaN
	55291	17.432407720331494	0.08634102079313746	F	NaN	NaN	NaN
	55292	17.44481714095233	0.08662422706698099	F	NaN	NaN	NaN
	55293	17.45721801665075	0.08691894570981856	F	NaN	NaN	NaN
	55294	17.469618892349164	0.08721366435265614	F	NaN	NaN	NaN
	55295	17.482019768047582	0.08750838299549371	F	NaN	NaN	NaN
	55296	17.49440951491368	0.08766540811976965	F	NaN	NaN	NaN
	55297	17.50678262060007	0.08761653719663996	F	NaN	NaN	NaN
	55298	17.51915572628646	0.08756766627351026	F	NaN	NaN	NaN
	55299	17.53152883197285	0.08751879535038057	F	NaN	NaN	NaN
	55300	17.54390193765924	0.08746992442725088	F	NaN	NaN	NaN
	55301	17.55628421443392	0.08726440706414648	F	NaN	NaN	NaN
	55302	17.568667158232614	0.08704749662162674	F	NaN	NaN	NaN
	55303	17.58105010203131	0.08683058617910698	F	NaN	NaN	NaN
	55304	17.593433045830004	0.08661367573658722	F	NaN	NaN	NaN
	55305	17.605837988076317	0.08643922712945376	F	NaN	NaN	NaN
	55306	17.618268378111647	0.08631389834418947	F	NaN	NaN	NaN
	55307	17.630698768146978	0.08618856955892518	F	NaN	NaN	NaN
	55308	17.643129158182308	0.0860632407736609	F	NaN	NaN	NaN
	55309	17.65555954821764	0.0859379119883966	F	NaN	NaN	NaN
	55310	17.668074575847566	0.08529213399577487	F	NaN	NaN	NaN
	55311	17.680590020243862	0.08464379324451983	F	NaN	NaN	NaN
	55312	17.69310546464016	0.0839954524932648	F	NaN	NaN	NaN
	55313	17.705620909036455	0.08334711174200976	F	NaN	NaN	NaN
	55314	17.718200941364383	0.08260326996535439	F	NaN	NaN	NaN
	55315	17.73083904824598	0.08177355797603791	F	NaN	NaN	NaN
	55316	17.743477155127575	0.08094384598672144	F	NaN	NaN	NaN
	55317	17.756115262009168	0.08011413399740497	F	NaN	NaN	NaN
	55318	17.768756642387395	0.07927433676240393	F	NaN	NaN	NaN
	55319	17.78145118886607	0.07827074122679376	F	NaN	NaN	NaN
	55320	17.794114758939955	0.07724546642608522	F	NaN	NaN	NaN
	55321	17.80675022451336	0.07620096405178566	F	NaN	NaN	NaN
	55322	17.819358413101796	0.07513834862220073	F	NaN	NaN	NaN
	55323	17.83194015222077	0.07405886013178266	F	NaN	NaN	NaN
	55324	17.8444962693858	0.07296387421530856	F	NaN	NaN	NaN
	55325	17.8570275921124	0.07185491336425984	F	NaN	NaN	NaN
	55326	17.869534947916076	0.07073034218398193	F	NaN	NaN	NaN
	55327	17.882015745336975	0.06939523556304927	F	NaN	NaN	NaN
	55328	17.894474138656474	0.06822945845112491	F	NaN	NaN	NaN
	55329	17.906911398209804	0.06708594317920089	F	NaN	NaN	NaN
	55330	17.919328351512487	0.06605248572302522	F	NaN	NaN	NaN
	55331	17.931725826080022	0.06501997703411784	F	NaN	NaN	NaN
	55332	17.94410464942793	0.0638730268267337	F	NaN	NaN	NaN
	55333	17.95646564907172	0.06270324638347659	F	NaN	NaN	NaN
	55334	17.968809179917972	0.06137541339133775	F	NaN	NaN	NaN
	55335	17.98113442905077	0.0602515790518148	F	NaN	NaN	NaN
	55336	17.9934446876362	0.059294847765532885	F	NaN	NaN	NaN
	55337	18.00574078318978	0.058506143179629586	F	NaN	NaN	NaN
	55338	18.018023543227017	0.057613598286023214	F	NaN	NaN	NaN
	55339	18.03029379526343	0.056591623509851835	F	NaN	NaN	NaN
	55340	18.042552366814522	0.055580814765112146	F	NaN	NaN	NaN
	55341	18.05480050706872	0.054513824717764295	F	NaN	NaN	NaN
	55342	18.067037415610336	0.053480368408466435	F	NaN	NaN	NaN
	55343	18.079264473180928	0.05277162391856577	F	NaN	NaN	NaN
	55344	18.091477118187644	0.05232967611153774	F	NaN	NaN	NaN
	55345	18.10367232832405	0.05163861421279032	F	NaN	NaN	NaN
	55346	18.115850113399958	0.05111874492431555	F	NaN	NaN	NaN
	55347	18.12800920560561	0.05090636465989886	F	NaN	NaN	NaN
	55348	18.140149285744272	0.05078093798672641	F	NaN	NaN	NaN
	55349	18.15227197304267	0.05044295387311999	F	NaN	NaN	NaN
	55350	18.164377277310617	0.0501918015590688	F	NaN	NaN	NaN
	55351	18.176464020726595	0.05001626345641897	F	NaN	NaN	NaN
	55352	18.188531711052203	0.050278491477649775	F	NaN	NaN	NaN
	55353	18.2005820505676	0.05074362741518817	F	NaN	NaN	NaN
	55354	18.212615049082594	0.05143487100049209	F	NaN	NaN	NaN
	55355	18.22462961834276	0.05261605782370943	F	NaN	NaN	NaN
	55356	18.23662509391033	0.05397496509762241	F	NaN	NaN	NaN
	55357	18.24860326069773	0.05488793828816324	F	NaN	NaN	NaN
	55358	18.26056412851478	0.05653732687149446	F	NaN	NaN	NaN
	55359	18.272506890270986	0.05823670248487538	F	NaN	NaN	NaN
	55360	18.284431128196623	0.059816596317914375	F	NaN	NaN	NaN
	55361	18.296337389502252	0.06122635474790185	F	NaN	NaN	NaN
	55362	18.308225685120373	0.063192491952765	F	NaN	NaN	NaN
	55363	18.32009602598348	0.06549198418989234	F	NaN	NaN	NaN
	55364	18.33194842302408	0.06724334843669971	F	NaN	NaN	NaN
	55365	18.343782887174658	0.069475134847275	F	NaN	NaN	NaN
	55366	18.35559942936771	0.07171161883946375	F	NaN	NaN	NaN
	55367	18.367398060535738	0.07422249441245785	F	NaN	NaN	NaN
	55368	18.37917879161124	0.07668607999964411	F	NaN	NaN	NaN

# FILTER R
#        MJD  MAG  MAGERR  Upperlimit  Instrument  Telescope  Source
	55104	16.606245775591045	0.037317731686193435	F	NaN	NaN	NaN
	55105	16.375064611298985	0.031032119236833203	F	NaN	NaN	NaN
	55106	16.1604705608257	0.027027956552094168	F	NaN	NaN	NaN
	55107	15.962427871279809	0.025929412307959174	F	NaN	NaN	NaN
	55108	15.780639120912328	0.02674700519844833	F	NaN	NaN	NaN
	55109	15.61509496348134	0.02883506408388071	F	NaN	NaN	NaN
	55110	15.469864971342949	0.0298313424127273	F	NaN	NaN	NaN
	55111	15.345002346311581	0.029669897829467634	F	NaN	NaN	NaN
	55112	15.238581745573446	0.028758443227861204	F	NaN	NaN	NaN
	55113	15.148785475412499	0.027461619469085666	F	NaN	NaN	NaN
	55114	15.073525244363386	0.026264652489514914	F	NaN	NaN	NaN
	55115	15.010860024538916	0.02558336276989954	F	NaN	NaN	NaN
	55116	14.958890731346045	0.025470142033978238	F	NaN	NaN	NaN
	55117	14.91582339171512	0.02625076334436599	F	NaN	NaN	NaN
	55118	14.879636707600742	0.027377761657378274	F	NaN	NaN	NaN
	55119	14.84849553893704	0.02817633796584236	F	NaN	NaN	NaN
	55120	14.825290233269326	0.02883158229768841	F	NaN	NaN	NaN
	55121	14.80750363836455	0.028816299280434395	F	NaN	NaN	NaN
	55122	14.796031311797428	0.02821118031120362	F	NaN	NaN	NaN
	55123	14.792555790286757	0.02719209199033879	F	NaN	NaN	NaN
	55124	14.795757833864347	0.027251441300763457	F	NaN	NaN	NaN
	55125	14.80471130546879	0.02836754016403641	F	NaN	NaN	NaN
	55126	14.818242195587118	0.030879097566090977	F	NaN	NaN	NaN
	55127	14.835264541600024	0.03377086743621475	F	NaN	NaN	NaN
	55128	14.854739705497472	0.036241369974053125	F	NaN	NaN	NaN
	55129	14.875790828482213	0.037293336493158344	F	NaN	NaN	NaN
	55130	14.902541987866206	0.03716797148300726	F	NaN	NaN	NaN
	55131	14.935705869689881	0.036565127768861505	F	NaN	NaN	NaN
	55132	14.973532934472832	0.036506975251683386	F	NaN	NaN	NaN
	55133	15.014296291181001	0.038108564576829006	F	NaN	NaN	NaN
	55134	15.056251866641993	0.04138711611168608	F	NaN	NaN	NaN
	55135	15.097668416225904	0.043042782407049326	F	NaN	NaN	NaN
	55136	15.137186284022038	0.04356839937712426	F	NaN	NaN	NaN
	55137	15.178375869535106	0.042310390142581415	F	NaN	NaN	NaN
	55138	15.222089814369571	0.040165750743701586	F	NaN	NaN	NaN
	55139	15.267700196557875	0.03714550607256963	F	NaN	NaN	NaN
	55140	15.314487214278495	0.033645585997392244	F	NaN	NaN	NaN
	55141	15.361771338120748	0.03054734285099453	F	NaN	NaN	NaN
	55142	15.408867433054615	0.02810781447654253	F	NaN	NaN	NaN
	55143	15.45508548402587	0.027060649346002646	F	NaN	NaN	NaN
	55144	15.499735415844093	0.027361972405583277	F	NaN	NaN	NaN
	55145	15.542119846746942	0.027127345305255377	F	NaN	NaN	NaN
	55146	15.581770446815312	0.026486666640612368	F	NaN	NaN	NaN
	55147	15.620433400080909	0.025406005285179813	F	NaN	NaN	NaN
	55148	15.658514159039042	0.02488213677394361	F	NaN	NaN	NaN
	55149	15.69577811880285	0.024297260394377972	F	NaN	NaN	NaN
	55150	15.731997825011867	0.024602689807010757	F	NaN	NaN	NaN
	55151	15.766935239776007	0.02581614195582025	F	NaN	NaN	NaN
	55152	15.800362978595672	0.026998328708931985	F	NaN	NaN	NaN
	55153	15.832071948912692	0.027826919215775542	F	NaN	NaN	NaN
	55154	15.862274741219025	0.028653862721289534	F	NaN	NaN	NaN
	55155	15.891129124992803	0.029258271899682407	F	NaN	NaN	NaN
	55156	15.918714411661224	0.03016146995891096	F	NaN	NaN	NaN
	55157	15.945110392981158	0.030838648855115745	F	NaN	NaN	NaN
	55158	15.970396020097644	0.031680848302737666	F	NaN	NaN	NaN
	55159	15.994651784796192	0.03268169892611948	F	NaN	NaN	NaN
	55160	16.017952012338167	0.03331855319413365	F	NaN	NaN	NaN
	55161	16.040306943159457	0.03417958626447043	F	NaN	NaN	NaN
	55162	16.061378746136423	0.03550675885655684	F	NaN	NaN	NaN
	55163	16.08130973895547	0.03681391479759027	F	NaN	NaN	NaN
	55164	16.100353927293625	0.03844219754649977	F	NaN	NaN	NaN
	55165	16.118765316827915	0.04013412923159486	F	NaN	NaN	NaN
	55166	16.13679834664178	0.04192680809644014	F	NaN	NaN	NaN
	55167	16.154705510129133	0.04354591611456489	F	NaN	NaN	NaN
	55168	16.17274358036289	0.044463837014104834	F	NaN	NaN	NaN
	55169	16.190952849366646	0.04458810655742175	F	NaN	NaN	NaN
	55170	16.208614402975137	0.0442549696062912	F	NaN	NaN	NaN
	55171	16.2254193690723	0.04352005800078662	F	NaN	NaN	NaN
	55172	16.24154171510948	0.04251002463846325	F	NaN	NaN	NaN
	55173	16.257054108658203	0.04099226127926918	F	NaN	NaN	NaN
	55174	16.271924628847685	0.039378379422991716	F	NaN	NaN	NaN
	55175	16.286298239703623	0.03764569408457855	F	NaN	NaN	NaN
	55176	16.300243962386094	0.03572952639294549	F	NaN	NaN	NaN
	55177	16.313761942789156	0.03410495122859937	F	NaN	NaN	NaN
	55178	16.32696930765737	0.03250784026267494	F	NaN	NaN	NaN
	55179	16.33993084866711	0.03098900919776036	F	NaN	NaN	NaN
	55180	16.352678195405	0.02974001709988759	F	NaN	NaN	NaN
	55181	16.365301803479014	0.028710951238424202	F	NaN	NaN	NaN
	55182	16.37786165200954	0.027896537847818127	F	NaN	NaN	NaN
	55183	16.39042027120352	0.027307116407780198	F	NaN	NaN	NaN
	55184	16.403034799218428	0.02720831061107682	F	NaN	NaN	NaN
	55185	16.415781433807894	0.0270806288079409	F	NaN	NaN	NaN
	55186	16.42872110683098	0.02695279786197508	F	NaN	NaN	NaN
	55187	16.441918517676072	0.026974437898561528	F	NaN	NaN	NaN
	55188	16.45543836573155	0.026794918980565824	F	NaN	NaN	NaN
	55189	16.46926791362219	0.026677504144564143	F	NaN	NaN	NaN
	55190	16.482960956533347	0.026403299737430434	F	NaN	NaN	NaN
	55191	16.49644392186467	0.026137461072757766	F	NaN	NaN	NaN
	55192	16.50974173909999	0.026058253750808627	F	NaN	NaN	NaN
	55193	16.52288531178587	0.025881838724291808	F	NaN	NaN	NaN
	55194	16.53590141822231	0.025791360272835163	F	NaN	NaN	NaN
	55195	16.548813695755456	0.025907813689984814	F	NaN	NaN	NaN
	55196	16.5616552444177	0.026125929750557095	F	NaN	NaN	NaN
	55197	16.574450802664092	0.026472266109263662	F	NaN	NaN	NaN
	55198	16.5872269914024	0.026984238351225237	F	NaN	NaN	NaN
	55199	16.600010568083295	0.027543752697219384	F	NaN	NaN	NaN
	55200	16.6128311710796	0.028073873018426967	F	NaN	NaN	NaN
	55201	16.62571514960356	0.028762751851634308	F	NaN	NaN	NaN
	55202	16.638689124562955	0.02930399124390655	F	NaN	NaN	NaN
	55203	16.651779716865565	0.029766509110695998	F	NaN	NaN	NaN
	55204	16.665013547419168	0.02998579906774295	F	NaN	NaN	NaN
	55205	16.67841723713154	0.03001394313589578	F	NaN	NaN	NaN
	55206	16.69200272920031	0.029843516717896347	F	NaN	NaN	NaN
	55207	16.7056344879427	0.029639402407129457	F	NaN	NaN	NaN
	55208	16.719288394282035	0.029326643743232347	F	NaN	NaN	NaN
	55209	16.732969078562796	0.02892468465365672	F	NaN	NaN	NaN
	55210	16.74668117112945	0.028494521382596918	F	NaN	NaN	NaN
	55211	16.76043061490951	0.027902808141668352	F	NaN	NaN	NaN
	55212	16.774222258899567	0.02733774434360149	F	NaN	NaN	NaN
	55213	16.788059804340413	0.026567872254928883	F	NaN	NaN	NaN
	55214	16.80194788157652	0.025911053118961407	F	NaN	NaN	NaN
	55215	16.815891120952365	0.0252290236941674	F	NaN	NaN	NaN
	55216	16.8298949265431	0.0245002828788845	F	NaN	NaN	NaN
	55217	16.843965361890348	0.02370735135532827	F	NaN	NaN	NaN
	55218	16.858105248385222	0.023045446422994234	F	NaN	NaN	NaN
	55219	16.872320548654425	0.022205594678355024	F	NaN	NaN	NaN
	55220	16.886616260124285	0.021816719776821782	F	NaN	NaN	NaN
	55221	16.900996431864595	0.021775953046814712	F	NaN	NaN	NaN
	55222	16.91546582077777	0.021788999779560482	F	NaN	NaN	NaN
	55223	16.93002918376624	0.02227529630532174	F	NaN	NaN	NaN
	55224	16.94466263363338	0.0231913281010718	F	NaN	NaN	NaN
	55225	16.959160342517272	0.024542388183920048	F	NaN	NaN	NaN
	55226	16.97347546871656	0.02600650077364874	F	NaN	NaN	NaN
	55227	16.987611159847912	0.027663250356010485	F	NaN	NaN	NaN
	55228	17.001570563528006	0.029702152258102528	F	NaN	NaN	NaN
	55229	17.01521389293671	0.031425278941027236	F	NaN	NaN	NaN
	55230	17.028615477812938	0.033199187282556754	F	NaN	NaN	NaN
	55231	17.042017062689165	0.03497309562408628	F	NaN	NaN	NaN
	55232	17.05541864756539	0.036747003965615796	F	NaN	NaN	NaN
	55233	17.068820232441617	0.03852091230714532	F	NaN	NaN	NaN
	55234	17.08154681229066	0.040062600400689194	F	NaN	NaN	NaN
	55235	17.09424559636811	0.04159472598623353	F	NaN	NaN	NaN
	55236	17.10694438044556	0.043126851571777876	F	NaN	NaN	NaN
	55237	17.119643164523012	0.04465897715732222	F	NaN	NaN	NaN
	55238	17.1320271575149	0.046044949366285705	F	NaN	NaN	NaN
	55239	17.144085992241735	0.04727995485306456	F	NaN	NaN	NaN
	55240	17.15614482696857	0.048514960339843406	F	NaN	NaN	NaN
	55241	17.168203661695404	0.04974996582662225	F	NaN	NaN	NaN
	55242	17.18024902118622	0.05097735886515202	F	NaN	NaN	NaN
	55243	17.191730758010603	0.051886349437565184	F	NaN	NaN	NaN
	55244	17.203212494834986	0.05279534000997836	F	NaN	NaN	NaN
	55245	17.21469423165937	0.05370433058239153	F	NaN	NaN	NaN
	55246	17.22617596848375	0.054613321154804696	F	NaN	NaN	NaN
	55247	17.237372401375296	0.05538846551219769	F	NaN	NaN	NaN
	55248	17.24833989174539	0.05605620479582095	F	NaN	NaN	NaN
	55249	17.25930738211548	0.05672394407944421	F	NaN	NaN	NaN
	55250	17.27027487248557	0.05739168336306748	F	NaN	NaN	NaN
	55251	17.281203430036385	0.058036003881732426	F	NaN	NaN	NaN
	55252	17.29171952540035	0.05843222125277357	F	NaN	NaN	NaN
	55253	17.30223562076431	0.058828438623814705	F	NaN	NaN	NaN
	55254	17.312751716128275	0.05922465599485585	F	NaN	NaN	NaN
	55255	17.323267811492236	0.059620873365897	F	NaN	NaN	NaN
	55256	17.333543903500445	0.05988578990862874	F	NaN	NaN	NaN
	55257	17.343671455306442	0.060069443205992674	F	NaN	NaN	NaN
	55258	17.353799007112436	0.06025309650335661	F	NaN	NaN	NaN
	55259	17.363926558918433	0.06043674980072054	F	NaN	NaN	NaN
	55260	17.374005533746253	0.06061778324039202	F	NaN	NaN	NaN
	55261	17.383807393442442	0.06078387128336442	F	NaN	NaN	NaN
	55262	17.39360925313863	0.0609499593263368	F	NaN	NaN	NaN
	55263	17.403411112834824	0.06111604736930919	F	NaN	NaN	NaN
	55264	17.413212972531014	0.06128213541228157	F	NaN	NaN	NaN
	55265	17.42283594287289	0.06129042415853235	F	NaN	NaN	NaN
	55266	17.43237496190744	0.06122465898857251	F	NaN	NaN	NaN
	55267	17.44191398094199	0.061158893818612656	F	NaN	NaN	NaN
	55268	17.45145299997654	0.06109312864865282	F	NaN	NaN	NaN
	55269	17.46094961129837	0.061047699391434555	F	NaN	NaN	NaN
	55270	17.470288641119435	0.061077835719904765	F	NaN	NaN	NaN
	55271	17.479627670940502	0.061107972048374974	F	NaN	NaN	NaN
	55272	17.48896670076157	0.061138108376845184	F	NaN	NaN	NaN
	55273	17.498305730582636	0.06116824470531539	F	NaN	NaN	NaN
	55274	17.507542798475185	0.06136750960611716	F	NaN	NaN	NaN
	55275	17.516744690530935	0.0616251221583026	F	NaN	NaN	NaN
	55276	17.52594658258668	0.06188273471048804	F	NaN	NaN	NaN
	55277	17.535148474642426	0.06214034726267347	F	NaN	NaN	NaN
	55278	17.544329941675272	0.062263023034371597	F	NaN	NaN	NaN
	55279	17.553457547413863	0.06202986715415924	F	NaN	NaN	NaN
	55280	17.56258515315245	0.06179671127394689	F	NaN	NaN	NaN
	55281	17.571712758891042	0.06156355539373455	F	NaN	NaN	NaN
	55282	17.580840364629633	0.06133039951352219	F	NaN	NaN	NaN
	55283	17.589958749289867	0.06143124515126026	F	NaN	NaN	NaN
	55284	17.599074920159463	0.061612277661366475	F	NaN	NaN	NaN
	55285	17.608191091029056	0.06179331017147269	F	NaN	NaN	NaN
	55286	17.617307261898652	0.06197434268157889	F	NaN	NaN	NaN
	55287	17.62644080385952	0.0621467863075396	F	NaN	NaN	NaN
	55288	17.63560839130828	0.06230239663577335	F	NaN	NaN	NaN
	55289	17.64477597875704	0.06245800696400711	F	NaN	NaN	NaN
	55290	17.6539435662058	0.06261361729224085	F	NaN	NaN	NaN
	55291	17.66311115365456	0.06276922762047461	F	NaN	NaN	NaN
	55292	17.67237807429948	0.06300238614227657	F	NaN	NaN	NaN
	55293	17.68165992977557	0.06324720410144134	F	NaN	NaN	NaN
	55294	17.69094178525166	0.06349202206060611	F	NaN	NaN	NaN
	55295	17.70022364072775	0.0637368400197709	F	NaN	NaN	NaN
	55296	17.709576476833643	0.0639409088459496	F	NaN	NaN	NaN
	55297	17.719035451785224	0.06408404462673384	F	NaN	NaN	NaN
	55298	17.728494426736805	0.06422718040751807	F	NaN	NaN	NaN
	55299	17.737953401688387	0.06437031618830232	F	NaN	NaN	NaN
	55300	17.747412376639964	0.06451345196908656	F	NaN	NaN	NaN
	55301	17.757095052486573	0.06455099162104226	F	NaN	NaN	NaN
	55302	17.766793998361806	0.0645808511426235	F	NaN	NaN	NaN
	55303	17.776492944237038	0.06461071066420475	F	NaN	NaN	NaN
	55304	17.786191890112274	0.064640570185786	F	NaN	NaN	NaN
	55305	17.796031239580195	0.0646138411511147	F	NaN	NaN	NaN
	55306	17.806033007827242	0.06452165051362593	F	NaN	NaN	NaN
	55307	17.816034776074286	0.06442945987613716	F	NaN	NaN	NaN
	55308	17.826036544321333	0.0643372692386484	F	NaN	NaN	NaN
	55309	17.83603831256838	0.06424507860115962	F	NaN	NaN	NaN
	55310	17.846403962833687	0.06402503525289632	F	NaN	NaN	NaN
	55311	17.85677140490071	0.06380436234149085	F	NaN	NaN	NaN
	55312	17.867138846967734	0.06358368943008537	F	NaN	NaN	NaN
	55313	17.87750628903476	0.0633630165186799	F	NaN	NaN	NaN
	55314	17.88809937108172	0.0629541395630249	F	NaN	NaN	NaN
	55315	17.898895338416878	0.06237603802328158	F	NaN	NaN	NaN
	55316	17.90969130575204	0.06179793648353826	F	NaN	NaN	NaN
	55317	17.920487273087204	0.06121983494379495	F	NaN	NaN	NaN
	55318	17.931296844909127	0.06063010215742939	F	NaN	NaN	NaN
	55319	17.942327372360904	0.05985146188281047	F	NaN	NaN	NaN
	55320	17.953358098438613	0.05905607207419444	F	NaN	NaN	NaN
	55321	17.964390749273566	0.05811899313118879	F	NaN	NaN	NaN
	55322	17.975426931039625	0.05722898729053938	F	NaN	NaN	NaN
	55323	17.98646824991067	0.056463546789082844	F	NaN	NaN	NaN
	55324	17.99751631206056	0.055719162761048685	F	NaN	NaN	NaN
	55325	18.00857272366317	0.05487290032256925	F	NaN	NaN	NaN
	55326	18.019639090892365	0.054124228381778036	F	NaN	NaN	NaN
	55327	18.030719168154427	0.05281934839134851	F	NaN	NaN	NaN
	55328	18.041813322504417	0.051981647576245675	F	NaN	NaN	NaN
	55329	18.052922931522733	0.05111533644501134	F	NaN	NaN	NaN
	55330	18.06404960138325	0.05027850401935277	F	NaN	NaN	NaN
	55331	18.075194938259827	0.0495409570486879	F	NaN	NaN	NaN
	55332	18.08636054832634	0.048802168350587816	F	NaN	NaN	NaN
	55333	18.09754803775665	0.047872283613618186	F	NaN	NaN	NaN
	55334	18.108759767350833	0.046848816286090854	F	NaN	NaN	NaN
	55335	18.120000687803188	0.0460693051147145	F	NaN	NaN	NaN
	55336	18.13126898666108	0.04531045915219186	F	NaN	NaN	NaN
	55337	18.14256627009838	0.04448896961279991	F	NaN	NaN	NaN
	55338	18.153894144288966	0.04371826294181849	F	NaN	NaN	NaN
	55339	18.1652542154067	0.04304088757085258	F	NaN	NaN	NaN
	55340	18.176648089625452	0.04237476429553763	F	NaN	NaN	NaN
	55341	18.18807570671508	0.04163792704667726	F	NaN	NaN	NaN
	55342	18.19954534147152	0.04094365783438671	F	NaN	NaN	NaN
	55343	18.211055507979363	0.04024628050827268	F	NaN	NaN	NaN
	55344	18.222595863159995	0.03912058044816953	F	NaN	NaN	NaN
	55345	18.234157645670738	0.03853494956436387	F	NaN	NaN	NaN
	55346	18.245740764885685	0.03812867764314703	F	NaN	NaN	NaN
	55347	18.257346682604325	0.03771392854372469	F	NaN	NaN	NaN
	55348	18.268975691822813	0.037690017120617224	F	NaN	NaN	NaN
	55349	18.280625740085842	0.03770088016557774	F	NaN	NaN	NaN
	55350	18.292296736767497	0.03774103277865598	F	NaN	NaN	NaN
	55351	18.303990011234077	0.03791672562953822	F	NaN	NaN	NaN
	55352	18.31570605728231	0.03828716663401173	F	NaN	NaN	NaN
	55353	18.327442754089514	0.03883092053883647	F	NaN	NaN	NaN
	55354	18.33920001102978	0.039533437937720836	F	NaN	NaN	NaN
	55355	18.350979028926826	0.0405504744376471	F	NaN	NaN	NaN
	55356	18.362780494596702	0.0414087114790299	F	NaN	NaN	NaN
	55357	18.374602222739973	0.04239903716420254	F	NaN	NaN	NaN
	55358	18.386444122730737	0.04338092057709542	F	NaN	NaN	NaN
	55359	18.39830704908309	0.044594263859825095	F	NaN	NaN	NaN
	55360	18.41019139480896	0.04608626651387902	F	NaN	NaN	NaN
	55361	18.42209643542451	0.047570014336752904	F	NaN	NaN	NaN
	55362	18.434022069932226	0.04919221144538726	F	NaN	NaN	NaN
	55363	18.445968197334576	0.05072602345062764	F	NaN	NaN	NaN
	55364	18.457934716634036	0.05247995421491489	F	NaN	NaN	NaN
	55365	18.46992152683309	0.054449293892363027	F	NaN	NaN	NaN
	55366	18.48192852693421	0.05633624931442123	F	NaN	NaN	NaN
	55367	18.493955615939885	0.05823270651514033	F	NaN	NaN	NaN
	55368	18.506002692852576	0.0603647314960552	F	NaN	NaN	NaN

# FILTER U
#        MJD  MAG  MAGERR  Upperlimit  Instrument  Telescope  Source
	55104	17.432510941819885	0.0700244615287704	F	NaN	NaN	NaN
	55105	17.104143418985625	0.056572744367322736	F	NaN	NaN	NaN
	55106	16.804957203833066	0.0533852435531464	F	NaN	NaN	NaN
	55107	16.534982810288444	0.05903793868851684	F	NaN	NaN	NaN
	55108	16.29381873861056	0.06669240584776193	F	NaN	NaN	NaN
	55109	16.080530516944382	0.0748228344587629	F	NaN	NaN	NaN
	55110	15.897139123973709	0.0800086879117935	F	NaN	NaN	NaN
	55111	15.743062530210404	0.08512364912461509	F	NaN	NaN	NaN
	55112	15.616442244652132	0.08857357120126272	F	NaN	NaN	NaN
	55113	15.517911182430998	0.08793610691498464	F	NaN	NaN	NaN
	55114	15.462990546014405	0.08227505604871853	F	NaN	NaN	NaN
	55115	15.44617050109884	0.07205300300275078	F	NaN	NaN	NaN
	55116	15.455840671640829	0.062432781053276376	F	NaN	NaN	NaN
	55117	15.480444024910351	0.058341324961275864	F	NaN	NaN	NaN
	55118	15.50793458920036	0.058182617986686	F	NaN	NaN	NaN
	55119	15.52775065723814	0.05829541970648397	F	NaN	NaN	NaN
	55120	15.55191969306277	0.05722618428162918	F	NaN	NaN	NaN
	55121	15.585452935542525	0.05647249385754994	F	NaN	NaN	NaN
	55122	15.628324199622435	0.05608523511094862	F	NaN	NaN	NaN
	55123	15.68271071309011	0.05550812133791378	F	NaN	NaN	NaN
	55124	15.747435149769187	0.05578600946696731	F	NaN	NaN	NaN
	55125	15.821919896240173	0.05556055854045405	F	NaN	NaN	NaN
	55126	15.905183415589226	0.05548079898993957	F	NaN	NaN	NaN
	55127	15.998304486366761	0.053702007760323564	F	NaN	NaN	NaN
	55128	16.111358326340966	0.05557160149681402	F	NaN	NaN	NaN
	55129	16.207453335190515	0.05829876791424097	F	NaN	NaN	NaN
	55130	16.29530764941209	0.06211691710672507	F	NaN	NaN	NaN
	55131	16.384360622293237	0.06688420641455343	F	NaN	NaN	NaN
	55132	16.46756066241275	0.07011987169128092	F	NaN	NaN	NaN
	55133	16.547159576466026	0.0723874812533259	F	NaN	NaN	NaN
	55134	16.62592538017361	0.07407440487298765	F	NaN	NaN	NaN
	55135	16.70379217910738	0.07575135436859015	F	NaN	NaN	NaN
	55136	16.780792521452	0.07727537717911546	F	NaN	NaN	NaN
	55137	16.85675514116971	0.07901648171091888	F	NaN	NaN	NaN
	55138	16.931810025226216	0.08104880478825927	F	NaN	NaN	NaN
	55139	17.005713861965976	0.08342248102042978	F	NaN	NaN	NaN
	55140	17.078614971166274	0.08602277878705418	F	NaN	NaN	NaN
	55141	17.150333740809145	0.08894298472564399	F	NaN	NaN	NaN
	55142	17.22090901105667	0.09243426138543	F	NaN	NaN	NaN
	55143	17.29028017701219	0.09855254219476588	F	NaN	NaN	NaN
	55144	17.358357544210374	0.10585131451892468	F	NaN	NaN	NaN
	55145	17.425218569888067	0.11518109016448116	F	NaN	NaN	NaN
	55146	17.490659909331825	0.12645268403782678	F	NaN	NaN	NaN
	55147	17.55428470009577	0.13933240098789082	F	NaN	NaN	NaN
	55148	17.616277297352536	0.15455268413630757	F	NaN	NaN	NaN
	55149	17.67698328843349	0.17139457610758652	F	NaN	NaN	NaN

# FILTER V
#        MJD  MAG  MAGERR  Upperlimit  Instrument  Telescope  Source
	55101	16.534084588447033	1.3444542656825897	F	NaN	NaN	NaN
	55102	16.42489379702243	1.220642233980223	F	NaN	NaN	NaN
	55103	16.320488951207995	1.1013658948600247	F	NaN	NaN	NaN
	55104	16.22085244903949	0.9862661354064777	F	NaN	NaN	NaN
	55105	16.125973077201603	0.8757214313399733	F	NaN	NaN	NaN
	55106	16.03582614130362	0.7698854889431168	F	NaN	NaN	NaN
	55107	15.950369852547485	0.6688318954756932	F	NaN	NaN	NaN
	55108	15.869594350986283	0.572913529620096	F	NaN	NaN	NaN
	55109	15.793494212163797	0.48207404787942876	F	NaN	NaN	NaN
	55110	15.721999715193988	0.39664425501917877	F	NaN	NaN	NaN
	55111	15.655108571291905	0.3166423112264207	F	NaN	NaN	NaN
	55112	15.592796756484168	0.24229215198573106	F	NaN	NaN	NaN
	55113	15.535073996790903	0.17378571320081979	F	NaN	NaN	NaN
	55114	15.48187201324697	0.1113151513627749	F	NaN	NaN	NaN
	55115	15.433155595196677	0.05537044250194305	F	NaN	NaN	NaN
	55116	15.388901046310526	0.012603977938334694	F	NaN	NaN	NaN
	55117	15.349151548454644	0.04178446289074686	F	NaN	NaN	NaN
	55118	15.313847212156933	0.07840402210971892	F	NaN	NaN	NaN
	55119	15.28288796888513	0.10881038655161615	F	NaN	NaN	NaN
	55120	15.256533336593037	0.1295527868361861	F	NaN	NaN	NaN
	55121	15.234788314266789	0.14069063209507576	F	NaN	NaN	NaN
	55122	15.217623650423983	0.14378800686235002	F	NaN	NaN	NaN
	55123	15.205034786286157	0.14072144104404022	F	NaN	NaN	NaN
	55124	15.196953342132934	0.13325844522453076	F	NaN	NaN	NaN
	55125	15.193372530800186	0.12338353306878799	F	NaN	NaN	NaN
	55126	15.194265368639057	0.11270322997885257	F	NaN	NaN	NaN
	55127	15.19958305892584	0.10299651542512725	F	NaN	NaN	NaN
	55128	15.21328874423215	0.09521139019851284	F	NaN	NaN	NaN
	55129	15.240685405481482	0.08891610730011781	F	NaN	NaN	NaN
	55130	15.279636736230405	0.08388645021911846	F	NaN	NaN	NaN
	55131	15.3278147763235	0.07996709032920427	F	NaN	NaN	NaN
	55132	15.382974639249191	0.07698382817894414	F	NaN	NaN	NaN
	55133	15.442828355184115	0.07474578833836792	F	NaN	NaN	NaN
	55134	15.505086431896958	0.07319487160418918	F	NaN	NaN	NaN
	55135	15.567472725169152	0.07216413591632573	F	NaN	NaN	NaN
	55136	15.627730927524881	0.07145634898608857	F	NaN	NaN	NaN
	55137	15.683548654867387	0.07092585429308894	F	NaN	NaN	NaN
	55138	15.732656987503688	0.07045496877864646	F	NaN	NaN	NaN
	55139	15.776461077308754	0.06934381923817753	F	NaN	NaN	NaN
	55140	15.823130469611218	0.06635687377387557	F	NaN	NaN	NaN
	55141	15.87244674455876	0.061752556004486675	F	NaN	NaN	NaN
	55142	15.923690149668158	0.055958393185720184	F	NaN	NaN	NaN
	55143	15.97615063586423	0.049268930219507096	F	NaN	NaN	NaN
	55144	16.029106302446365	0.04206697673442633	F	NaN	NaN	NaN
	55145	16.081839121737598	0.034910307780767286	F	NaN	NaN	NaN
	55146	16.133627864137257	0.028218982711749246	F	NaN	NaN	NaN
	55147	16.183764317936316	0.022267096133157815	F	NaN	NaN	NaN
	55148	16.231524219166538	0.01765365346821339	F	NaN	NaN	NaN
	55149	16.276182302685275	0.014694206974847973	F	NaN	NaN	NaN
	55150	16.317045550813223	0.01315855108234677	F	NaN	NaN	NaN
	55151	16.353369714841524	0.012714761174598936	F	NaN	NaN	NaN
	55152	16.385562181437777	0.012535115967798317	F	NaN	NaN	NaN
	55153	16.415505053324363	0.01203467295021438	F	NaN	NaN	NaN
	55154	16.443620156751894	0.011581048316482913	F	NaN	NaN	NaN
	55155	16.470298997622272	0.011695859691680379	F	NaN	NaN	NaN
	55156	16.495935551845633	0.012254972094659075	F	NaN	NaN	NaN
	55157	16.52091803182432	0.013093761935499732	F	NaN	NaN	NaN
	55158	16.545638681899902	0.013912020790466245	F	NaN	NaN	NaN
	55159	16.57048872281844	0.014249031398983335	F	NaN	NaN	NaN
	55160	16.594814784786397	0.014177322244248787	F	NaN	NaN	NaN
	55161	16.61737801096435	0.014149481509090091	F	NaN	NaN	NaN
	55162	16.63830944105067	0.014264105998661052	F	NaN	NaN	NaN
	55163	16.65772463547115	0.014531589782358491	F	NaN	NaN	NaN
	55164	16.675745750872593	0.014850588808258729	F	NaN	NaN	NaN
	55165	16.692494943901792	0.015269638924696328	F	NaN	NaN	NaN
	55166	16.708098321031237	0.015885589343765556	F	NaN	NaN	NaN
	55167	16.72266893246101	0.016495341778507654	F	NaN	NaN	NaN
	55168	16.736331126832955	0.01717014254471954	F	NaN	NaN	NaN
	55169	16.749204334288855	0.017938431219047334	F	NaN	NaN	NaN
	55170	16.761429178903242	0.018722516246958344	F	NaN	NaN	NaN
	55171	16.773107347496726	0.019455445610066683	F	NaN	NaN	NaN
	55172	16.784377758409217	0.02022400754450355	F	NaN	NaN	NaN
	55173	16.79535219406139	0.020939553877349193	F	NaN	NaN	NaN
	55174	16.806155301345864	0.0215795302628981	F	NaN	NaN	NaN
	55175	16.816910846963935	0.022117136246172956	F	NaN	NaN	NaN
	55176	16.827740429370575	0.02252212608510865	F	NaN	NaN	NaN
	55177	16.838762947165026	0.022836340444114	F	NaN	NaN	NaN
	55178	16.850107063025554	0.022851424866519275	F	NaN	NaN	NaN
	55179	16.86189255618123	0.022697022702912975	F	NaN	NaN	NaN
	55180	16.874242984823095	0.022337356451589047	F	NaN	NaN	NaN
	55181	16.88727878433797	0.021750332839529613	F	NaN	NaN	NaN
	55182	16.900682193080517	0.021147560025708386	F	NaN	NaN	NaN
	55183	16.913869308955295	0.020593436790585607	F	NaN	NaN	NaN
	55184	16.926837600326735	0.020145618706211354	F	NaN	NaN	NaN
	55185	16.93959118400192	0.01979097021695507	F	NaN	NaN	NaN
	55186	16.952134078700485	0.01959285317521642	F	NaN	NaN	NaN
	55187	16.964472407227273	0.019567436274187965	F	NaN	NaN	NaN
	55188	16.976609376685353	0.019351296631370488	F	NaN	NaN	NaN
	55189	16.988547595038767	0.019323702972390416	F	NaN	NaN	NaN
	55190	17.00029642054628	0.019271023491708016	F	NaN	NaN	NaN
	55191	17.011857772746048	0.01918109738183375	F	NaN	NaN	NaN
	55192	17.023233546481997	0.01925270907090393	F	NaN	NaN	NaN
	55193	17.03443184015489	0.019133590474788003	F	NaN	NaN	NaN
	55194	17.045457042146747	0.01913413283504937	F	NaN	NaN	NaN
	55195	17.056306641334213	0.01929308925729873	F	NaN	NaN	NaN
	55196	17.066995379881202	0.019369974916003164	F	NaN	NaN	NaN
	55197	17.077524543374057	0.019446487975682807	F	NaN	NaN	NaN
	55198	17.08789849440164	0.019568605927058197	F	NaN	NaN	NaN
	55199	17.098121033808706	0.019959621527164677	F	NaN	NaN	NaN
	55200	17.10819076024713	0.02024995048193775	F	NaN	NaN	NaN
	55201	17.11811883433527	0.020506735550458774	F	NaN	NaN	NaN
	55202	17.127909618661985	0.02080726701106472	F	NaN	NaN	NaN
	55203	17.13756747581613	0.021085293873178472	F	NaN	NaN	NaN
	55204	17.147096768386568	0.021384070486537683	F	NaN	NaN	NaN
	55205	17.156501858962137	0.021703502777591664	F	NaN	NaN	NaN
	55206	17.16578378858485	0.02195685129010476	F	NaN	NaN	NaN
	55207	17.174949741548332	0.02227295356982867	F	NaN	NaN	NaN
	55208	17.184004117729465	0.022601922785953698	F	NaN	NaN	NaN
	55209	17.192950305554348	0.02297649226469738	F	NaN	NaN	NaN
	55210	17.201793855525175	0.023305645875468697	F	NaN	NaN	NaN
	55211	17.21054145915954	0.023741023251531143	F	NaN	NaN	NaN
	55212	17.21919368551661	0.02420742870064045	F	NaN	NaN	NaN
	55213	17.227756638268396	0.024708719014564715	F	NaN	NaN	NaN
	55214	17.236236729942004	0.025367059161456346	F	NaN	NaN	NaN
	55215	17.244634121514387	0.025763591593471552	F	NaN	NaN	NaN
	55216	17.252956633029996	0.026393881167022314	F	NaN	NaN	NaN
	55217	17.261226038341604	0.027084029499683564	F	NaN	NaN	NaN
	55218	17.26956681203066	0.027830103516639247	F	NaN	NaN	NaN
	55219	17.278010177747085	0.02862115112586084	F	NaN	NaN	NaN
	55220	17.286555288790424	0.029447707253387804	F	NaN	NaN	NaN
	55221	17.295200218711248	0.030301182920806646	F	NaN	NaN	NaN
	55222	17.3039440053846	0.031060175294845928	F	NaN	NaN	NaN
	55223	17.312785686685544	0.031937514172395744	F	NaN	NaN	NaN
	55224	17.321723910406035	0.03282322211619932	F	NaN	NaN	NaN
	55225	17.330759081958398	0.033712652821048364	F	NaN	NaN	NaN
	55226	17.339889484798963	0.03472970789427375	F	NaN	NaN	NaN
	55227	17.349114149288557	0.03561612467272346	F	NaN	NaN	NaN
	55228	17.35843210578798	0.03662337056832243	F	NaN	NaN	NaN
	55229	17.367919949688964	0.03747951628381492	F	NaN	NaN	NaN
	55230	17.377538604635436	0.03831647133578683	F	NaN	NaN	NaN
	55231	17.387157259581908	0.03915342638775874	F	NaN	NaN	NaN
	55232	17.396775914528376	0.039990381439730646	F	NaN	NaN	NaN
	55233	17.40639456947485	0.04082733649170256	F	NaN	NaN	NaN
	55234	17.416388483019475	0.041588822536398076	F	NaN	NaN	NaN
	55235	17.426397849193137	0.04234720087195946	F	NaN	NaN	NaN
	55236	17.436407215366795	0.04310557920752083	F	NaN	NaN	NaN
	55237	17.446416581540458	0.04386395754308221	F	NaN	NaN	NaN
	55238	17.456608614543804	0.044590950612537414	F	NaN	NaN	NaN
	55239	17.466989330239088	0.04528552478850014	F	NaN	NaN	NaN
	55240	17.47737004593437	0.04598009896446287	F	NaN	NaN	NaN
	55241	17.487750761629655	0.04667467314042559	F	NaN	NaN	NaN
	55242	17.498139696240443	0.047366188488376613	F	NaN	NaN	NaN
	55243	17.50887239975178	0.04792976360599921	F	NaN	NaN	NaN
	55244	17.519605103263117	0.0484933387236218	F	NaN	NaN	NaN
	55245	17.530337806774458	0.04905691384124438	F	NaN	NaN	NaN
	55246	17.541070510285795	0.04962048895886696	F	NaN	NaN	NaN
	55247	17.551987754763232	0.050152380764235144	F	NaN	NaN	NaN
	55248	17.563053084385054	0.050658848253424926	F	NaN	NaN	NaN
	55249	17.574118414006875	0.0511653157426147	F	NaN	NaN	NaN
	55250	17.5851837436287	0.05167178323180447	F	NaN	NaN	NaN
	55251	17.596276092305445	0.05216572418334435	F	NaN	NaN	NaN
	55252	17.607654686332186	0.0525269564533931	F	NaN	NaN	NaN
	55253	17.619033280358927	0.05288818872344184	F	NaN	NaN	NaN
	55254	17.63041187438567	0.05324942099349057	F	NaN	NaN	NaN
	55255	17.64179046841241	0.05361065326353932	F	NaN	NaN	NaN
	55256	17.653350606136534	0.05389347637773059	F	NaN	NaN	NaN
	55257	17.665023102862627	0.05412777137101381	F	NaN	NaN	NaN
	55258	17.676695599588715	0.054362066364297024	F	NaN	NaN	NaN
	55259	17.688368096314804	0.05459636135758024	F	NaN	NaN	NaN
	55260	17.700081540830116	0.05481710027999272	F	NaN	NaN	NaN
	55261	17.712028578549987	0.05496050643069489	F	NaN	NaN	NaN
	55262	17.723975616269858	0.055103912581397047	F	NaN	NaN	NaN
	55263	17.73592265398973	0.05524731873209922	F	NaN	NaN	NaN
	55264	17.7478696917096	0.055390724882801376	F	NaN	NaN	NaN
	55265	17.759990404453028	0.05549405029550368	F	NaN	NaN	NaN
	55266	17.772192621461112	0.0555785661464705	F	NaN	NaN	NaN
	55267	17.784394838469193	0.055663081997437316	F	NaN	NaN	NaN
	55268	17.796597055477275	0.055747597848404135	F	NaN	NaN	NaN
	55269	17.808849277603755	0.05580470169966767	F	NaN	NaN	NaN
	55270	17.821287312194485	0.05575994615377533	F	NaN	NaN	NaN
	55271	17.83372534678521	0.055715190607883	F	NaN	NaN	NaN
	55272	17.84616338137594	0.05567043506199066	F	NaN	NaN	NaN
	55273	17.858601415966668	0.05562567951609832	F	NaN	NaN	NaN
	55274	17.871200385502004	0.055563497816460396	F	NaN	NaN	NaN
	55275	17.883854875969806	0.05549530426956516	F	NaN	NaN	NaN
	55276	17.896509366437613	0.05542711072266991	F	NaN	NaN	NaN
	55277	17.909163856905415	0.055358917175774666	F	NaN	NaN	NaN
	55278	17.921872538415677	0.05527294454397829	F	NaN	NaN	NaN
	55279	17.934724123054988	0.05514008802235603	F	NaN	NaN	NaN
	55280	17.9475757076943	0.055007231500733764	F	NaN	NaN	NaN
	55281	17.96042729233361	0.054874374979111504	F	NaN	NaN	NaN
	55282	17.973278876972916	0.05474151845748923	F	NaN	NaN	NaN
	55283	17.98627378507276	0.05456322619031109	F	NaN	NaN	NaN
	55284	17.999303102178015	0.05437402573818757	F	NaN	NaN	NaN
	55285	18.012332419283265	0.054184825286064046	F	NaN	NaN	NaN
	55286	18.025361736388515	0.05399562483394052	F	NaN	NaN	NaN
	55287	18.038444559055158	0.05377509289634109	F	NaN	NaN	NaN
	55288	18.05163224692078	0.05349315458577074	F	NaN	NaN	NaN
	55289	18.064819934786403	0.05321121627520037	F	NaN	NaN	NaN
	55290	18.078007622652024	0.05292927796463002	F	NaN	NaN	NaN
	55291	18.091195310517644	0.05264733965405967	F	NaN	NaN	NaN
	55292	18.104503838954606	0.05237220947075861	F	NaN	NaN	NaN
	55293	18.117830535875033	0.052098102895227164	F	NaN	NaN	NaN
	55294	18.131157232795456	0.0518239963196957	F	NaN	NaN	NaN
	55295	18.144483929715882	0.05154988974416425	F	NaN	NaN	NaN
	55296	18.15785857531151	0.0512650251611477	F	NaN	NaN	NaN
	55297	18.17130491958117	0.0509640739006878	F	NaN	NaN	NaN
	55298	18.18475126385083	0.05066312264022789	F	NaN	NaN	NaN
	55299	18.198197608120495	0.050362171379767985	F	NaN	NaN	NaN
	55300	18.211643952390155	0.050061220119308074	F	NaN	NaN	NaN
	55301	18.22518378293684	0.04978477770668193	F	NaN	NaN	NaN
	55302	18.238730412850167	0.049510117851321665	F	NaN	NaN	NaN
	55303	18.25227704276349	0.04923545799596139	F	NaN	NaN	NaN
	55304	18.265823672676817	0.048960798140601114	F	NaN	NaN	NaN
	55305	18.279407822974044	0.04869893410584965	F	NaN	NaN	NaN
	55306	18.29303537682547	0.04845187226754722	F	NaN	NaN	NaN
	55307	18.306662930676893	0.04820481042924479	F	NaN	NaN	NaN
	55308	18.320290484528318	0.04795774859094237	F	NaN	NaN	NaN
	55309	18.333918038379743	0.04771068675263995	F	NaN	NaN	NaN
	55310	18.34760685280876	0.0473513827039787	F	NaN	NaN	NaN
	55311	18.361295968892712	0.046991525960281035	F	NaN	NaN	NaN
	55312	18.374985084976668	0.04663166921658337	F	NaN	NaN	NaN
	55313	18.388674201060624	0.0462718124728857	F	NaN	NaN	NaN
	55314	18.402385537832046	0.045877836359703925	F	NaN	NaN	NaN
	55315	18.41611685444296	0.04545318164908112	F	NaN	NaN	NaN
	55316	18.429848171053877	0.0450285269384583	F	NaN	NaN	NaN
	55317	18.443579487664792	0.04460387222783549	F	NaN	NaN	NaN
	55318	18.457311811668955	0.044187577514804545	F	NaN	NaN	NaN
	55319	18.471060497128974	0.04390706069370341	F	NaN	NaN	NaN
	55320	18.484813357507367	0.04359738873835548	F	NaN	NaN	NaN
	55321	18.498569153412475	0.043328433532922025	F	NaN	NaN	NaN
	55322	18.51232698600154	0.043082406575182065	F	NaN	NaN	NaN
	55323	18.5260859564318	0.04284971888741968	F	NaN	NaN	NaN
	55324	18.53984516586049	0.04263122201272645	F	NaN	NaN	NaN
	55325	18.553603715444858	0.04243424745237919	F	NaN	NaN	NaN
	55326	18.567360706342136	0.04228522200145207	F	NaN	NaN	NaN
	55327	18.581114661670203	0.042114227075103	F	NaN	NaN	NaN
	55328	18.594864829181397	0.04196143429472319	F	NaN	NaN	NaN
	55329	18.608610360646345	0.041827328798164976	F	NaN	NaN	NaN
	55330	18.6223503572223	0.041712702526071226	F	NaN	NaN	NaN
	55331	18.63608392006649	0.041673659656886484	F	NaN	NaN	NaN
	55332	18.64981015033615	0.041693573021678254	F	NaN	NaN	NaN
	55333	18.663528149188537	0.0416294812654284	F	NaN	NaN	NaN
	55334	18.677236714274652	0.04156003011797631	F	NaN	NaN	NaN
	55335	18.690933538968956	0.04154915057773895	F	NaN	NaN	NaN
	55336	18.70461905488682	0.04156177328532572	F	NaN	NaN	NaN
	55337	18.718292363185487	0.04151105543273023	F	NaN	NaN	NaN
	55338	18.731952565022198	0.04149411903444925	F	NaN	NaN	NaN
	55339	18.745598761554195	0.04159532833229046	F	NaN	NaN	NaN
	55340	18.759230053938712	0.041776527917152015	F	NaN	NaN	NaN
	55341	18.77284629932634	0.04190392560600505	F	NaN	NaN	NaN
	55342	18.786443565328625	0.04203459379244229	F	NaN	NaN	NaN
	55343	18.800021976408225	0.0422447679181131	F	NaN	NaN	NaN
	55344	18.81358097537775	0.04249567119532875	F	NaN	NaN	NaN
	55345	18.827120581781703	0.04286537171001441	F	NaN	NaN	NaN
	55346	18.84063992570845	0.04314431590940234	F	NaN	NaN	NaN
	55347	18.854136517066664	0.0434403590758635	F	NaN	NaN	NaN
	55348	18.867608887657237	0.0437798889713619	F	NaN	NaN	NaN
	55349	18.881058138556536	0.044249951318267144	F	NaN	NaN	NaN
	55350	18.89448339985292	0.04481880029834546	F	NaN	NaN	NaN
	55351	18.907882036724537	0.04524711443644652	F	NaN	NaN	NaN
	55352	18.92125225547004	0.045682815086828095	F	NaN	NaN	NaN
	55353	18.93459562739855	0.046169253120150945	F	NaN	NaN	NaN
	55354	18.94791128259844	0.04667322980212664	F	NaN	NaN	NaN
	55355	18.96119647886328	0.047192907625085226	F	NaN	NaN	NaN
	55356	18.974449022297573	0.04776138905241429	F	NaN	NaN	NaN
	55357	18.987670991789173	0.04832670987251887	F	NaN	NaN	NaN
	55358	19.00086151742644	0.04893875488371484	F	NaN	NaN	NaN
	55359	19.014018161204664	0.04953418677912969	F	NaN	NaN	NaN
	55360	19.027139108403954	0.04997381292352607	F	NaN	NaN	NaN
	55361	19.04022438510297	0.05078069379323975	F	NaN	NaN	NaN
	55362	19.053273021833643	0.05168922763172259	F	NaN	NaN	NaN
	55363	19.066284049127898	0.0522173101268099	F	NaN	NaN	NaN
	55364	19.07925649751767	0.05295955456812343	F	NaN	NaN	NaN
	55365	19.09218939753488	0.05372616978761912	F	NaN	NaN	NaN
	55366	19.105081779711472	0.05451683425426364	F	NaN	NaN	NaN
	55367	19.11793267457937	0.055331233709573956	F	NaN	NaN	NaN
	55368	19.130741112670503	0.0560511516393496	F	NaN	NaN	NaN

# FILTER i
#        MJD  MAG  MAGERR  Upperlimit  Instrument  Telescope  Source
	55120	15.05053900823898	0.031200405130592038	F	NaN	NaN	NaN
	55121	15.037429559675823	0.027045901131564826	F	NaN	NaN	NaN
	55122	15.027679096083663	0.02398487583151082	F	NaN	NaN	NaN
	55123	15.021263269938348	0.021645610364455267	F	NaN	NaN	NaN
	55124	15.018126752374718	0.02019950444377113	F	NaN	NaN	NaN
	55125	15.01825384611464	0.019729251875608478	F	NaN	NaN	NaN
	55126	15.021615591813719	0.019779153802567857	F	NaN	NaN	NaN
	55127	15.028568631171877	0.020401698043127716	F	NaN	NaN	NaN
	55128	15.038883644140675	0.02117927238294816	F	NaN	NaN	NaN
	55129	15.052402605089611	0.02221665741353038	F	NaN	NaN	NaN
	55130	15.069766068180867	0.02269523692417446	F	NaN	NaN	NaN
	55131	15.089776989823173	0.022996586399803245	F	NaN	NaN	NaN
	55132	15.114027465868052	0.022935362739657707	F	NaN	NaN	NaN
	55133	15.144757378451994	0.02245090563668549	F	NaN	NaN	NaN
	55134	15.180439610231629	0.022278105709693782	F	NaN	NaN	NaN
	55135	15.21946685399528	0.022492885007821	F	NaN	NaN	NaN
	55136	15.260231802531253	0.02297473929289689	F	NaN	NaN	NaN
	55137	15.301135882110453	0.023967675817723945	F	NaN	NaN	NaN
	55138	15.34056392106408	0.024772802784051966	F	NaN	NaN	NaN
	55139	15.379459583694471	0.024614418749263976	F	NaN	NaN	NaN
	55140	15.422469423273544	0.02429703248592024	F	NaN	NaN	NaN
	55141	15.467810572101333	0.024285414061333388	F	NaN	NaN	NaN
	55142	15.513352725777121	0.024967764630774086	F	NaN	NaN	NaN
	55143	15.556959093254815	0.024875141696150863	F	NaN	NaN	NaN
	55144	15.59893200121959	0.02518887623169206	F	NaN	NaN	NaN
	55145	15.641345423317075	0.023996066808870793	F	NaN	NaN	NaN
	55146	15.68376264001689	0.023139458624445768	F	NaN	NaN	NaN
	55147	15.72573473430025	0.02236617254133802	F	NaN	NaN	NaN
	55148	15.766811056458506	0.021934251396653566	F	NaN	NaN	NaN
	55149	15.806540806951615	0.02187292734981982	F	NaN	NaN	NaN
	55150	15.844473186239544	0.021616924032547644	F	NaN	NaN	NaN
	55151	15.88017235443852	0.021326204147325792	F	NaN	NaN	NaN
	55152	15.913555882339221	0.020555927845405532	F	NaN	NaN	NaN
	55153	15.945445404801657	0.01956676444988575	F	NaN	NaN	NaN
	55154	15.976372110469772	0.019334924115368322	F	NaN	NaN	NaN
	55155	16.006331662219985	0.019234652771092882	F	NaN	NaN	NaN
	55156	16.034907467642153	0.019349525393428414	F	NaN	NaN	NaN
	55157	16.062570621838375	0.019860537075569576	F	NaN	NaN	NaN
	55158	16.089058385232672	0.020359686536676462	F	NaN	NaN	NaN
	55159	16.11455982979792	0.02127370991459663	F	NaN	NaN	NaN
	55160	16.139636561878238	0.021949169364935697	F	NaN	NaN	NaN
	55161	16.163141298083136	0.022983772132964438	F	NaN	NaN	NaN
	55162	16.18535895724559	0.02386340972145236	F	NaN	NaN	NaN
	55163	16.206609842838965	0.025319009185059103	F	NaN	NaN	NaN
	55164	16.22715315560473	0.02700320382945106	F	NaN	NaN	NaN
	55165	16.24730012434696	0.028806044264344556	F	NaN	NaN	NaN
	55166	16.26733612041118	0.030372215320531096	F	NaN	NaN	NaN
	55167	16.287559097983678	0.03153364487045203	F	NaN	NaN	NaN
	55168	16.30825480704151	0.03215302130184865	F	NaN	NaN	NaN
	55169	16.328978269544614	0.03222211531176009	F	NaN	NaN	NaN
	55170	16.34903322775332	0.03192432093863968	F	NaN	NaN	NaN
	55171	16.368508764399866	0.03159641332334366	F	NaN	NaN	NaN
	55172	16.387542768453997	0.03140739432898715	F	NaN	NaN	NaN
	55173	16.4062522616909	0.031005926739582287	F	NaN	NaN	NaN
	55174	16.424768338400963	0.030635291772395892	F	NaN	NaN	NaN
	55175	16.443214462426297	0.030185282122125137	F	NaN	NaN	NaN
	55176	16.461715638602794	0.02926170131176915	F	NaN	NaN	NaN
	55177	16.480395744487243	0.02813326341789284	F	NaN	NaN	NaN
	55178	16.499385503813347	0.026669241166872713	F	NaN	NaN	NaN
	55179	16.51851549871543	0.025038164747830178	F	NaN	NaN	NaN
	55180	16.53735785393668	0.023855771175797215	F	NaN	NaN	NaN
	55181	16.55586225510785	0.02373366809859542	F	NaN	NaN	NaN
	55182	16.573982981825637	0.0239997422950229	F	NaN	NaN	NaN
	55183	16.59181093174102	0.024076166923823843	F	NaN	NaN	NaN
	55184	16.609506468344215	0.02416961568963395	F	NaN	NaN	NaN
	55185	16.627067859431072	0.024420993495157823	F	NaN	NaN	NaN
	55186	16.644490411101856	0.024838025802235708	F	NaN	NaN	NaN
	55187	16.661779649941856	0.02519101685925511	F	NaN	NaN	NaN
	55188	16.6789303637947	0.02546475707908169	F	NaN	NaN	NaN
	55189	16.695940957104963	0.025818545033897418	F	NaN	NaN	NaN
	55190	16.71280983431723	0.026357574830898997	F	NaN	NaN	NaN
	55191	16.72953539987608	0.0265308792004907	F	NaN	NaN	NaN
	55192	16.74611605822609	0.026957757347043913	F	NaN	NaN	NaN
	55193	16.762550213811835	0.0273043175650749	F	NaN	NaN	NaN
	55194	16.778836271077907	0.02798048604217578	F	NaN	NaN	NaN
	55195	16.79497263446887	0.028687901019096903	F	NaN	NaN	NaN
	55196	16.81095770842931	0.02943209461013882	F	NaN	NaN	NaN
	55197	16.826789897403806	0.030413580141076327	F	NaN	NaN	NaN
	55198	16.842467605836937	0.03126729542987963	F	NaN	NaN	NaN
	55199	16.857989238173282	0.03235130219976658	F	NaN	NaN	NaN
	55200	16.87335319885742	0.033831225323016335	F	NaN	NaN	NaN
	55201	16.888557892333928	0.03552795300379902	F	NaN	NaN	NaN
	55202	16.903601723047384	0.03700014321461643	F	NaN	NaN	NaN
	55203	16.918483095442372	0.03905399635588713	F	NaN	NaN	NaN
	55204	16.933200413963473	0.04125859590645157	F	NaN	NaN	NaN
	55205	16.947752083055253	0.04367614218533665	F	NaN	NaN	NaN
	55206	16.962143753196074	0.046306380026547356	F	NaN	NaN	NaN
	55207	16.9763592938694	0.04899357316276397	F	NaN	NaN	NaN
	55208	16.990404483291712	0.051958150343861725	F	NaN	NaN	NaN

# FILTER r
#        MJD  MAG  MAGERR  Upperlimit  Instrument  Telescope  Source
	55120	15.034464650543654	0.027276059480616212	F	NaN	NaN	NaN
	55121	15.022043219541498	0.02293244475709584	F	NaN	NaN	NaN
	55122	15.01380933718052	0.019723705725030426	F	NaN	NaN	NaN
	55123	15.009738497364893	0.01793001838666196	F	NaN	NaN	NaN
	55124	15.00980717325064	0.017244018255328973	F	NaN	NaN	NaN
	55125	15.01397630823447	0.017651113619925614	F	NaN	NaN	NaN
	55126	15.022392684968981	0.01833866772553574	F	NaN	NaN	NaN
	55127	15.034985628087497	0.019349856767318208	F	NaN	NaN	NaN
	55128	15.051713205691817	0.02009020498909436	F	NaN	NaN	NaN
	55129	15.072613429641478	0.02078870485545052	F	NaN	NaN	NaN
	55130	15.098917146085602	0.021183527055275295	F	NaN	NaN	NaN
	55131	15.132522277215823	0.020935864144904365	F	NaN	NaN	NaN
	55132	15.1719938657527	0.020909813999934537	F	NaN	NaN	NaN
	55133	15.21587937951717	0.021730663635657073	F	NaN	NaN	NaN
	55134	15.262675049730701	0.023344390900991236	F	NaN	NaN	NaN
	55135	15.310929681744023	0.025043254944873923	F	NaN	NaN	NaN
	55136	15.35920387292553	0.026400783270769508	F	NaN	NaN	NaN
	55137	15.40599312954377	0.026991762901325763	F	NaN	NaN	NaN
	55138	15.452616044915276	0.026087511370988473	F	NaN	NaN	NaN
	55139	15.502822052865955	0.024371128186754444	F	NaN	NaN	NaN
	55140	15.553644008620365	0.023333272610859143	F	NaN	NaN	NaN
	55141	15.601836750444827	0.022854454452725412	F	NaN	NaN	NaN
	55142	15.6491523850771	0.02160164905976722	F	NaN	NaN	NaN
	55143	15.699171172639815	0.02118030568534334	F	NaN	NaN	NaN
	55144	15.749107192572284	0.022874703813223714	F	NaN	NaN	NaN
	55145	15.796122825347515	0.024318587729788083	F	NaN	NaN	NaN
	55146	15.84003624212011	0.024438383463853228	F	NaN	NaN	NaN
	55147	15.883056797199101	0.023288338090604675	F	NaN	NaN	NaN
	55148	15.924684736612711	0.022772278595811164	F	NaN	NaN	NaN
	55149	15.964399673299082	0.023342578146579078	F	NaN	NaN	NaN
	55150	16.001681220196357	0.023936136958683202	F	NaN	NaN	NaN
	55151	16.03607991019768	0.02353553290214428	F	NaN	NaN	NaN
	55152	16.068005848951035	0.02260419966569757	F	NaN	NaN	NaN
	55153	16.098536148366257	0.021875054601350714	F	NaN	NaN	NaN
	55154	16.12763853044853	0.01993450088315931	F	NaN	NaN	NaN
	55155	16.154717176604972	0.018015407745279263	F	NaN	NaN	NaN
	55156	16.180993675376918	0.01771217369864892	F	NaN	NaN	NaN
	55157	16.206257635831633	0.017702100425674105	F	NaN	NaN	NaN
	55158	16.229975695549495	0.018267511627353558	F	NaN	NaN	NaN
	55159	16.25192682252472	0.019085945600130653	F	NaN	NaN	NaN
	55160	16.272393650208148	0.02064137949378159	F	NaN	NaN	NaN
	55161	16.293352689351497	0.02151854079911616	F	NaN	NaN	NaN
	55162	16.313387153733206	0.022306411231164346	F	NaN	NaN	NaN
	55163	16.33254764827366	0.022820825943785185	F	NaN	NaN	NaN
	55164	16.350921183867495	0.023559881350458355	F	NaN	NaN	NaN
	55165	16.368594050032687	0.024336423361568812	F	NaN	NaN	NaN
	55166	16.3856591956519	0.025259318589129574	F	NaN	NaN	NaN
	55167	16.402198544529288	0.026252453492633342	F	NaN	NaN	NaN
	55168	16.418307838987143	0.02731983494707114	F	NaN	NaN	NaN
	55169	16.434067832425345	0.028512840439737935	F	NaN	NaN	NaN
	55170	16.449573445398304	0.02966629224801458	F	NaN	NaN	NaN
	55171	16.464908504782294	0.030548336025788464	F	NaN	NaN	NaN
	55172	16.480163632822325	0.031166861552540837	F	NaN	NaN	NaN
	55173	16.49542695925584	0.031448633525414625	F	NaN	NaN	NaN
	55174	16.510785083808816	0.0313947446206108	F	NaN	NaN	NaN
	55175	16.526329910953823	0.030544775880799173	F	NaN	NaN	NaN
	55176	16.542144513465622	0.02916308437622101	F	NaN	NaN	NaN
	55177	16.558006337371122	0.027193791714117094	F	NaN	NaN	NaN
	55178	16.57360894897056	0.025403324721197038	F	NaN	NaN	NaN
	55179	16.58905198079327	0.024088963916948494	F	NaN	NaN	NaN
	55180	16.6044413636478	0.023009920410867905	F	NaN	NaN	NaN
	55181	16.61988302820204	0.02304254758051337	F	NaN	NaN	NaN
	55182	16.63563326359174	0.0237148697834488	F	NaN	NaN	NaN
	55183	16.65179652947031	0.02407344344671211	F	NaN	NaN	NaN
	55184	16.668115351813967	0.024133201410884195	F	NaN	NaN	NaN
	55185	16.684331055669126	0.02403265613970193	F	NaN	NaN	NaN
	55186	16.700368811101512	0.024488164506072004	F	NaN	NaN	NaN
	55187	16.716372421121992	0.024735790882933827	F	NaN	NaN	NaN
	55188	16.73234279691556	0.024965341385428934	F	NaN	NaN	NaN
	55189	16.748280374782333	0.025227804752615032	F	NaN	NaN	NaN
	55190	16.764185591022418	0.025507961973945434	F	NaN	NaN	NaN
	55191	16.780058881935943	0.025816713873214284	F	NaN	NaN	NaN
	55192	16.795900683823014	0.026170019820040087	F	NaN	NaN	NaN
	55193	16.811707073275187	0.026593912884539994	F	NaN	NaN	NaN
	55194	16.827481969569476	0.027310040090134942	F	NaN	NaN	NaN
	55195	16.84322687415134	0.027780347023066972	F	NaN	NaN	NaN
	55196	16.858942223320902	0.028310124540334193	F	NaN	NaN	NaN
	55197	16.874628453378264	0.029064598149849297	F	NaN	NaN	NaN
	55198	16.89028600062355	0.030058982408090112	F	NaN	NaN	NaN
	55199	16.905915301356874	0.031336151658295223	F	NaN	NaN	NaN
	55200	16.921515944317342	0.03271475897726854	F	NaN	NaN	NaN
	55201	16.937085330255155	0.0342065075372992	F	NaN	NaN	NaN
	55202	16.95262796699503	0.035800583830218904	F	NaN	NaN	NaN
	55203	16.968144290837092	0.037726996813038295	F	NaN	NaN	NaN
	55204	16.983634738081445	0.03981008264168212	F	NaN	NaN	NaN
	55205	16.99909974502821	0.04203490662795625	F	NaN	NaN	NaN
	55206	17.014539747977505	0.04457819843313474	F	NaN	NaN	NaN
	55207	17.02995518322944	0.04745502122087984	F	NaN	NaN	NaN
	55208	17.04534421309399	0.05074871340632989	F	NaN	NaN	NaN