###################### HEADER ######################
# SNNAME:	SN2015ap
###################### HEADER ######################


# FILTER B
#        MJD  MAG  MAGERR  Upperlimit  Instrument  Telescope  Source
	57275	16.87009194185996	0.10644602661540005	F	NaN	NaN	NaN
	57276	16.54183339132431	0.07900195591253834	F	NaN	NaN	NaN
	57277	16.260282777618563	0.06244855978312068	F	NaN	NaN	NaN
	57278	16.026582129540937	0.057862043159502774	F	NaN	NaN	NaN
	57279	15.838343862991701	0.059970580017249836	F	NaN	NaN	NaN
	57280	15.695491984811287	0.061733385343082745	F	NaN	NaN	NaN
	57281	15.616314704970277	0.06264163644126106	F	NaN	NaN	NaN
	57282	15.573601495186725	0.06810903463093423	F	NaN	NaN	NaN
	57283	15.54471168230645	0.07046246527978806	F	NaN	NaN	NaN
	57284	15.54784391583665	0.07477882353855624	F	NaN	NaN	NaN
	57285	15.571466393954024	0.078931188903041	F	NaN	NaN	NaN
	57286	15.621684782779727	0.07103025206416413	F	NaN	NaN	NaN
	57287	15.700343923239283	0.06142775042068764	F	NaN	NaN	NaN
	57288	15.79311785950366	0.060758395239497734	F	NaN	NaN	NaN
	57289	15.888122690690507	0.05629956900237843	F	NaN	NaN	NaN
	57290	15.992148730677334	0.04973127793726475	F	NaN	NaN	NaN
	57291	16.105233455426184	0.05070123832286649	F	NaN	NaN	NaN
	57292	16.22569490216976	0.06090575263363508	F	NaN	NaN	NaN
	57293	16.349214487337008	0.0655931067268913	F	NaN	NaN	NaN
	57294	16.481789687806423	0.06575573620352221	F	NaN	NaN	NaN
	57295	16.614784155326294	0.06838446393582484	F	NaN	NaN	NaN
	57296	16.7387779404276	0.07107454357808383	F	NaN	NaN	NaN
	57297	16.849011873645008	0.06844080639812503	F	NaN	NaN	NaN
	57298	16.95379965664513	0.06444358933307981	F	NaN	NaN	NaN
	57299	17.052451620628574	0.060273556003279355	F	NaN	NaN	NaN
	57300	17.143927817693093	0.0659102793568491	F	NaN	NaN	NaN
	57301	17.228891494201978	0.08633355287972576	F	NaN	NaN	NaN
	57302	17.307221560431476	0.11906378059480882	F	NaN	NaN	NaN
	57303	17.380090568181753	0.15165262247288488	F	NaN	NaN	NaN
	57304	17.446320558189207	0.18110531961977624	F	NaN	NaN	NaN
	57305	17.507315090305013	0.20548032557813425	F	NaN	NaN	NaN
	57306	17.56306155553553	0.22418173191926208	F	NaN	NaN	NaN
	57307	17.613396929782702	0.23773690477613046	F	NaN	NaN	NaN
	57308	17.659326468556937	0.24896825731061523	F	NaN	NaN	NaN
	57309	17.700698515529655	0.25407399914152085	F	NaN	NaN	NaN
	57310	17.737809621176783	0.25566722219703886	F	NaN	NaN	NaN
	57311	17.77134451376968	0.25396895185851437	F	NaN	NaN	NaN
	57312	17.80109026674658	0.24889166283387293	F	NaN	NaN	NaN
	57313	17.827647450953865	0.2401814787801543	F	NaN	NaN	NaN
	57314	17.851458044525632	0.2296295309208221	F	NaN	NaN	NaN
	57315	17.872325627768692	0.21727492888310257	F	NaN	NaN	NaN
	57316	17.890999237696363	0.2041057139977066	F	NaN	NaN	NaN
	57317	17.90768254053418	0.18850536377105387	F	NaN	NaN	NaN
	57318	17.922499132121494	0.17292034647146753	F	NaN	NaN	NaN
	57319	17.93599769385159	0.15717118523015175	F	NaN	NaN	NaN
	57320	17.948237087577382	0.142759228033288	F	NaN	NaN	NaN
	57321	17.95969729710885	0.12895874703720614	F	NaN	NaN	NaN
	57322	17.970600110289393	0.11669993231911278	F	NaN	NaN	NaN
	57323	17.981257836176773	0.10593184253601662	F	NaN	NaN	NaN
	57324	17.991967391136594	0.09868110104531116	F	NaN	NaN	NaN
	57325	18.003058501934426	0.09323845354580469	F	NaN	NaN	NaN
	57326	18.01474597618116	0.0913776842776479	F	NaN	NaN	NaN
	57327	18.027478485260886	0.09111614692556264	F	NaN	NaN	NaN
	57328	18.041394770800164	0.09162443454036659	F	NaN	NaN	NaN
	57329	18.056896977035223	0.09292684969066657	F	NaN	NaN	NaN
	57330	18.074277942421585	0.09367278695986933	F	NaN	NaN	NaN
	57331	18.09270204842103	0.09321479440540695	F	NaN	NaN	NaN
	57332	18.11034527529562	0.09252082281831965	F	NaN	NaN	NaN
	57333	18.127037337561127	0.09150347770658893	F	NaN	NaN	NaN
	57334	18.142836495133988	0.09012738874152032	F	NaN	NaN	NaN
	57335	18.15781921494056	0.08846320633201347	F	NaN	NaN	NaN
	57336	18.17199132129113	0.08652747669617154	F	NaN	NaN	NaN
	57337	18.18550180987816	0.08442904350706568	F	NaN	NaN	NaN
	57338	18.198376838674925	0.0829218991612786	F	NaN	NaN	NaN
	57339	18.210679018738436	0.08048814099886163	F	NaN	NaN	NaN
	57340	18.222470961125712	0.07798996483643814	F	NaN	NaN	NaN
	57341	18.23381527689378	0.07558676742926926	F	NaN	NaN	NaN
	57342	18.244774577099662	0.07392426354453284	F	NaN	NaN	NaN
	57343	18.255411472800372	0.07224746296503054	F	NaN	NaN	NaN
	57344	18.265788575052937	0.07123610637060088	F	NaN	NaN	NaN
	57345	18.275968494914377	0.07081441061051552	F	NaN	NaN	NaN
	57346	18.286013843441708	0.07009328441736537	F	NaN	NaN	NaN
	57347	18.295987231691953	0.0692718017790305	F	NaN	NaN	NaN
	57348	18.305951270722137	0.06922958951673315	F	NaN	NaN	NaN
	57349	18.315968571589277	0.06950196176447065	F	NaN	NaN	NaN
	57350	18.326101745350392	0.06995584862932178	F	NaN	NaN	NaN
	57351	18.336413403062508	0.07026075112782432	F	NaN	NaN	NaN
	57352	18.346966155782642	0.07072739974952447	F	NaN	NaN	NaN
	57353	18.357822614567816	0.07114059040176451	F	NaN	NaN	NaN
	57354	18.369045390475044	0.0717176606956303	F	NaN	NaN	NaN
	57355	18.38069709456136	0.07223450986513164	F	NaN	NaN	NaN
	57356	18.39245696245667	0.07175606315283532	F	NaN	NaN	NaN
	57357	18.40376508931557	0.07099508788174386	F	NaN	NaN	NaN
	57358	18.414630703576616	0.06993953808748833	F	NaN	NaN	NaN
	57359	18.425150155118295	0.06873366761557793	F	NaN	NaN	NaN
	57360	18.435401144258748	0.06764975777140073	F	NaN	NaN	NaN
	57361	18.445473604030596	0.06630314745840835	F	NaN	NaN	NaN
	57362	18.455452350899805	0.06572447041944891	F	NaN	NaN	NaN
	57363	18.465422865471346	0.06507393696177419	F	NaN	NaN	NaN
	57364	18.47547048396221	0.06444076687899537	F	NaN	NaN	NaN
	57365	18.485680887231585	0.06380884341599703	F	NaN	NaN	NaN
	57366	18.496142852722766	0.063548902310389	F	NaN	NaN	NaN
	57367	18.506935892324403	0.06319869662867215	F	NaN	NaN	NaN
	57368	18.517847241129257	0.06264598778017028	F	NaN	NaN	NaN
	57369	18.528562842777838	0.0627504890289243	F	NaN	NaN	NaN
	57370	18.539101798193663	0.0629066708299124	F	NaN	NaN	NaN
	57371	18.54948465810762	0.06287953721948232	F	NaN	NaN	NaN
	57372	18.559729200824282	0.0627966808366342	F	NaN	NaN	NaN
	57373	18.569859408046753	0.0628164281592738	F	NaN	NaN	NaN
	57374	18.579893400695248	0.06258973154689287	F	NaN	NaN	NaN
	57375	18.58985966006351	0.06238568375466087	F	NaN	NaN	NaN
	57376	18.599769319431605	0.06221235215372897	F	NaN	NaN	NaN
	57377	18.609650333108295	0.06184566766603767	F	NaN	NaN	NaN
	57378	18.619520535038728	0.061538183774786204	F	NaN	NaN	NaN
	57379	18.629402521786087	0.06160504079568674	F	NaN	NaN	NaN
	57380	18.63931454472032	0.0614938896109199	F	NaN	NaN	NaN
	57381	18.649281578792717	0.06138413429257361	F	NaN	NaN	NaN
	57382	18.659322261822478	0.06126307458209325	F	NaN	NaN	NaN
	57383	18.669452856824016	0.06111972965627058	F	NaN	NaN	NaN
	57384	18.67970841871154	0.06093692710030961	F	NaN	NaN	NaN
	57385	18.690093924878116	0.06070841543707923	F	NaN	NaN	NaN
	57386	18.70060391962395	0.060252248502645836	F	NaN	NaN	NaN
	57387	18.711097738549768	0.05992839626159285	F	NaN	NaN	NaN
	57388	18.721548986129864	0.059849212060650886	F	NaN	NaN	NaN
	57389	18.73195809132505	0.059550501761372165	F	NaN	NaN	NaN
	57390	18.742327080163108	0.059263293125950134	F	NaN	NaN	NaN
	57391	18.7526611743046	0.05894979916278478	F	NaN	NaN	NaN
	57392	18.762961326782026	0.05853266060640197	F	NaN	NaN	NaN
	57393	18.773229439344476	0.05830221687265421	F	NaN	NaN	NaN
	57394	18.7834703338595	0.058105904846764145	F	NaN	NaN	NaN
	57395	18.793685415998485	0.0581288130861822	F	NaN	NaN	NaN
	57396	18.803876606097496	0.057600047026243655	F	NaN	NaN	NaN
	57397	18.81404825479823	0.05733454443094997	F	NaN	NaN	NaN
	57398	18.824200996841096	0.057311898460281126	F	NaN	NaN	NaN
	57399	18.83433999201721	0.057070306101120065	F	NaN	NaN	NaN
	57400	18.844466641967824	0.05709610381621799	F	NaN	NaN	NaN
	57401	18.85458336093019	0.05730454057225018	F	NaN	NaN	NaN
	57402	18.86469251391586	0.05739021928687583	F	NaN	NaN	NaN
	57403	18.874797474605288	0.0577003888107093	F	NaN	NaN	NaN
	57404	18.88490079541654	0.058364141342847356	F	NaN	NaN	NaN
	57405	18.89500502876768	0.05902201476960359	F	NaN	NaN	NaN
	57406	18.905112727076773	0.05980990330037597	F	NaN	NaN	NaN
	57407	18.915226442761885	0.06037858001555181	F	NaN	NaN	NaN
	57408	18.925348728241083	0.061366593323023105	F	NaN	NaN	NaN
	57409	18.935483438399828	0.06305410525291993	F	NaN	NaN	NaN
	57410	18.94563246128582	0.06464420211289407	F	NaN	NaN	NaN
	57411	18.95579820689515	0.06630715361908501	F	NaN	NaN	NaN
	57412	18.965983227645896	0.06819321876792635	F	NaN	NaN	NaN
	57413	18.97619007595611	0.07012434898104616	F	NaN	NaN	NaN
	57414	18.98642130424387	0.07224367589529533	F	NaN	NaN	NaN
	57415	18.996679464927226	0.07455375432037185	F	NaN	NaN	NaN
	57416	19.00698495568384	0.07706615207768854	F	NaN	NaN	NaN
	57417	19.0173464239435	0.08003953648449404	F	NaN	NaN	NaN
	57418	19.0277474133676	0.0826702788652496	F	NaN	NaN	NaN
	57419	19.038171470344228	0.08527423443064742	F	NaN	NaN	NaN
	57420	19.04860214126147	0.0886880645547424	F	NaN	NaN	NaN
	57421	19.05902297250742	0.09179176831020294	F	NaN	NaN	NaN
	57422	19.06941689711847	0.09505724306384851	F	NaN	NaN	NaN

# FILTER V
#        MJD  MAG  MAGERR  Upperlimit  Instrument  Telescope  Source
	57275	16.71848278794148	0.08007655162295366	F	NaN	NaN	NaN
	57276	16.374666302958854	0.05913939092108167	F	NaN	NaN	NaN
	57277	16.07587323640583	0.04239584136409003	F	NaN	NaN	NaN
	57278	15.820301057074643	0.032639457116884395	F	NaN	NaN	NaN
	57279	15.609907920393038	0.028132606880536613	F	NaN	NaN	NaN
	57280	15.445830650981954	0.02771643748675045	F	NaN	NaN	NaN
	57281	15.326719314071104	0.02940221985522516	F	NaN	NaN	NaN
	57282	15.279206373603053	0.03243756288295505	F	NaN	NaN	NaN
	57283	15.264858587596178	0.03869996279259964	F	NaN	NaN	NaN
	57284	15.242117668483766	0.04048165994380713	F	NaN	NaN	NaN
	57285	15.232383107925646	0.039352674514452284	F	NaN	NaN	NaN
	57286	15.236263098644654	0.034841240972632886	F	NaN	NaN	NaN
	57287	15.255370456777102	0.03551355317932392	F	NaN	NaN	NaN
	57288	15.28207469051643	0.03691659798268203	F	NaN	NaN	NaN
	57289	15.318034469232307	0.03885204735538361	F	NaN	NaN	NaN
	57290	15.363947468470073	0.03973826614672554	F	NaN	NaN	NaN
	57291	15.41946773310528	0.04175845866106096	F	NaN	NaN	NaN
	57292	15.48275776505771	0.04643666063269088	F	NaN	NaN	NaN
	57293	15.554330421083037	0.04842982480203231	F	NaN	NaN	NaN
	57294	15.63946114122502	0.05090236382989515	F	NaN	NaN	NaN
	57295	15.730414721219454	0.05770789789475539	F	NaN	NaN	NaN
	57296	15.818862533612107	0.0626849655556632	F	NaN	NaN	NaN
	57297	15.903736615868427	0.06107073992494856	F	NaN	NaN	NaN
	57298	15.987378824549838	0.05408854126755561	F	NaN	NaN	NaN
	57299	16.073823535001537	0.04293674833157579	F	NaN	NaN	NaN
	57300	16.15679174841122	0.03813648068453113	F	NaN	NaN	NaN
	57301	16.230119446295983	0.037845257326833456	F	NaN	NaN	NaN
	57302	16.299439462094895	0.0387010685643598	F	NaN	NaN	NaN
	57303	16.364430486044554	0.04076800762957084	F	NaN	NaN	NaN
	57304	16.426182013217307	0.04398061884764247	F	NaN	NaN	NaN
	57305	16.485071133880872	0.048119503872773584	F	NaN	NaN	NaN
	57306	16.541094104833466	0.05172490645898202	F	NaN	NaN	NaN
	57307	16.594361475708716	0.05411171716298345	F	NaN	NaN	NaN
	57308	16.64492384787394	0.055335252088073286	F	NaN	NaN	NaN
	57309	16.692731798025395	0.054852586557774835	F	NaN	NaN	NaN
	57310	16.736560331816595	0.052163222266036	F	NaN	NaN	NaN
	57311	16.776628303707003	0.048852615350421805	F	NaN	NaN	NaN
	57312	16.813808220261542	0.04688474103138281	F	NaN	NaN	NaN
	57313	16.848932817789525	0.04674996549088834	F	NaN	NaN	NaN
	57314	16.882834832600263	0.047586484629762636	F	NaN	NaN	NaN
	57315	16.91634700100307	0.049468972844993284	F	NaN	NaN	NaN
	57316	16.9503001153047	0.05090480205172021	F	NaN	NaN	NaN
	57317	16.984284829297255	0.05123104423983055	F	NaN	NaN	NaN
	57318	17.01614896205977	0.05125501429160191	F	NaN	NaN	NaN
	57319	17.046161558120012	0.05091107511961311	F	NaN	NaN	NaN
	57320	17.07411554791524	0.05020159272334761	F	NaN	NaN	NaN
	57321	17.100486729502013	0.0495557964986969	F	NaN	NaN	NaN
	57322	17.125270594914266	0.04872222033024911	F	NaN	NaN	NaN
	57323	17.148668986471694	0.04776255715242758	F	NaN	NaN	NaN
	57324	17.17090128297025	0.04706461318694535	F	NaN	NaN	NaN
	57325	17.191995508942462	0.04677294133520783	F	NaN	NaN	NaN
	57326	17.212273915283994	0.04683119123480737	F	NaN	NaN	NaN
	57327	17.23175347682773	0.047193808325103684	F	NaN	NaN	NaN
	57328	17.250699071667235	0.04750467827493626	F	NaN	NaN	NaN
	57329	17.269230070040905	0.048388498063635405	F	NaN	NaN	NaN
	57330	17.287511477822505	0.049575106307100686	F	NaN	NaN	NaN
	57331	17.305711329990256	0.051122856346399334	F	NaN	NaN	NaN
	57332	17.32398528592465	0.05308639344882648	F	NaN	NaN	NaN
	57333	17.342499605099466	0.05465746403759825	F	NaN	NaN	NaN
	57334	17.361419944910622	0.05586736169428335	F	NaN	NaN	NaN
	57335	17.380898546516075	0.056783289356995156	F	NaN	NaN	NaN
	57336	17.401072234028323	0.05761758877221853	F	NaN	NaN	NaN
	57337	17.421208933901365	0.05791616108625275	F	NaN	NaN	NaN
	57338	17.440805092872914	0.058241248601763745	F	NaN	NaN	NaN
	57339	17.459983830156446	0.05882669077470519	F	NaN	NaN	NaN
	57340	17.47880924257889	0.059051528726468364	F	NaN	NaN	NaN
	57341	17.497340352074772	0.05950641756761525	F	NaN	NaN	NaN
	57342	17.515682491552734	0.05999546690284513	F	NaN	NaN	NaN
	57343	17.533904197744143	0.06003952048871122	F	NaN	NaN	NaN
	57344	17.552082059150248	0.060364342649494064	F	NaN	NaN	NaN
	57345	17.570299402208533	0.06040443208634799	F	NaN	NaN	NaN
	57346	17.58862510003333	0.06089927334198059	F	NaN	NaN	NaN
	57347	17.607161398090692	0.061643178356684925	F	NaN	NaN	NaN
	57348	17.625925951684042	0.06196162442592666	F	NaN	NaN	NaN
	57349	17.644509168488998	0.06213447581604964	F	NaN	NaN	NaN
	57350	17.662703142156364	0.062302541921158486	F	NaN	NaN	NaN
	57351	17.68055696634343	0.06279732899777482	F	NaN	NaN	NaN
	57352	17.698140866933294	0.06429106334611331	F	NaN	NaN	NaN
	57353	17.715510796355456	0.06602888971351596	F	NaN	NaN	NaN
	57354	17.732719341337738	0.06810494023308909	F	NaN	NaN	NaN
	57355	17.749830325141318	0.07113292480194326	F	NaN	NaN	NaN
	57356	17.766900606549978	0.07456165566835596	F	NaN	NaN	NaN
	57357	17.783987735201332	0.0780912096199958	F	NaN	NaN	NaN
	57358	17.80115177913368	0.081208407118199	F	NaN	NaN	NaN
	57359	17.81844822946646	0.08392582503478385	F	NaN	NaN	NaN
	57360	17.835939414762375	0.08599031942650717	F	NaN	NaN	NaN
	57361	17.853680627959665	0.08717383557326663	F	NaN	NaN	NaN
	57362	17.87150882264123	0.08727532634150016	F	NaN	NaN	NaN
	57363	17.88916153467067	0.08725245586761479	F	NaN	NaN	NaN
	57364	17.906662963083686	0.08722953512756865	F	NaN	NaN	NaN
	57365	17.924037611570096	0.08684160083690473	F	NaN	NaN	NaN
	57366	17.941311043555803	0.08661814128485855	F	NaN	NaN	NaN
	57367	17.95851145384476	0.08699678777612524	F	NaN	NaN	NaN
	57368	17.97566409494846	0.08658033877961183	F	NaN	NaN	NaN
	57369	17.99279563064986	0.08683757976178243	F	NaN	NaN	NaN
	57370	18.00993261392043	0.08719117370330044	F	NaN	NaN	NaN
	57371	18.027100903481248	0.08756511878610684	F	NaN	NaN	NaN
	57372	18.04432831887831	0.0878580584498945	F	NaN	NaN	NaN
	57373	18.06164018048528	0.08796348450149659	F	NaN	NaN	NaN
	57374	18.079269777342112	0.08858000972137062	F	NaN	NaN	NaN
	57375	18.097426613087592	0.09013588014597718	F	NaN	NaN	NaN
	57376	18.115836291363017	0.09243544379254637	F	NaN	NaN	NaN
	57377	18.134231734852218	0.09748885071442348	F	NaN	NaN	NaN
	57378	18.152345857826585	0.10124111197128863	F	NaN	NaN	NaN
	57379	18.169920869093993	0.10351850310424825	F	NaN	NaN	NaN
	57380	18.1875965509464	0.10362399924929064	F	NaN	NaN	NaN
	57381	18.205839374327997	0.10306586240442299	F	NaN	NaN	NaN
	57382	18.224557879964177	0.10195450098035702	F	NaN	NaN	NaN
	57383	18.243660608580335	0.10040975630439453	F	NaN	NaN	NaN
	57384	18.26305610090186	0.09855649196334587	F	NaN	NaN	NaN
	57385	18.282652897654152	0.09683406558210646	F	NaN	NaN	NaN
	57386	18.302359983407737	0.09470727992706286	F	NaN	NaN	NaN
	57387	18.32208229881671	0.092478912846044	F	NaN	NaN	NaN
	57388	18.341733744724927	0.09039751141846504	F	NaN	NaN	NaN
	57389	18.36122211835897	0.08892641032703191	F	NaN	NaN	NaN
	57390	18.38044425185856	0.08719374677387208	F	NaN	NaN	NaN
	57391	18.399331405937303	0.08604503566975162	F	NaN	NaN	NaN
	57392	18.417780518291814	0.08532649681257905	F	NaN	NaN	NaN
	57393	18.435678355180997	0.084554723639741	F	NaN	NaN	NaN
	57394	18.452977102729253	0.08363410185968402	F	NaN	NaN	NaN
	57395	18.469565296701727	0.08311678296357768	F	NaN	NaN	NaN
	57396	18.485314722279497	0.08254874569137996	F	NaN	NaN	NaN
	57397	18.50020094859625	0.08187779214344557	F	NaN	NaN	NaN
	57398	18.514267668264377	0.0811357429518629	F	NaN	NaN	NaN
	57399	18.528133193043956	0.07998592708114388	F	NaN	NaN	NaN
	57400	18.541889387849363	0.0786731058099978	F	NaN	NaN	NaN
	57401	18.555483881957098	0.07715790632280173	F	NaN	NaN	NaN
	57402	18.568873109822277	0.07537725666227563	F	NaN	NaN	NaN
	57403	18.582015954544662	0.07418881762831579	F	NaN	NaN	NaN
	57404	18.594856230050006	0.07197544659682305	F	NaN	NaN	NaN
	57405	18.607349843157554	0.07007704810300942	F	NaN	NaN	NaN
	57406	18.619460019953678	0.06858800543747676	F	NaN	NaN	NaN
	57407	18.63113121351983	0.06684298937115277	F	NaN	NaN	NaN
	57408	18.642308095311094	0.06483206172284664	F	NaN	NaN	NaN
	57409	18.65295906499342	0.06287599682962414	F	NaN	NaN	NaN
	57410	18.663038942863675	0.06106055295289279	F	NaN	NaN	NaN
	57411	18.672502549218706	0.059048062341070254	F	NaN	NaN	NaN
	57412	18.681274953854317	0.05778947540373187	F	NaN	NaN	NaN
	57413	18.68933418983231	0.05647853163220827	F	NaN	NaN	NaN
	57414	18.696637787669275	0.055157962778040664	F	NaN	NaN	NaN
	57415	18.703140567662068	0.05425018779281147	F	NaN	NaN	NaN
	57416	18.709005910961118	0.05324510755141004	F	NaN	NaN	NaN
	57417	18.714456861604162	0.053396221571600344	F	NaN	NaN	NaN
	57418	18.719466159617646	0.05356340492871874	F	NaN	NaN	NaN
	57419	18.723985314753957	0.054026695241998504	F	NaN	NaN	NaN
	57420	18.727974805858164	0.05510648099165359	F	NaN	NaN	NaN
	57421	18.73140162423127	0.05676741269570566	F	NaN	NaN	NaN
	57422	18.734241401396375	0.059238758241519876	F	NaN	NaN	NaN
	57423	18.73649204792617	0.06265087068646187	F	NaN	NaN	NaN
	57424	18.738194433103533	0.06606970111221838	F	NaN	NaN	NaN
	57425	18.73935142108111	0.07023503279557032	F	NaN	NaN	NaN
	57426	18.739971619716737	0.07447603511419794	F	NaN	NaN	NaN
	57427	18.74005870412079	0.07941739450740576	F	NaN	NaN	NaN
	57428	18.739601062320958	0.08485456951894657	F	NaN	NaN	NaN
	57429	18.738633612662515	0.09103622978581964	F	NaN	NaN	NaN
	57430	18.737164963003302	0.09722476841731273	F	NaN	NaN	NaN
	57431	18.735203721201163	0.10372952682011054	F	NaN	NaN	NaN
	57432	18.73275849511394	0.11080840475231318	F	NaN	NaN	NaN
	57433	18.72981188044922	0.11827398225062957	F	NaN	NaN	NaN

# FILTER u
#        MJD  MAG  MAGERR  Upperlimit  Instrument  Telescope  Source
	57277	16.492061104967757	0.4380188297212463	F	NaN	NaN	NaN
	57278	16.388364194125817	0.3478125930116276	F	NaN	NaN	NaN
	57279	16.309736590401318	0.2929083016903248	F	NaN	NaN	NaN
	57280	16.25753177859949	0.2739508494552761	F	NaN	NaN	NaN
	57281	16.23375504312435	0.27811648793412047	F	NaN	NaN	NaN
	57282	16.234259721618685	0.29759571214831637	F	NaN	NaN	NaN
	57283	16.264264955967487	0.31263559879956215	F	NaN	NaN	NaN
	57284	16.336738465705828	0.31928667118858944	F	NaN	NaN	NaN
	57285	16.418621135460313	0.31656736440955624	F	NaN	NaN	NaN
	57286	16.518140244125238	0.2937848084763084	F	NaN	NaN	NaN
	57287	16.645071840769567	0.26414352877287495	F	NaN	NaN	NaN
	57288	16.77847666216967	0.24331308943413177	F	NaN	NaN	NaN
	57289	16.9007112173786	0.2202427469155494	F	NaN	NaN	NaN
	57290	17.028215138579437	0.18992332325848954	F	NaN	NaN	NaN
	57291	17.15439316896276	0.18741842798572983	F	NaN	NaN	NaN
	57292	17.27074454258152	0.18969249163349333	F	NaN	NaN	NaN
	57293	17.38847814552342	0.19763811798095662	F	NaN	NaN	NaN
	57294	17.508153500785184	0.20942779819320884	F	NaN	NaN	NaN
	57295	17.629638116799537	0.23077349655105772	F	NaN	NaN	NaN
	57296	17.75279158744639	0.26162925611439103	F	NaN	NaN	NaN
	57297	17.87747350660565	0.3034315521050201	F	NaN	NaN	NaN
	57298	18.003368118894596	0.35684705900482294	F	NaN	NaN	NaN
	57299	18.130090239572805	0.4241884545691064	F	NaN	NaN	NaN
	57300	18.258002925035054	0.5021305011840717	F	NaN	NaN	NaN

# FILTER g
#        MJD  MAG  MAGERR  Upperlimit  Instrument  Telescope  Source
	57275	16.800412286609898	0.1175135723234211	F	NaN	NaN	NaN
	57276	16.484915806779284	0.08829411686578183	F	NaN	NaN	NaN
	57277	16.212399262348857	0.06818099957312357	F	NaN	NaN	NaN
	57278	15.980810196439698	0.05781080116338436	F	NaN	NaN	NaN
	57279	15.787943007499182	0.05520388069770674	F	NaN	NaN	NaN
	57280	15.632664333097027	0.05645401129938129	F	NaN	NaN	NaN
	57281	15.526520128560902	0.059115076060390515	F	NaN	NaN	NaN
	57282	15.460546412257788	0.060257463664219746	F	NaN	NaN	NaN
	57283	15.420489126303238	0.06354379215275464	F	NaN	NaN	NaN
	57284	15.398425384088457	0.0634191425583922	F	NaN	NaN	NaN
	57285	15.399954900594635	0.06202090221321209	F	NaN	NaN	NaN
	57286	15.42542495067039	0.06076118880674993	F	NaN	NaN	NaN
	57287	15.47570515906063	0.062049845463048287	F	NaN	NaN	NaN
	57288	15.536071135515684	0.06040774989559351	F	NaN	NaN	NaN
	57289	15.622013421474847	0.06315975920297284	F	NaN	NaN	NaN
	57290	15.707261725071271	0.06994103869806531	F	NaN	NaN	NaN
	57291	15.795500556560162	0.07523182764492017	F	NaN	NaN	NaN
	57292	15.887274476939433	0.07589587184353391	F	NaN	NaN	NaN
	57293	15.994828896139222	0.07015394912904116	F	NaN	NaN	NaN
	57294	16.112196284425636	0.06310879206977439	F	NaN	NaN	NaN
	57295	16.232165536378925	0.058682031557423894	F	NaN	NaN	NaN
	57296	16.34745908691316	0.05969478498203772	F	NaN	NaN	NaN
	57297	16.450799370942438	0.061808585982675676	F	NaN	NaN	NaN
	57298	16.540325209755864	0.061966955567677395	F	NaN	NaN	NaN
	57299	16.625123179538402	0.06361457646686315	F	NaN	NaN	NaN
	57300	16.702077887116683	0.0637947980687138	F	NaN	NaN	NaN
	57301	16.773270006682846	0.062050254579277445	F	NaN	NaN	NaN
	57302	16.83843473287592	0.05796180019806103	F	NaN	NaN	NaN
	57303	16.899603887914935	0.053763296494497556	F	NaN	NaN	NaN
	57304	16.956683364864592	0.0494613367784426	F	NaN	NaN	NaN
	57305	17.00971200102054	0.044671831205977515	F	NaN	NaN	NaN
	57306	17.058954829362072	0.03959545819122001	F	NaN	NaN	NaN
	57307	17.10483847222643	0.0345924474320853	F	NaN	NaN	NaN
	57308	17.147701820900522	0.030386156658380157	F	NaN	NaN	NaN
	57309	17.187862069295683	0.027557038121582875	F	NaN	NaN	NaN
	57310	17.225674831378747	0.02680870929594429	F	NaN	NaN	NaN
	57311	17.26151160133189	0.027954385241001765	F	NaN	NaN	NaN
	57312	17.295650255755472	0.030645147951884825	F	NaN	NaN	NaN
	57313	17.328484399536933	0.034446186781148344	F	NaN	NaN	NaN
	57314	17.360356783083496	0.03821225346065912	F	NaN	NaN	NaN
	57315	17.39158348307022	0.04110773529803666	F	NaN	NaN	NaN
	57316	17.422531330260586	0.043708643259867744	F	NaN	NaN	NaN
	57317	17.45257069882028	0.04563646821228867	F	NaN	NaN	NaN
	57318	17.479967361466073	0.04749533009988441	F	NaN	NaN	NaN
	57319	17.50514439788681	0.04935856629566432	F	NaN	NaN	NaN
	57320	17.52793384398156	0.051683708528612766	F	NaN	NaN	NaN
	57321	17.54892184364314	0.05387258341839368	F	NaN	NaN	NaN
	57322	17.568200628252516	0.056395739510969364	F	NaN	NaN	NaN
	57323	17.58604436208394	0.05917969504501358	F	NaN	NaN	NaN
	57324	17.602779019976367	0.062129845806949836	F	NaN	NaN	NaN
	57325	17.618523258906638	0.06489087699997186	F	NaN	NaN	NaN
	57326	17.633666249606506	0.06723285295313099	F	NaN	NaN	NaN
	57327	17.64836983980868	0.06905979780716442	F	NaN	NaN	NaN
	57328	17.66293114207825	0.07055829953358987	F	NaN	NaN	NaN
	57329	17.677595410487495	0.07125839904736533	F	NaN	NaN	NaN
	57330	17.69261979525577	0.07116343240630241	F	NaN	NaN	NaN
	57331	17.707438911292186	0.07004096596545797	F	NaN	NaN	NaN
	57332	17.72059453098971	0.068526840123083	F	NaN	NaN	NaN
	57333	17.732277360341165	0.06706793728468632	F	NaN	NaN	NaN
	57334	17.742831757526385	0.06515091211206644	F	NaN	NaN	NaN
	57335	17.752610830656405	0.06454239780102236	F	NaN	NaN	NaN
	57336	17.76194500624346	0.06380047877165373	F	NaN	NaN	NaN
	57337	17.771189121101035	0.063839559437865	F	NaN	NaN	NaN
	57338	17.7806802010267	0.06396604672588088	F	NaN	NaN	NaN
	57339	17.790758979538527	0.06420310875714487	F	NaN	NaN	NaN
	57340	17.801788049572874	0.06426597537118833	F	NaN	NaN	NaN
	57341	17.814097540691094	0.06408083719166743	F	NaN	NaN	NaN
	57342	17.828028186411263	0.0638667126626315	F	NaN	NaN	NaN
	57343	17.8428624008759	0.06353142887159507	F	NaN	NaN	NaN
	57344	17.8571564915317	0.0628623412246988	F	NaN	NaN	NaN
	57345	17.870858964676554	0.06249089545559067	F	NaN	NaN	NaN
	57346	17.88407180573029	0.06156284517725777	F	NaN	NaN	NaN
	57347	17.896806100282525	0.06057542630231673	F	NaN	NaN	NaN
	57348	17.909176220464303	0.059620954012312405	F	NaN	NaN	NaN
	57349	17.9211869852481	0.059582536202198035	F	NaN	NaN	NaN
	57350	17.93295181060786	0.05890949218313314	F	NaN	NaN	NaN
	57351	17.94448479712758	0.05952831242867835	F	NaN	NaN	NaN
	57352	17.955882194395656	0.06070509298528397	F	NaN	NaN	NaN
	57353	17.967182713475253	0.062086791006934886	F	NaN	NaN	NaN
	57354	17.978457331475834	0.06423243669404227	F	NaN	NaN	NaN
	57355	17.989763911845422	0.06637651858176298	F	NaN	NaN	NaN
	57356	18.001156525716613	0.06892191769855896	F	NaN	NaN	NaN
	57357	18.01270322100985	0.07122583746601649	F	NaN	NaN	NaN
	57358	18.024466190472527	0.07293120952792448	F	NaN	NaN	NaN
	57359	18.036498819837718	0.07460388310788962	F	NaN	NaN	NaN
	57360	18.04886795511837	0.07590302375259826	F	NaN	NaN	NaN
	57361	18.061630883199683	0.07672607908919252	F	NaN	NaN	NaN
	57362	18.074862251416214	0.07656273499693601	F	NaN	NaN	NaN
	57363	18.08849923487549	0.07653924489201551	F	NaN	NaN	NaN
	57364	18.102324996456698	0.07688919967420561	F	NaN	NaN	NaN
	57365	18.11613614432919	0.07728419066869877	F	NaN	NaN	NaN
	57366	18.129720140068926	0.07779718694903123	F	NaN	NaN	NaN
	57367	18.142876060050362	0.07775073515820705	F	NaN	NaN	NaN
	57368	18.15588329889048	0.0777324088569401	F	NaN	NaN	NaN
	57369	18.169220658894773	0.07769451541745029	F	NaN	NaN	NaN
	57370	18.182817431031214	0.07757185601994736	F	NaN	NaN	NaN
	57371	18.196600893148908	0.07756426333990017	F	NaN	NaN	NaN
	57372	18.21049923422571	0.07727870589930279	F	NaN	NaN	NaN
	57373	18.22443587603159	0.07690398342008734	F	NaN	NaN	NaN
	57374	18.238338135957672	0.07695545155804476	F	NaN	NaN	NaN
	57375	18.252128743061306	0.0772403567277526	F	NaN	NaN	NaN
	57376	18.265738531113385	0.07735692424062565	F	NaN	NaN	NaN
	57377	18.279085873768082	0.07758534753443594	F	NaN	NaN	NaN
	57378	18.292105830384166	0.07769972498242692	F	NaN	NaN	NaN
	57379	18.304722737301848	0.07782484921176115	F	NaN	NaN	NaN
	57380	18.317186122452096	0.07666661330279044	F	NaN	NaN	NaN
	57381	18.32967387361906	0.0755636895545096	F	NaN	NaN	NaN
	57382	18.342165008355977	0.0746733434016484	F	NaN	NaN	NaN
	57383	18.35464071289505	0.0740031998339984	F	NaN	NaN	NaN
	57384	18.3670778723043	0.07245412204981083	F	NaN	NaN	NaN
	57385	18.379459963059627	0.07195753944707012	F	NaN	NaN	NaN
	57386	18.39176747276677	0.07161900732253648	F	NaN	NaN	NaN
	57387	18.40397209354499	0.07124476110170155	F	NaN	NaN	NaN
	57388	18.416063193445428	0.07147979574852853	F	NaN	NaN	NaN
	57389	18.428021994099858	0.07178655948092254	F	NaN	NaN	NaN
	57390	18.439812129373745	0.0731355605950016	F	NaN	NaN	NaN
	57391	18.451435552386375	0.07452380175204121	F	NaN	NaN	NaN
	57392	18.462856466556925	0.07562108415438559	F	NaN	NaN	NaN
	57393	18.47405939597725	0.0763003701297911	F	NaN	NaN	NaN
	57394	18.485024174772906	0.07724254402526515	F	NaN	NaN	NaN
	57395	18.49573063706947	0.0794307719898254	F	NaN	NaN	NaN
	57396	18.5061586169925	0.08072665795057979	F	NaN	NaN	NaN
	57397	18.51628794866756	0.08116089983115926	F	NaN	NaN	NaN
	57398	18.526184579748847	0.0804547152158734	F	NaN	NaN	NaN
	57399	18.53618590903972	0.07757514538164258	F	NaN	NaN	NaN
	57400	18.54626022242057	0.07375275896395524	F	NaN	NaN	NaN
	57401	18.556308795052367	0.07027322404306234	F	NaN	NaN	NaN
	57402	18.566231305310495	0.06709239810312752	F	NaN	NaN	NaN
	57403	18.575934218624106	0.06442615540425391	F	NaN	NaN	NaN
	57404	18.585309975939154	0.06320099771120694	F	NaN	NaN	NaN
	57405	18.594258735109683	0.0620628495816109	F	NaN	NaN	NaN
	57406	18.602695316301197	0.061781849516529964	F	NaN	NaN	NaN
	57407	18.6107687382478	0.061580535804360875	F	NaN	NaN	NaN
	57408	18.618741352088986	0.06145187283326152	F	NaN	NaN	NaN
	57409	18.626579258616033	0.061254413204363936	F	NaN	NaN	NaN
	57410	18.63423509813401	0.061170657349914205	F	NaN	NaN	NaN
	57411	18.64165954307589	0.06091020452035767	F	NaN	NaN	NaN
	57412	18.64881136414247	0.060633778408836825	F	NaN	NaN	NaN
	57413	18.655642713903365	0.060284336125620605	F	NaN	NaN	NaN
	57414	18.66220489646568	0.06005952318880306	F	NaN	NaN	NaN
	57415	18.668600250447245	0.05960677418878466	F	NaN	NaN	NaN
	57416	18.674817765153012	0.05870782499005951	F	NaN	NaN	NaN
	57417	18.680847637677505	0.05834012637260522	F	NaN	NaN	NaN
	57418	18.68668006511522	0.05776266375611622	F	NaN	NaN	NaN
	57419	18.692305244560693	0.0571502314402776	F	NaN	NaN	NaN
	57420	18.697713373108424	0.05649847999786907	F	NaN	NaN	NaN
	57421	18.70289464785293	0.05580148029883921	F	NaN	NaN	NaN
	57422	18.707839265888733	0.055052329956022855	F	NaN	NaN	NaN
	57423	18.712537424310337	0.05442531296672201	F	NaN	NaN	NaN
	57424	18.71698165560737	0.053365866456668104	F	NaN	NaN	NaN
	57425	18.721171908302953	0.05259193922218805	F	NaN	NaN	NaN
	57426	18.72516297175711	0.050887465045764954	F	NaN	NaN	NaN
	57427	18.72893894858972	0.05027736429140084	F	NaN	NaN	NaN
	57428	18.73249505338442	0.049711866194382726	F	NaN	NaN	NaN
	57429	18.73583715061243	0.048991344853900914	F	NaN	NaN	NaN
	57430	18.738964066769604	0.04795873413532068	F	NaN	NaN	NaN
	57431	18.7418746283518	0.047167487185732604	F	NaN	NaN	NaN
	57432	18.744567661854877	0.04656531109744087	F	NaN	NaN	NaN
	57433	18.747041993774687	0.046314684986318994	F	NaN	NaN	NaN
	57434	18.749296450607076	0.046204085280704556	F	NaN	NaN	NaN
	57435	18.751329858847914	0.046026760036900226	F	NaN	NaN	NaN
	57436	18.753141044993047	0.046248480224920875	F	NaN	NaN	NaN
	57437	18.754728835538334	0.04724351874222077	F	NaN	NaN	NaN
	57438	18.75609205697963	0.04846940586763555	F	NaN	NaN	NaN
	57439	18.757229535812787	0.049997049694265605	F	NaN	NaN	NaN
	57440	18.758140098533662	0.051626946237259885	F	NaN	NaN	NaN
	57441	18.758822571638117	0.05373573163627242	F	NaN	NaN	NaN
	57442	18.759275781621994	0.056300742952301704	F	NaN	NaN	NaN
	57443	18.75949855498116	0.0590515487799518	F	NaN	NaN	NaN
	57444	18.759493649370125	0.062347321527721614	F	NaN	NaN	NaN

# FILTER r
#        MJD  MAG  MAGERR  Upperlimit  Instrument  Telescope  Source
	57275	16.689299662327706	0.08196075402189193	F	NaN	NaN	NaN
	57276	16.3920352492567	0.060245056397074406	F	NaN	NaN	NaN
	57277	16.13389538955409	0.047264521351158974	F	NaN	NaN	NaN
	57278	15.91498148222791	0.041264346965229536	F	NaN	NaN	NaN
	57279	15.734320830699927	0.040093578004705546	F	NaN	NaN	NaN
	57280	15.586981738858897	0.040188044735944374	F	NaN	NaN	NaN
	57281	15.46841638423381	0.040587943213828664	F	NaN	NaN	NaN
	57282	15.373847279381051	0.040906629833596456	F	NaN	NaN	NaN
	57283	15.304273216728161	0.03767834587894252	F	NaN	NaN	NaN
	57284	15.25637690198235	0.03506811180614984	F	NaN	NaN	NaN
	57285	15.233434191929568	0.033465387973345084	F	NaN	NaN	NaN
	57286	15.222908788967267	0.03608971538948873	F	NaN	NaN	NaN
	57287	15.223302307970984	0.03621048461598808	F	NaN	NaN	NaN
	57288	15.235540493989872	0.03457442167669618	F	NaN	NaN	NaN
	57289	15.264871127666112	0.030360721338620254	F	NaN	NaN	NaN
	57290	15.299867963644687	0.030228550016327415	F	NaN	NaN	NaN
	57291	15.337824784302978	0.030917251370582582	F	NaN	NaN	NaN
	57292	15.382937981104924	0.034002127443758065	F	NaN	NaN	NaN
	57293	15.435423944097767	0.03457611196579909	F	NaN	NaN	NaN
	57294	15.499179328596485	0.0340257958105917	F	NaN	NaN	NaN
	57295	15.570225016444228	0.03516603629198892	F	NaN	NaN	NaN
	57296	15.644039259536873	0.038434927922486026	F	NaN	NaN	NaN
	57297	15.716100309770324	0.040124818244428206	F	NaN	NaN	NaN
	57298	15.785843086669784	0.03723286281878972	F	NaN	NaN	NaN
	57299	15.857808975566456	0.0334993827498727	F	NaN	NaN	NaN
	57300	15.925045825182416	0.030335363520647484	F	NaN	NaN	NaN
	57301	15.990612293782572	0.03028588141868607	F	NaN	NaN	NaN
	57302	16.0540542663612	0.031595083245315465	F	NaN	NaN	NaN
	57303	16.115817875409903	0.034373935354492964	F	NaN	NaN	NaN
	57304	16.175397339472084	0.037683311860614487	F	NaN	NaN	NaN
	57305	16.232953230818467	0.041342419613478634	F	NaN	NaN	NaN
	57306	16.288531521556994	0.04392342281120836	F	NaN	NaN	NaN
	57307	16.34226259357766	0.046129893755516405	F	NaN	NaN	NaN
	57308	16.394232855286347	0.048489655605519176	F	NaN	NaN	NaN
	57309	16.444514053240486	0.050963311606631714	F	NaN	NaN	NaN
	57310	16.49320031589183	0.053405240883207916	F	NaN	NaN	NaN
	57311	16.54040309123622	0.056161577004712415	F	NaN	NaN	NaN
	57312	16.586156032945876	0.059429797238049115	F	NaN	NaN	NaN
	57313	16.630586603731047	0.0627957032670238	F	NaN	NaN	NaN
	57314	16.673792289789564	0.0653819390839541	F	NaN	NaN	NaN
	57315	16.715814989432243	0.06774000013631146	F	NaN	NaN	NaN
	57316	16.756778329429384	0.06890605187477326	F	NaN	NaN	NaN
	57317	16.79634356766029	0.06930437732231579	F	NaN	NaN	NaN
	57318	16.83373088206666	0.06847058922071805	F	NaN	NaN	NaN
	57319	16.86929027619394	0.0673081443222771	F	NaN	NaN	NaN
	57320	16.902830206926986	0.0656986332452589	F	NaN	NaN	NaN
	57321	16.934795661072624	0.06364475778329762	F	NaN	NaN	NaN
	57322	16.965205576668676	0.06158977316264568	F	NaN	NaN	NaN
	57323	16.994239433535377	0.059292264038599884	F	NaN	NaN	NaN
	57324	17.022132078121423	0.05709404259744591	F	NaN	NaN	NaN
	57325	17.048896680411907	0.05490745904239569	F	NaN	NaN	NaN
	57326	17.07485934891012	0.05305619816009141	F	NaN	NaN	NaN
	57327	17.100042488531916	0.051634628397825635	F	NaN	NaN	NaN
	57328	17.12469813064402	0.05109247951207445	F	NaN	NaN	NaN
	57329	17.148951944725084	0.051080712913052564	F	NaN	NaN	NaN
	57330	17.172962903153792	0.05202066078649681	F	NaN	NaN	NaN
	57331	17.19689934528085	0.05307550177229692	F	NaN	NaN	NaN
	57332	17.220915344799565	0.05451679052756407	F	NaN	NaN	NaN
	57333	17.245176003828952	0.055656278781296434	F	NaN	NaN	NaN
	57334	17.26984444447709	0.05718916396493921	F	NaN	NaN	NaN
	57335	17.295072380418297	0.05833941564901138	F	NaN	NaN	NaN
	57336	17.321002199239597	0.05880775544717817	F	NaN	NaN	NaN
	57337	17.346770254594826	0.05930573400148082	F	NaN	NaN	NaN
	57338	17.37192866561136	0.05941911145761107	F	NaN	NaN	NaN
	57339	17.396643318683	0.059520054270037814	F	NaN	NaN	NaN
	57340	17.421078058949547	0.05971179162948736	F	NaN	NaN	NaN
	57341	17.4454062937895	0.05993622423619324	F	NaN	NaN	NaN
	57342	17.46979390959664	0.060040667676809406	F	NaN	NaN	NaN
	57343	17.49427376263004	0.05978769181227267	F	NaN	NaN	NaN
	57344	17.518698807984354	0.05912206824931185	F	NaN	NaN	NaN
	57345	17.54303147261747	0.05796604998198551	F	NaN	NaN	NaN
	57346	17.567256627614057	0.05678325521670914	F	NaN	NaN	NaN
	57347	17.59133496659203	0.055503114854144095	F	NaN	NaN	NaN
	57348	17.615262964703682	0.05396569062020878	F	NaN	NaN	NaN
	57349	17.638987215865782	0.052397291490784564	F	NaN	NaN	NaN
	57350	17.66251955362219	0.05113852424697295	F	NaN	NaN	NaN
	57351	17.685791191750813	0.05002889693962658	F	NaN	NaN	NaN
	57352	17.708824231622057	0.049157039331333044	F	NaN	NaN	NaN
	57353	17.7315498655592	0.048545810729072325	F	NaN	NaN	NaN
	57354	17.75398384538455	0.04814504936861681	F	NaN	NaN	NaN
	57355	17.776066208603005	0.04804769390836382	F	NaN	NaN	NaN
	57356	17.797810540238515	0.0479750047891382	F	NaN	NaN	NaN
	57357	17.819159650696314	0.0478482852108126	F	NaN	NaN	NaN
	57358	17.840092779907234	0.047574631195594824	F	NaN	NaN	NaN
	57359	17.86059783274417	0.046851943749394415	F	NaN	NaN	NaN
	57360	17.880640342604785	0.04588749440039204	F	NaN	NaN	NaN
	57361	17.900200173997675	0.044756002513277444	F	NaN	NaN	NaN
	57362	17.919280223744423	0.043542820919912614	F	NaN	NaN	NaN
	57363	17.937904523353073	0.042404192362639676	F	NaN	NaN	NaN
	57364	17.956111006372705	0.041546439962238724	F	NaN	NaN	NaN
	57365	17.973920283501414	0.04132659706865049	F	NaN	NaN	NaN
	57366	17.991350691633027	0.04135778097248066	F	NaN	NaN	NaN
	57367	18.008435198574286	0.04232629655419057	F	NaN	NaN	NaN
	57368	18.02519380720986	0.044479296673638494	F	NaN	NaN	NaN
	57369	18.041647933983562	0.047222402066094626	F	NaN	NaN	NaN
	57370	18.057827199235724	0.050013874039439465	F	NaN	NaN	NaN
	57371	18.0737553647172	0.05353808368348191	F	NaN	NaN	NaN
	57372	18.08945192859911	0.05605146254786407	F	NaN	NaN	NaN
	57373	18.104944799515767	0.058698278321896544	F	NaN	NaN	NaN
	57374	18.118959250480888	0.06298098877793769	F	NaN	NaN	NaN
	57375	18.130016935747932	0.06827426750464491	F	NaN	NaN	NaN
	57376	18.139466011751882	0.07506698810960122	F	NaN	NaN	NaN
	57377	18.14862919597541	0.08287981677615462	F	NaN	NaN	NaN
	57378	18.15884879719901	0.08869515487019325	F	NaN	NaN	NaN
	57379	18.17145588666315	0.09165657023015518	F	NaN	NaN	NaN
	57380	18.18496818731403	0.09106036719948364	F	NaN	NaN	NaN
	57381	18.197979617106366	0.0881390834101369	F	NaN	NaN	NaN
	57382	18.210602621428507	0.08517317675154233	F	NaN	NaN	NaN
	57383	18.222949645668812	0.08156231122992663	F	NaN	NaN	NaN
	57384	18.23513313521564	0.07843224732668053	F	NaN	NaN	NaN
	57385	18.247265535457352	0.07574430423964018	F	NaN	NaN	NaN
	57386	18.259457501624855	0.07418346850285154	F	NaN	NaN	NaN
	57387	18.271825184835	0.07381375410386991	F	NaN	NaN	NaN
	57388	18.284478722719275	0.07362387563083922	F	NaN	NaN	NaN
	57389	18.297529313949372	0.07426707048596798	F	NaN	NaN	NaN
	57390	18.311088984295278	0.07585696307777666	F	NaN	NaN	NaN
	57391	18.325307370016926	0.07592897161205048	F	NaN	NaN	NaN
	57392	18.340649545765224	0.07460823088132267	F	NaN	NaN	NaN
	57393	18.357205595630052	0.0728242139602551	F	NaN	NaN	NaN
	57394	18.374786181605106	0.07096565046714973	F	NaN	NaN	NaN
	57395	18.393201965684064	0.06877586877182346	F	NaN	NaN	NaN
	57396	18.412263609860613	0.06602623518096468	F	NaN	NaN	NaN
	57397	18.431781776128442	0.06327775031203202	F	NaN	NaN	NaN
	57398	18.451567174763316	0.06135034663737136	F	NaN	NaN	NaN
	57399	18.47142926086578	0.05962796294842089	F	NaN	NaN	NaN
	57400	18.4911833817295	0.059030915186918595	F	NaN	NaN	NaN
	57401	18.510631274774088	0.05825292122699109	F	NaN	NaN	NaN
	57402	18.529586617587206	0.058195449399694635	F	NaN	NaN	NaN
	57403	18.54787603095052	0.05855519728945895	F	NaN	NaN	NaN
	57404	18.56528625108371	0.05901042526278455	F	NaN	NaN	NaN
	57405	18.5816281779286	0.05966958916027491	F	NaN	NaN	NaN
	57406	18.596746211112617	0.059908111944227765	F	NaN	NaN	NaN
	57407	18.61105503259305	0.06006578702053077	F	NaN	NaN	NaN
	57408	18.625051328400076	0.05925367417072851	F	NaN	NaN	NaN
	57409	18.638392100701257	0.05818992623649401	F	NaN	NaN	NaN
	57410	18.650696256620083	0.05759254817581576	F	NaN	NaN	NaN
	57411	18.66156721855609	0.05608601450952134	F	NaN	NaN	NaN
	57412	18.670660067412253	0.053940288124462596	F	NaN	NaN	NaN
	57413	18.678628774096424	0.05242093083569578	F	NaN	NaN	NaN
	57414	18.685978929919074	0.050455034598579654	F	NaN	NaN	NaN
	57415	18.691721029673104	0.04802875116497472	F	NaN	NaN	NaN
	57416	18.6956196764818	0.04478631870027751	F	NaN	NaN	NaN
	57417	18.69844936639654	0.04215773999571535	F	NaN	NaN	NaN
	57418	18.70048359565381	0.04003115527847522	F	NaN	NaN	NaN
	57419	18.70201303922788	0.038540620992592395	F	NaN	NaN	NaN
	57420	18.70332132735523	0.03871767526551846	F	NaN	NaN	NaN
	57421	18.704691691336574	0.039242833610027866	F	NaN	NaN	NaN
	57422	18.706413641218656	0.04060857227053084	F	NaN	NaN	NaN
	57423	18.708771916903736	0.041350616403487195	F	NaN	NaN	NaN
	57424	18.711213705220267	0.04214795792235207	F	NaN	NaN	NaN
	57425	18.713471421401486	0.042872413166685226	F	NaN	NaN	NaN
	57426	18.715346187276918	0.04358033005981535	F	NaN	NaN	NaN
	57427	18.716812915412994	0.044284309198811635	F	NaN	NaN	NaN
	57428	18.717883406281132	0.04505726320662638	F	NaN	NaN	NaN
	57429	18.71858807350578	0.046127649737164496	F	NaN	NaN	NaN
	57430	18.71894401912043	0.047081012114085136	F	NaN	NaN	NaN
	57431	18.718968345158558	0.0484066635862679	F	NaN	NaN	NaN
	57432	18.71867815365366	0.04966447837254599	F	NaN	NaN	NaN
	57433	18.718090546639207	0.05161591920801055	F	NaN	NaN	NaN
	57434	18.717222626148683	0.05344386446754919	F	NaN	NaN	NaN
	57435	18.716091494215576	0.05557499018978923	F	NaN	NaN	NaN
	57436	18.714714252873367	0.057708401740129756	F	NaN	NaN	NaN
	57437	18.71310800415554	0.06018492794515684	F	NaN	NaN	NaN
	57438	18.71128985009558	0.06309943564165145	F	NaN	NaN	NaN
	57439	18.709276892726965	0.06652644981297932	F	NaN	NaN	NaN
	57440	18.707086234083185	0.07053727918965114	F	NaN	NaN	NaN
	57441	18.70473497619772	0.07548586339128978	F	NaN	NaN	NaN
	57442	18.70224022110406	0.08070665092679327	F	NaN	NaN	NaN
	57443	18.699619070835674	0.08614092894298232	F	NaN	NaN	NaN
	57444	18.696890259226738	0.0917267524921249	F	NaN	NaN	NaN

# FILTER i
#        MJD  MAG  MAGERR  Upperlimit  Instrument  Telescope  Source
	57275	16.870663085663224	0.0915287297230906	F	NaN	NaN	NaN
	57276	16.515875898614823	0.05714903403791262	F	NaN	NaN	NaN
	57277	16.215378005829738	0.04435542221389592	F	NaN	NaN	NaN
	57278	15.971628436909066	0.04340618479471007	F	NaN	NaN	NaN
	57279	15.778089694263569	0.04580300820688815	F	NaN	NaN	NaN
	57280	15.620314715719175	0.04513600120120985	F	NaN	NaN	NaN
	57281	15.500177800413525	0.03881613516310693	F	NaN	NaN	NaN
	57282	15.408480183741839	0.041044198616612196	F	NaN	NaN	NaN
	57283	15.343384909396754	0.04288129986297322	F	NaN	NaN	NaN
	57284	15.292398292896102	0.04333862404305344	F	NaN	NaN	NaN
	57285	15.254119800205617	0.0415474426197246	F	NaN	NaN	NaN
	57286	15.226230874369643	0.04548983294905831	F	NaN	NaN	NaN
	57287	15.208114821506536	0.04351190454361607	F	NaN	NaN	NaN
	57288	15.200936030470247	0.04224782973962334	F	NaN	NaN	NaN
	57289	15.200107807548978	0.04001876717972858	F	NaN	NaN	NaN
	57290	15.207892418005935	0.03973992330639403	F	NaN	NaN	NaN
	57291	15.220461936787064	0.03626728824880479	F	NaN	NaN	NaN
	57292	15.241753948408407	0.04227616447537636	F	NaN	NaN	NaN
	57293	15.272842873831017	0.04454920910630365	F	NaN	NaN	NaN
	57294	15.315084072665927	0.04259708636618795	F	NaN	NaN	NaN
	57295	15.366050395623699	0.04122251955857926	F	NaN	NaN	NaN
	57296	15.423056932852013	0.041074748443586225	F	NaN	NaN	NaN
	57297	15.483418774498565	0.04277989494810733	F	NaN	NaN	NaN
	57298	15.544463238386133	0.042585265990180914	F	NaN	NaN	NaN
	57299	15.60654072346325	0.036644353338227194	F	NaN	NaN	NaN
	57300	15.67311795977364	0.03368003789369595	F	NaN	NaN	NaN
	57301	15.7346160420487	0.03425880289073463	F	NaN	NaN	NaN
	57302	15.79336537293254	0.03664373987377225	F	NaN	NaN	NaN
	57303	15.84989688017176	0.039526497323758146	F	NaN	NaN	NaN
	57304	15.9058468214781	0.04420071742155049	F	NaN	NaN	NaN
	57305	15.961348753104659	0.04933129812912396	F	NaN	NaN	NaN
	57306	16.016082704728923	0.054392312587693926	F	NaN	NaN	NaN
	57307	16.069761485662607	0.058513828668006876	F	NaN	NaN	NaN
	57308	16.122087604407582	0.06085687009557163	F	NaN	NaN	NaN
	57309	16.172787941164877	0.06203723448837587	F	NaN	NaN	NaN
	57310	16.222187952194997	0.062042807291759004	F	NaN	NaN	NaN
	57311	16.270485516665875	0.06207829579669057	F	NaN	NaN	NaN
	57312	16.317631524501078	0.061857658610207894	F	NaN	NaN	NaN
	57313	16.363649513150325	0.06070521636030824	F	NaN	NaN	NaN
	57314	16.408544218090753	0.06018826118127066	F	NaN	NaN	NaN
	57315	16.452263999664005	0.05961586850014251	F	NaN	NaN	NaN
	57316	16.494836434928928	0.05933057021578815	F	NaN	NaN	NaN
	57317	16.536243322112117	0.0585891468775972	F	NaN	NaN	NaN
	57318	16.576439421708503	0.05823247041133747	F	NaN	NaN	NaN
	57319	16.61556350071788	0.057825965897807405	F	NaN	NaN	NaN
	57320	16.653391024917596	0.05838467275030289	F	NaN	NaN	NaN
	57321	16.69010344797285	0.05902851110165855	F	NaN	NaN	NaN
	57322	16.725591672432326	0.0602784579130576	F	NaN	NaN	NaN
	57323	16.759863343945213	0.06138523371902671	F	NaN	NaN	NaN
	57324	16.792985351857276	0.06216852768757056	F	NaN	NaN	NaN
	57325	16.82478717623957	0.06294745583546088	F	NaN	NaN	NaN
	57326	16.855471910193778	0.06385731885172609	F	NaN	NaN	NaN
	57327	16.884818932460508	0.0638179677308528	F	NaN	NaN	NaN
	57328	16.91299155023655	0.0643436458485563	F	NaN	NaN	NaN
	57329	16.939902600212612	0.06385909178504227	F	NaN	NaN	NaN
	57330	16.96553400622225	0.062252997106881855	F	NaN	NaN	NaN
	57331	16.98996601136797	0.06031437954497701	F	NaN	NaN	NaN
	57332	17.0130588237254	0.0584573300291953	F	NaN	NaN	NaN
	57333	17.034976733108117	0.056597803792949625	F	NaN	NaN	NaN
	57334	17.055831406123716	0.055318599981600804	F	NaN	NaN	NaN
	57335	17.075748856154846	0.054094247702346054	F	NaN	NaN	NaN
	57336	17.09481756178725	0.053536982651144115	F	NaN	NaN	NaN
	57337	17.113175171269557	0.053864151251068346	F	NaN	NaN	NaN
	57338	17.130926338167587	0.05476497895020162	F	NaN	NaN	NaN
	57339	17.14818307968297	0.05602697871221672	F	NaN	NaN	NaN
	57340	17.16505264997829	0.05808325795941978	F	NaN	NaN	NaN
	57341	17.181655529562157	0.06064896245962986	F	NaN	NaN	NaN
	57342	17.198103735636206	0.06396507679500309	F	NaN	NaN	NaN
	57343	17.214207011829334	0.06741659758383395	F	NaN	NaN	NaN
	57344	17.22969406588231	0.07174371465079599	F	NaN	NaN	NaN
	57345	17.24464151754762	0.07720189398743643	F	NaN	NaN	NaN
	57346	17.259221634805925	0.08214135254442398	F	NaN	NaN	NaN
	57347	17.273549255546815	0.0868211005439051	F	NaN	NaN	NaN
	57348	17.287783267972184	0.0914339642842875	F	NaN	NaN	NaN
	57349	17.302066279397987	0.09637463807710693	F	NaN	NaN	NaN
	57350	17.316516730475794	0.10119508396456724	F	NaN	NaN	NaN
	57351	17.33132864267222	0.10603622725454656	F	NaN	NaN	NaN
	57352	17.346571755491816	0.1101308884453388	F	NaN	NaN	NaN
	57353	17.362472398940586	0.11365061276785615	F	NaN	NaN	NaN
	57354	17.379083395111305	0.11643692251525645	F	NaN	NaN	NaN
	57355	17.39663360177416	0.11780213054472863	F	NaN	NaN	NaN
	57356	17.415003099836436	0.11909317935603297	F	NaN	NaN	NaN
	57357	17.434008860996297	0.11810774642111055	F	NaN	NaN	NaN
	57358	17.453559882677872	0.11654402628446654	F	NaN	NaN	NaN
	57359	17.473590191074194	0.11518053094272052	F	NaN	NaN	NaN
	57360	17.494059958658465	0.11233241167434267	F	NaN	NaN	NaN
	57361	17.514914235768128	0.11074279546739002	F	NaN	NaN	NaN
	57362	17.536112854941937	0.11132590895951784	F	NaN	NaN	NaN
	57363	17.557578637275913	0.11197579594332996	F	NaN	NaN	NaN
	57364	17.579285716833155	0.11411757049876653	F	NaN	NaN	NaN
	57365	17.601177087561325	0.1146686136954403	F	NaN	NaN	NaN
	57366	17.623196223184017	0.11753894625480209	F	NaN	NaN	NaN
	57367	17.64530182807092	0.12023799228526014	F	NaN	NaN	NaN
	57368	17.667437882790637	0.12324400305080914	F	NaN	NaN	NaN
	57369	17.689556985048938	0.12625843015216393	F	NaN	NaN	NaN
	57370	17.7116054387808	0.12934282440015024	F	NaN	NaN	NaN
	57371	17.733532790838957	0.13072121116818833	F	NaN	NaN	NaN
	57372	17.755298473079744	0.13131175804562314	F	NaN	NaN	NaN
	57373	17.776834099171875	0.13055577610074715	F	NaN	NaN	NaN
	57374	17.798267875004278	0.12819038753809803	F	NaN	NaN	NaN
	57375	17.81982988534072	0.12484518994276414	F	NaN	NaN	NaN
	57376	17.8415415614609	0.12047583175619828	F	NaN	NaN	NaN
	57377	17.863419774236558	0.11632081113935913	F	NaN	NaN	NaN
	57378	17.885470771495893	0.11203823156551282	F	NaN	NaN	NaN
	57379	17.90771216242227	0.10638324089385484	F	NaN	NaN	NaN
	57380	17.93015048291141	0.10174452262102418	F	NaN	NaN	NaN
	57381	17.9527991534337	0.09649416147241183	F	NaN	NaN	NaN
	57382	17.97566979234052	0.09228282212545866	F	NaN	NaN	NaN
	57383	17.998774017983266	0.08794204169435851	F	NaN	NaN	NaN
	57384	18.022123448713334	0.08444842243189077	F	NaN	NaN	NaN
	57385	18.045729702882113	0.08078476805753335	F	NaN	NaN	NaN
	57386	18.069326277654724	0.07991314317823077	F	NaN	NaN	NaN
	57387	18.09153697501501	0.07905704541929284	F	NaN	NaN	NaN
	57388	18.112628705765232	0.07882577506871581	F	NaN	NaN	NaN
	57389	18.133152839794302	0.07915864248398298	F	NaN	NaN	NaN
	57390	18.15366147528127	0.08011098463103401	F	NaN	NaN	NaN
	57391	18.174694879914437	0.08178309957761293	F	NaN	NaN	NaN
	57392	18.195962951082382	0.08325097503253824	F	NaN	NaN	NaN
	57393	18.21711998000468	0.08416961934670189	F	NaN	NaN	NaN
	57394	18.238090125128146	0.084973143374176	F	NaN	NaN	NaN
	57395	18.258797544899604	0.0853463170233423	F	NaN	NaN	NaN
	57396	18.27916639776587	0.08587160635401576	F	NaN	NaN	NaN
	57397	18.299120842173764	0.08634091941524535	F	NaN	NaN	NaN
	57398	18.31858236339743	0.08693009567813473	F	NaN	NaN	NaN
	57399	18.337476906090924	0.08769486793243986	F	NaN	NaN	NaN
	57400	18.355742302217873	0.08891888588424787	F	NaN	NaN	NaN
	57401	18.373275452261236	0.0905362757867307	F	NaN	NaN	NaN
	57402	18.39001356415994	0.0915854970380362	F	NaN	NaN	NaN
	57403	18.40589903040065	0.09285600531415827	F	NaN	NaN	NaN
	57404	18.42082711878917	0.09281768016544581	F	NaN	NaN	NaN
	57405	18.434725172188006	0.0930452494541122	F	NaN	NaN	NaN
	57406	18.44754708083741	0.09266994717107116	F	NaN	NaN	NaN
	57407	18.45889607439247	0.09131614870439966	F	NaN	NaN	NaN
	57408	18.46853335626776	0.08841744212780402	F	NaN	NaN	NaN
	57409	18.476691607520532	0.0848340962134143	F	NaN	NaN	NaN
	57410	18.48361084600551	0.08056290942631276	F	NaN	NaN	NaN
	57411	18.489531089577415	0.07591619438567634	F	NaN	NaN	NaN
	57412	18.494692356090972	0.07149052537104666	F	NaN	NaN	NaN
	57413	18.49933097366151	0.06702874900793493	F	NaN	NaN	NaN
	57414	18.503697580109236	0.06286853090040087	F	NaN	NaN	NaN
	57415	18.508031360149364	0.059903034874912796	F	NaN	NaN	NaN
	57416	18.51257812493303	0.05767789558792971	F	NaN	NaN	NaN
	57417	18.517570038718908	0.05621601763273892	F	NaN	NaN	NaN
	57418	18.523251910459145	0.055207843743808716	F	NaN	NaN	NaN
	57419	18.529876562493715	0.054487074041072656	F	NaN	NaN	NaN
	57420	18.537644639462407	0.053869898294349544	F	NaN	NaN	NaN
	57421	18.54680542633319	0.05292532920488968	F	NaN	NaN	NaN
	57422	18.5563958369044	0.05238448996358559	F	NaN	NaN	NaN
	57423	18.565927800693455	0.05182792560096722	F	NaN	NaN	NaN
	57424	18.57540182292439	0.051824049838705	F	NaN	NaN	NaN
	57425	18.58481511962011	0.051462318151069136	F	NaN	NaN	NaN
	57426	18.594174824048014	0.05164232446003665	F	NaN	NaN	NaN
	57427	18.60347809900117	0.052429800255031245	F	NaN	NaN	NaN
	57428	18.6127254497917	0.054314626422336365	F	NaN	NaN	NaN
	57429	18.621917381731713	0.05600335671751992	F	NaN	NaN	NaN
	57430	18.631054400133326	0.05827199822974767	F	NaN	NaN	NaN
	57431	18.640137010308663	0.06130888575113508	F	NaN	NaN	NaN
	57432	18.64916571756983	0.06472983480820135	F	NaN	NaN	NaN
	57433	18.65814102722895	0.068879978066299	F	NaN	NaN	NaN
	57434	18.667063444598135	0.07360562337944443	F	NaN	NaN	NaN
	57435	18.67593347498951	0.07884559683900602	F	NaN	NaN	NaN
	57436	18.68475162371518	0.08434362724554494	F	NaN	NaN	NaN
	57437	18.69351839608727	0.09058196496027211	F	NaN	NaN	NaN
	57438	18.7022342974179	0.0970824236293657	F	NaN	NaN	NaN
	57439	18.71089983301917	0.10337474104655345	F	NaN	NaN	NaN
	57440	18.719515508203212	0.11063589234276752	F	NaN	NaN	NaN
	57441	18.728081828282143	0.11840433302140588	F	NaN	NaN	NaN
	57442	18.736599298568066	0.12659989461301882	F	NaN	NaN	NaN
	57443	18.74506842437311	0.13521139612600847	F	NaN	NaN	NaN
	57444	18.75348971100938	0.14422909682662455	F	NaN	NaN	NaN