###################### HEADER ######################
# SNNAME:	SN2007C
###################### HEADER ######################


# FILTER R
#        MJD  MAG  MAGERR  Upperlimit  Instrument  Telescope  Source
	54112	15.665209524246972	0.059083298664501974	F	NaN	NaN	NaN
	54113	15.613160938335545	0.0453618065620743	F	NaN	NaN	NaN
	54114	15.570785773193194	0.034880306951002235	F	NaN	NaN	NaN
	54115	15.538253467189236	0.02774948841831088	F	NaN	NaN	NaN
	54116	15.51545913420868	0.024959695412735454	F	NaN	NaN	NaN
	54117	15.502415907932576	0.024502923395172644	F	NaN	NaN	NaN
	54118	15.498791812084601	0.02543823851105916	F	NaN	NaN	NaN
	54119	15.504881536984797	0.02710481503833563	F	NaN	NaN	NaN
	54120	15.521867549939836	0.02870197887543175	F	NaN	NaN	NaN
	54121	15.548923945105134	0.030402016484111366	F	NaN	NaN	NaN
	54122	15.584912572043516	0.03164896225378682	F	NaN	NaN	NaN
	54123	15.628695280317805	0.031020030695322817	F	NaN	NaN	NaN
	54124	15.683221634752837	0.02945910224713154	F	NaN	NaN	NaN
	54125	15.74676739277774	0.027578963612695212	F	NaN	NaN	NaN
	54126	15.820421868921105	0.028800123390310496	F	NaN	NaN	NaN
	54127	15.884340707030487	0.0312528664053117	F	NaN	NaN	NaN
	54128	15.945873873621851	0.03377697054492392	F	NaN	NaN	NaN
	54129	16.007150687185085	0.03546711834063871	F	NaN	NaN	NaN
	54130	16.066368183906416	0.0362012324592078	F	NaN	NaN	NaN
	54131	16.127229964810976	0.03757597703889199	F	NaN	NaN	NaN
	54132	16.188664738372534	0.04083400934904741	F	NaN	NaN	NaN
	54133	16.24859372002534	0.04422913864851958	F	NaN	NaN	NaN
	54134	16.304938125203634	0.047422600453629185	F	NaN	NaN	NaN
	54135	16.355193183303992	0.04790884044383162	F	NaN	NaN	NaN
	54136	16.40045023375937	0.05016035877324082	F	NaN	NaN	NaN
	54137	16.44862012993942	0.05135743510283795	F	NaN	NaN	NaN
	54138	16.497798224581903	0.04986920708563193	F	NaN	NaN	NaN
	54139	16.547002741744446	0.04755918113485834	F	NaN	NaN	NaN
	54140	16.595763980669304	0.04433249070566165	F	NaN	NaN	NaN
	54141	16.643612240598728	0.041411752793083956	F	NaN	NaN	NaN
	54142	16.690077820774977	0.03908071370141346	F	NaN	NaN	NaN
	54143	16.73469102044031	0.03794125204069497	F	NaN	NaN	NaN
	54144	16.776982138836985	0.03764229504699167	F	NaN	NaN	NaN
	54145	16.816481475207247	0.03736581135247428	F	NaN	NaN	NaN
	54146	16.852719328793366	0.03684970679289958	F	NaN	NaN	NaN
	54147	16.885900764271078	0.034995764355119044	F	NaN	NaN	NaN
	54148	16.91719948812842	0.03358160955566182	F	NaN	NaN	NaN
	54149	16.945885081221064	0.03290791866785192	F	NaN	NaN	NaN
	54150	16.97206808723396	0.033022009807224625	F	NaN	NaN	NaN
	54151	16.99591637401895	0.03515072204540349	F	NaN	NaN	NaN
	54152	17.01748997689473	0.03865563367895138	F	NaN	NaN	NaN
	54153	17.036788936200924	0.04419556155313975	F	NaN	NaN	NaN
	54154	17.053817841402736	0.051246590080784665	F	NaN	NaN	NaN
	54155	17.068573605129124	0.06021473648194271	F	NaN	NaN	NaN
	54156	17.081043075649827	0.07152402774466203	F	NaN	NaN	NaN

# FILTER V
#        MJD  MAG  MAGERR  Upperlimit  Instrument  Telescope  Source
	54112	16.119608003959186	0.0890021092874243	F	NaN	NaN	NaN
	54113	16.09847173426068	0.05191189741450646	F	NaN	NaN	NaN
	54114	16.086548204096992	0.02395094413566136	F	NaN	NaN	NaN
	54115	16.08428568511471	0.03064314731961297	F	NaN	NaN	NaN
	54116	16.091877730094172	0.056257308758493205	F	NaN	NaN	NaN
	54117	16.108769423899417	0.0791361291983051	F	NaN	NaN	NaN
	54118	16.13440651379547	0.10015292917858402	F	NaN	NaN	NaN
	54119	16.169358611163084	0.11905066751927079	F	NaN	NaN	NaN
	54120	16.215527672630138	0.13058739126417956	F	NaN	NaN	NaN
	54121	16.270966307689967	0.13759754425819515	F	NaN	NaN	NaN
	54122	16.333461111119462	0.143940571409256	F	NaN	NaN	NaN
	54123	16.40301843934137	0.1504897825083542	F	NaN	NaN	NaN
	54124	16.488737941324885	0.14473036737405676	F	NaN	NaN	NaN
	54125	16.57932316894795	0.13889752360724872	F	NaN	NaN	NaN
	54126	16.665535708008907	0.1431405149722531	F	NaN	NaN	NaN
	54127	16.757903342796986	0.14329816879064605	F	NaN	NaN	NaN
	54128	16.847287806560526	0.15003353667783442	F	NaN	NaN	NaN
	54129	16.926644999785164	0.16977219406737998	F	NaN	NaN	NaN
	54130	17.00630438412446	0.1828255226840319	F	NaN	NaN	NaN
	54131	17.08360520049265	0.19047453152670726	F	NaN	NaN	NaN
	54132	17.156276748033054	0.19776490302393313	F	NaN	NaN	NaN
	54133	17.229179062703643	0.20972247698108348	F	NaN	NaN	NaN
	54134	17.300853846424435	0.22384096880503151	F	NaN	NaN	NaN
	54135	17.369105565249626	0.23734476279369437	F	NaN	NaN	NaN
	54136	17.43174005897352	0.2474259731322695	F	NaN	NaN	NaN
	54137	17.487020091229745	0.252403895009864	F	NaN	NaN	NaN
	54138	17.53642875234409	0.25664636662661544	F	NaN	NaN	NaN
	54139	17.580911330363442	0.26085658885767427	F	NaN	NaN	NaN
	54140	17.621188593181554	0.26477784809778565	F	NaN	NaN	NaN
	54141	17.657981308692193	0.26834453658704327	F	NaN	NaN	NaN
	54142	17.692022030607994	0.2708842198555454	F	NaN	NaN	NaN
	54143	17.724002715688076	0.2722456513945404	F	NaN	NaN	NaN
	54144	17.754661219229234	0.27224517413200816	F	NaN	NaN	NaN
	54145	17.784722095551896	0.27044577774346795	F	NaN	NaN	NaN
	54146	17.814903203438305	0.2664124146178911	F	NaN	NaN	NaN
	54147	17.845927950056886	0.26008484515634145	F	NaN	NaN	NaN
	54148	17.877197207793756	0.24852552825787322	F	NaN	NaN	NaN
	54149	17.905745517122348	0.22674153859923835	F	NaN	NaN	NaN
	54150	17.932344481583318	0.19967219148618276	F	NaN	NaN	NaN
	54151	17.9580113431592	0.172395522902765	F	NaN	NaN	NaN
	54152	17.98376370354946	0.14994422599550467	F	NaN	NaN	NaN
	54153	18.01036551444761	0.13481625240973216	F	NaN	NaN	NaN
	54154	18.037065847349904	0.11804845189336349	F	NaN	NaN	NaN
	54155	18.06319000607001	0.10162094371545417	F	NaN	NaN	NaN
	54156	18.088149767277567	0.08870176596618917	F	NaN	NaN	NaN
	54157	18.111485588531675	0.08138211391009255	F	NaN	NaN	NaN
	54158	18.133577249481508	0.07722452550265677	F	NaN	NaN	NaN
	54159	18.154919591325527	0.07457853230076289	F	NaN	NaN	NaN
	54160	18.17597302592934	0.07228193598373553	F	NaN	NaN	NaN
	54161	18.19675684402568	0.07000768823157438	F	NaN	NaN	NaN
	54162	18.216462088881663	0.07100301442481827	F	NaN	NaN	NaN
	54163	18.236128453443722	0.07150806876503578	F	NaN	NaN	NaN
	54164	18.25635000512104	0.06969691234475363	F	NaN	NaN	NaN
	54165	18.276183827187847	0.0687079147367507	F	NaN	NaN	NaN
	54166	18.295627465624566	0.06847876804905398	F	NaN	NaN	NaN
	54167	18.314748461412407	0.069037938663091	F	NaN	NaN	NaN
	54168	18.333614355532593	0.06986518701374632	F	NaN	NaN	NaN
	54169	18.352293313514508	0.07082917866968944	F	NaN	NaN	NaN
	54170	18.370851119237443	0.07163144678306196	F	NaN	NaN	NaN
	54171	18.389356880816923	0.07212841261882763	F	NaN	NaN	NaN
	54172	18.40787837229719	0.07195753947096356	F	NaN	NaN	NaN
	54173	18.42643523165202	0.0711391127752891	F	NaN	NaN	NaN
	54174	18.444890000724595	0.0702811680449231	F	NaN	NaN	NaN
	54175	18.46323663136016	0.06926298018976794	F	NaN	NaN	NaN
	54176	18.481487417074444	0.06824676620768326	F	NaN	NaN	NaN
	54177	18.499654651383175	0.0672185709515574	F	NaN	NaN	NaN
	54178	18.51775062780208	0.06610999654273755	F	NaN	NaN	NaN
	54179	18.535787639846887	0.06494801822553656	F	NaN	NaN	NaN
	54180	18.553777814089592	0.063690772640843	F	NaN	NaN	NaN
	54181	18.571733801233965	0.06244884298638749	F	NaN	NaN	NaN
	54182	18.589667751537764	0.06120243388883396	F	NaN	NaN	NaN
	54183	18.60759199595118	0.05976713249419362	F	NaN	NaN	NaN
	54184	18.625518936384307	0.0584101248702414	F	NaN	NaN	NaN
	54185	18.643460868303315	0.056828684496707665	F	NaN	NaN	NaN
	54186	18.661430009646477	0.05526611822492823	F	NaN	NaN	NaN
	54187	18.679439062417295	0.05369702919908125	F	NaN	NaN	NaN
	54188	18.697499995677173	0.05208604373156098	F	NaN	NaN	NaN
	54189	18.715627025904617	0.0504143093981004	F	NaN	NaN	NaN
	54190	18.73382839403985	0.04880469920938518	F	NaN	NaN	NaN
	54191	18.752118927710576	0.0472350609020156	F	NaN	NaN	NaN
	54192	18.770513056489992	0.045539972990694434	F	NaN	NaN	NaN
	54193	18.789019915639592	0.043874033420903395	F	NaN	NaN	NaN
	54194	18.80765148407659	0.042378515927856006	F	NaN	NaN	NaN
	54195	18.826419740718226	0.04092593091116326	F	NaN	NaN	NaN
	54196	18.845343071492504	0.03965898291359091	F	NaN	NaN	NaN
	54197	18.86442895549341	0.03874337949046534	F	NaN	NaN	NaN
	54198	18.8836280484073	0.0380891017449023	F	NaN	NaN	NaN
	54199	18.9028152199027	0.03784684055230933	F	NaN	NaN	NaN
	54200	18.92197841031937	0.037988949983759776	F	NaN	NaN	NaN
	54201	18.941117294334948	0.038442811420097686	F	NaN	NaN	NaN
	54202	18.9602312688519	0.03914199019707265	F	NaN	NaN	NaN
	54203	18.97931973077268	0.04002501072861283	F	NaN	NaN	NaN
	54204	18.998382076999757	0.040908300030174136	F	NaN	NaN	NaN
	54205	19.01741743687206	0.04200677646294134	F	NaN	NaN	NaN
	54206	19.036425349565132	0.04315262748705227	F	NaN	NaN	NaN
	54207	19.055405224695317	0.044316035956699446	F	NaN	NaN	NaN
	54208	19.074356452865665	0.045474098522546004	F	NaN	NaN	NaN
	54209	19.09327853716986	0.046609891407816975	F	NaN	NaN	NaN
	54210	19.1121658371189	0.04764820392679935	F	NaN	NaN	NaN
	54211	19.131027106128418	0.04867033864833403	F	NaN	NaN	NaN
	54212	19.149857990781808	0.04961746932466648	F	NaN	NaN	NaN
	54213	19.168657926761497	0.050398267917731894	F	NaN	NaN	NaN
	54214	19.187426349749913	0.05109578493978315	F	NaN	NaN	NaN
	54215	19.206160726731042	0.05194604292563014	F	NaN	NaN	NaN
	54216	19.22485847048054	0.05275141279640906	F	NaN	NaN	NaN
	54217	19.243522765974713	0.05366800107062226	F	NaN	NaN	NaN
	54218	19.262153048895975	0.054555269546935514	F	NaN	NaN	NaN
	54219	19.28074875492675	0.055337025938317005	F	NaN	NaN	NaN
	54220	19.29930931974947	0.05604277354480032	F	NaN	NaN	NaN
	54221	19.31783417904655	0.05674800882312805	F	NaN	NaN	NaN
	54222	19.336322768500413	0.05746648377824007	F	NaN	NaN	NaN
	54223	19.354769992764254	0.058276748136009554	F	NaN	NaN	NaN
	54224	19.373177499724974	0.058984333794909416	F	NaN	NaN	NaN
	54225	19.39154680157843	0.059704933842998825	F	NaN	NaN	NaN
	54226	19.409877334007042	0.06052558839866427	F	NaN	NaN	NaN
	54227	19.42816853269323	0.06140468564597246	F	NaN	NaN	NaN
	54228	19.44641983331942	0.062338040972505275	F	NaN	NaN	NaN
	54229	19.46463067156803	0.06346231214884657	F	NaN	NaN	NaN
	54230	19.48280030640431	0.06489151689578794	F	NaN	NaN	NaN
	54231	19.500921029852027	0.06623023536138448	F	NaN	NaN	NaN
	54232	19.51899935565812	0.06747516588639287	F	NaN	NaN	NaN
	54233	19.53704172208165	0.06867169183086433	F	NaN	NaN	NaN
	54234	19.555033949792183	0.07008619700689378	F	NaN	NaN	NaN
	54235	19.572978046560927	0.0719329133258769	F	NaN	NaN	NaN
	54236	19.590866749939476	0.07365705394621268	F	NaN	NaN	NaN
	54237	19.608701555565943	0.07586460863669396	F	NaN	NaN	NaN
	54238	19.62648428151578	0.07804834864769945	F	NaN	NaN	NaN
	54239	19.64421651459898	0.08068267364457224	F	NaN	NaN	NaN
	54240	19.661899814049377	0.08356500474093526	F	NaN	NaN	NaN
	54241	19.679536402278668	0.08670269114852122	F	NaN	NaN	NaN
	54242	19.69712768158966	0.09010427429553475	F	NaN	NaN	NaN
	54243	19.714675327203807	0.09405285201971365	F	NaN	NaN	NaN
	54244	19.732180506356684	0.09772410234681894	F	NaN	NaN	NaN
	54245	19.749646412794856	0.1020719912386385	F	NaN	NaN	NaN
	54246	19.767074044293725	0.10662712493252591	F	NaN	NaN	NaN
	54247	19.784465137046396	0.11160356307487113	F	NaN	NaN	NaN
	54248	19.801821427245986	0.1167231999899562	F	NaN	NaN	NaN
	54249	19.81914465108559	0.12194462466217906	F	NaN	NaN	NaN
	54250	19.836436544758325	0.12740128825050548	F	NaN	NaN	NaN
	54251	19.85369884445729	0.1325956004482997	F	NaN	NaN	NaN
	54252	19.870933286375607	0.13896027099096397	F	NaN	NaN	NaN
	54253	19.88814160670636	0.1456062469310045	F	NaN	NaN	NaN

# FILTER B
#        MJD  MAG  MAGERR  Upperlimit  Instrument  Telescope  Source
	54114	17.23116298693923	0.07082891855299199	F	NaN	NaN	NaN
	54115	17.257449195717193	0.037711559551896257	F	NaN	NaN	NaN
	54116	17.296552395074706	0.04579171284155617	F	NaN	NaN	NaN
	54117	17.347262519480523	0.07233615748368415	F	NaN	NaN	NaN
	54118	17.408869219788578	0.09645312627230421	F	NaN	NaN	NaN
	54119	17.481919597014713	0.11234584579605132	F	NaN	NaN	NaN
	54120	17.568332578703746	0.12094328340085501	F	NaN	NaN	NaN
	54121	17.666282149110707	0.1234591038401654	F	NaN	NaN	NaN
	54122	17.773664793814834	0.12194462451952975	F	NaN	NaN	NaN
	54123	17.89045849128807	0.1203411383644831	F	NaN	NaN	NaN
	54124	18.026103395180556	0.13458571791634627	F	NaN	NaN	NaN
	54125	18.17220213639933	0.15563193675221182	F	NaN	NaN	NaN
	54126	18.317041418382026	0.16983695370522917	F	NaN	NaN	NaN
	54127	18.448826270932887	0.16328146026131435	F	NaN	NaN	NaN
	54128	18.56793850300939	0.13820168366078178	F	NaN	NaN	NaN
	54129	18.67719631051147	0.10555540004693978	F	NaN	NaN	NaN
	54130	18.775998564938376	0.0878746540306252	F	NaN	NaN	NaN
	54131	18.86889613136913	0.08633520926458349	F	NaN	NaN	NaN
	54132	18.955121736006095	0.09134043672884162	F	NaN	NaN	NaN
	54133	19.033877302224518	0.09417619497285862	F	NaN	NaN	NaN
	54134	19.10396525976634	0.08922185618943174	F	NaN	NaN	NaN
	54135	19.1650458994482	0.08492710620636769	F	NaN	NaN	NaN
	54136	19.217682793060607	0.0828053147396828	F	NaN	NaN	NaN
	54137	19.263521224797305	0.08224453692032344	F	NaN	NaN	NaN
	54138	19.303456405805466	0.08398180695041285	F	NaN	NaN	NaN
	54139	19.33899023933814	0.0874788547929501	F	NaN	NaN	NaN
	54140	19.371155413605447	0.0919679244196211	F	NaN	NaN	NaN
	54141	19.401322258675247	0.09589353610367511	F	NaN	NaN	NaN
	54142	19.430642399822172	0.09902094954700454	F	NaN	NaN	NaN
	54143	19.460374569275977	0.1003706558265122	F	NaN	NaN	NaN
	54144	19.48995154849689	0.09959166540562374	F	NaN	NaN	NaN
	54145	19.515084484550094	0.0973399702158077	F	NaN	NaN	NaN
	54146	19.535908387417642	0.09359326895406542	F	NaN	NaN	NaN
	54147	19.5530657917688	0.08895477805691776	F	NaN	NaN	NaN
	54148	19.567224587042492	0.08530575469427425	F	NaN	NaN	NaN
	54149	19.579169477698528	0.082065400698022	F	NaN	NaN	NaN
	54150	19.58958119226058	0.08005747099155251	F	NaN	NaN	NaN
	54151	19.599140459252318	0.07910676755379403	F	NaN	NaN	NaN
	54152	19.60853625410179	0.07802013580934805	F	NaN	NaN	NaN
	54153	19.61846442906666	0.07554775106273678	F	NaN	NaN	NaN
	54154	19.628581552666414	0.07235713631311712	F	NaN	NaN	NaN
	54155	19.636443102396058	0.06636868268458124	F	NaN	NaN	NaN
	54156	19.642610108789956	0.05993106390269447	F	NaN	NaN	NaN
	54157	19.647897302019604	0.05525200085123684	F	NaN	NaN	NaN
	54158	19.653119412256505	0.05440658991564465	F	NaN	NaN	NaN
	54159	19.65908074480297	0.05570559193561048	F	NaN	NaN	NaN
	54160	19.66508999886973	0.05840030383135375	F	NaN	NaN	NaN
	54161	19.67303215857263	0.0601019229517253	F	NaN	NaN	NaN
	54162	19.68386360044871	0.06205372538006041	F	NaN	NaN	NaN
	54163	19.69439349405946	0.06646246824229482	F	NaN	NaN	NaN
	54164	19.70409475511084	0.070615896534545	F	NaN	NaN	NaN
	54165	19.71625430265981	0.07722046442763185	F	NaN	NaN	NaN
	54166	19.72985605492359	0.09168318199549184	F	NaN	NaN	NaN
	54167	19.7435557539519	0.10868309430487405	F	NaN	NaN	NaN
	54168	19.75602279607271	0.12568126736285146	F	NaN	NaN	NaN
	54169	19.765932013261917	0.1372240763261209	F	NaN	NaN	NaN
	54170	19.772422509413953	0.14002263557573216	F	NaN	NaN	NaN
	54171	19.776827513866287	0.13858925664690788	F	NaN	NaN	NaN
	54172	19.779734587764054	0.13463648686428834	F	NaN	NaN	NaN
	54173	19.781558102122066	0.1291101310078508	F	NaN	NaN	NaN
	54174	19.782738981511432	0.12265200280429892	F	NaN	NaN	NaN
	54175	19.783692846880495	0.11639493965469867	F	NaN	NaN	NaN
	54176	19.784842200686818	0.11076007638485366	F	NaN	NaN	NaN
	54177	19.786609545387968	0.1054614900137959	F	NaN	NaN	NaN
	54178	19.789417383441506	0.10106683644078965	F	NaN	NaN	NaN
	54179	19.793688217304993	0.09659201473823634	F	NaN	NaN	NaN
	54180	19.799647602212872	0.09122229902163284	F	NaN	NaN	NaN
	54181	19.806904040706314	0.08688421323689617	F	NaN	NaN	NaN
	54182	19.815247327448866	0.08391667846404882	F	NaN	NaN	NaN
	54183	19.824492350066446	0.0826888033709372	F	NaN	NaN	NaN
	54184	19.834430745278826	0.08137904684238942	F	NaN	NaN	NaN
	54185	19.844879512084066	0.08127966779601661	F	NaN	NaN	NaN
	54186	19.855645456624927	0.08116068049302216	F	NaN	NaN	NaN
	54187	19.86653645276167	0.08154904512678679	F	NaN	NaN	NaN
	54188	19.87735911606132	0.08134490706348206	F	NaN	NaN	NaN
	54189	19.88811255151427	0.08062532544242601	F	NaN	NaN	NaN
	54190	19.89916699090156	0.0800368245972869	F	NaN	NaN	NaN
	54191	19.910556233557344	0.07901937589676122	F	NaN	NaN	NaN
	54192	19.92228352125562	0.07781933368725726	F	NaN	NaN	NaN
	54193	19.93433448587717	0.07814974993618978	F	NaN	NaN	NaN
	54194	19.946705791791278	0.07875986013864479	F	NaN	NaN	NaN
	54195	19.959394103367245	0.07961482933410358	F	NaN	NaN	NaN
	54196	19.972408405758202	0.08146524862595961	F	NaN	NaN	NaN
	54197	19.98573478807787	0.08272539630024847	F	NaN	NaN	NaN
	54198	19.99936248811575	0.08643055104162395	F	NaN	NaN	NaN
	54199	20.013302240555284	0.09019534420150715	F	NaN	NaN	NaN
	54200	20.027547627951442	0.09348856698663342	F	NaN	NaN	NaN
	54201	20.042091572466425	0.09738101180941597	F	NaN	NaN	NaN
	54202	20.056930676395293	0.10172395835551931	F	NaN	NaN	NaN
	54203	20.072061542033104	0.10653706750314751	F	NaN	NaN	NaN
	54204	20.087480771674933	0.11044940856750468	F	NaN	NaN	NaN
	54205	20.103139438124195	0.11376262452970698	F	NaN	NaN	NaN
	54206	20.118839867608415	0.11697157319484172	F	NaN	NaN	NaN
	54207	20.13458345222737	0.11984948257211261	F	NaN	NaN	NaN
	54208	20.150386307962677	0.12246793833832331	F	NaN	NaN	NaN
	54209	20.166233065829925	0.12462471049682446	F	NaN	NaN	NaN
	54210	20.182125189386852	0.12635987949629646	F	NaN	NaN	NaN
	54211	20.198092381899045	0.12851085811121582	F	NaN	NaN	NaN
	54212	20.214120418955332	0.13034385690213401	F	NaN	NaN	NaN
	54213	20.230204022960518	0.13191738715990206	F	NaN	NaN	NaN
	54214	20.24635665812041	0.13320828568129078	F	NaN	NaN	NaN
	54215	20.262600925171736	0.13472669060409065	F	NaN	NaN	NaN
	54216	20.278910960431194	0.13590892240023428	F	NaN	NaN	NaN
	54217	20.295288227456506	0.13668780376345552	F	NaN	NaN	NaN
	54218	20.311773582666248	0.1373121112346725	F	NaN	NaN	NaN
	54219	20.32834499998598	0.13812680124583643	F	NaN	NaN	NaN
	54220	20.3449938503308	0.13882470959739374	F	NaN	NaN	NaN
	54221	20.361737389625972	0.1390150119737688	F	NaN	NaN	NaN
	54222	20.37860513981199	0.1391435620667884	F	NaN	NaN	NaN
	54223	20.39556052428232	0.1394962932161362	F	NaN	NaN	NaN
	54224	20.41260500659469	0.1400850782757242	F	NaN	NaN	NaN
	54225	20.42979037809633	0.1405956472105806	F	NaN	NaN	NaN
	54226	20.447087247498178	0.141315395661989	F	NaN	NaN	NaN
	54227	20.464483416001293	0.14233266015660812	F	NaN	NaN	NaN
	54228	20.481999713026113	0.1438481290591685	F	NaN	NaN	NaN
	54229	20.499673018165474	0.14581878432295103	F	NaN	NaN	NaN
	54230	20.51745582366534	0.1481373743529971	F	NaN	NaN	NaN
	54231	20.53534959308344	0.15088839340036125	F	NaN	NaN	NaN
	54232	20.553416834471328	0.15492874125437217	F	NaN	NaN	NaN
	54233	20.571590188849832	0.15881479372511798	F	NaN	NaN	NaN
	54234	20.589925164038434	0.16304883440936485	F	NaN	NaN	NaN
	54235	20.60840767089417	0.16782224473936724	F	NaN	NaN	NaN
	54236	20.627046717440066	0.17304536661458092	F	NaN	NaN	NaN
	54237	20.6458402249507	0.1788627642387935	F	NaN	NaN	NaN
	54238	20.664791832399764	0.18524874446038148	F	NaN	NaN	NaN
	54239	20.68390517876096	0.19218064095999315	F	NaN	NaN	NaN
	54240	20.703183903008004	0.19871640287571554	F	NaN	NaN	NaN
	54241	20.722631644114593	0.20541021512587126	F	NaN	NaN	NaN
	54242	20.74225490179232	0.21383907118597872	F	NaN	NaN	NaN
	54243	20.76205953095161	0.22140566499238812	F	NaN	NaN	NaN

# FILTER i
#        MJD  MAG  MAGERR  Upperlimit  Instrument  Telescope  Source
	54115	15.6133266300607	0.15991302710077746	F	NaN	NaN	NaN
	54116	15.580225759372489	0.14007614208191546	F	NaN	NaN	NaN
	54117	15.55711769117196	0.12195152242595253	F	NaN	NaN	NaN
	54118	15.544715942036541	0.10417697036215075	F	NaN	NaN	NaN
	54119	15.542251921326027	0.09116932910339966	F	NaN	NaN	NaN
	54120	15.549293209391726	0.07854838045040681	F	NaN	NaN	NaN
	54121	15.567910113187756	0.07036387217653574	F	NaN	NaN	NaN
	54122	15.595760909916677	0.06587869840659544	F	NaN	NaN	NaN
	54123	15.630315192810084	0.06343619594128101	F	NaN	NaN	NaN
	54124	15.670973887093774	0.0627743763427707	F	NaN	NaN	NaN
	54125	15.721518389140439	0.06584208115093912	F	NaN	NaN	NaN
	54126	15.779208778558324	0.07156617397482734	F	NaN	NaN	NaN
	54127	15.840744266745048	0.07875139445044504	F	NaN	NaN	NaN
	54128	15.902791495853398	0.08584783416683488	F	NaN	NaN	NaN
	54129	15.964795335397199	0.09156621091651428	F	NaN	NaN	NaN
	54130	16.032447448466367	0.09637489376302236	F	NaN	NaN	NaN
	54131	16.100206806125815	0.10303613175474308	F	NaN	NaN	NaN
	54132	16.16339955112823	0.11267933501567184	F	NaN	NaN	NaN
	54133	16.2254562730452	0.12100849918986539	F	NaN	NaN	NaN
	54134	16.286638641290633	0.1278665698102859	F	NaN	NaN	NaN
	54135	16.346649273700233	0.13270640133249634	F	NaN	NaN	NaN
	54136	16.405203652372183	0.13584978192272013	F	NaN	NaN	NaN
	54137	16.46198786512521	0.13724658776806786	F	NaN	NaN	NaN
	54138	16.51672638657866	0.1366148849855056	F	NaN	NaN	NaN
	54139	16.569120036781165	0.13403623183593383	F	NaN	NaN	NaN
	54140	16.61887503118902	0.12937684205623995	F	NaN	NaN	NaN
	54141	16.665697585258528	0.12216809392736142	F	NaN	NaN	NaN
	54142	16.70938631744095	0.11321369068882876	F	NaN	NaN	NaN
	54143	16.750108198660744	0.10355470064279859	F	NaN	NaN	NaN
	54144	16.78814330433312	0.09390365829610497	F	NaN	NaN	NaN
	54145	16.823787992192944	0.08457331820295524	F	NaN	NaN	NaN
	54146	16.85729159972572	0.0759716616664358	F	NaN	NaN	NaN
	54147	16.8889195465089	0.06874773125253533	F	NaN	NaN	NaN
	54148	16.918937252119946	0.06280697906117325	F	NaN	NaN	NaN
	54149	16.947615067846236	0.058895014860383295	F	NaN	NaN	NaN
	54150	16.97520825007788	0.05671653828605562	F	NaN	NaN	NaN
	54151	17.00198696847089	0.056482293838568086	F	NaN	NaN	NaN
	54152	17.02821606730751	0.05759013609750738	F	NaN	NaN	NaN
	54153	17.053485528228926	0.06033067417725731	F	NaN	NaN	NaN
	54154	17.075506724663295	0.06373640065001707	F	NaN	NaN	NaN
	54155	17.0951082984946	0.06833396027386528	F	NaN	NaN	NaN
	54156	17.113417202942397	0.07362896074361738	F	NaN	NaN	NaN
	54157	17.13158183350789	0.07956569558464005	F	NaN	NaN	NaN
	54158	17.150750585692286	0.08576205611803292	F	NaN	NaN	NaN
	54159	17.17155716889498	0.09051262298568988	F	NaN	NaN	NaN
	54160	17.192969973458652	0.09165818676628792	F	NaN	NaN	NaN
	54161	17.21513206953521	0.09196145373001692	F	NaN	NaN	NaN
	54162	17.23788752493591	0.09106438418917817	F	NaN	NaN	NaN
	54163	17.261439466268303	0.09244056933003858	F	NaN	NaN	NaN
	54164	17.28582554560731	0.09419095734197372	F	NaN	NaN	NaN
	54165	17.31098629839608	0.09593301250416872	F	NaN	NaN	NaN
	54166	17.33686980954655	0.0977983774201481	F	NaN	NaN	NaN
	54167	17.363423061620907	0.09984768646953704	F	NaN	NaN	NaN
	54168	17.39059303718135	0.10184200914092645	F	NaN	NaN	NaN
	54169	17.418323873273454	0.10321662947883904	F	NaN	NaN	NaN
	54170	17.445141314383495	0.10455333058829733	F	NaN	NaN	NaN
	54171	17.467746742849133	0.10565437449188272	F	NaN	NaN	NaN
	54172	17.48712003752397	0.10417227537976739	F	NaN	NaN	NaN
	54173	17.504538835562222	0.09844698411800362	F	NaN	NaN	NaN
	54174	17.52105947647032	0.09238068525772614	F	NaN	NaN	NaN
	54175	17.536854112251255	0.08609003214892776	F	NaN	NaN	NaN
	54176	17.5520407042133	0.07988104642533213	F	NaN	NaN	NaN
	54177	17.566737213664737	0.07360291818281	F	NaN	NaN	NaN
	54178	17.581061601913827	0.06783228975718675	F	NaN	NaN	NaN
	54179	17.595131830268873	0.06239100339943424	F	NaN	NaN	NaN
	54180	17.609065729437468	0.05709385586489966	F	NaN	NaN	NaN
	54181	17.622982236084177	0.05235088033203107	F	NaN	NaN	NaN
	54182	17.636999309033246	0.047975733363957385	F	NaN	NaN	NaN
	54183	17.651238327873077	0.0442483366425382	F	NaN	NaN	NaN
	54184	17.66581205409678	0.041369061370217	F	NaN	NaN	NaN
	54185	17.68084218095532	0.03897746102167405	F	NaN	NaN	NaN
	54186	17.69644479986358	0.03731175273468129	F	NaN	NaN	NaN
	54187	17.712744510643212	0.03595494769053734	F	NaN	NaN	NaN
	54188	17.729853469866583	0.034893603304969344	F	NaN	NaN	NaN
	54189	17.747842821552155	0.03402907946740467	F	NaN	NaN	NaN
	54190	17.766589651722015	0.03401115312193711	F	NaN	NaN	NaN
	54191	17.786040988873783	0.03440570958042641	F	NaN	NaN	NaN
	54192	17.80616149136598	0.035653355010331435	F	NaN	NaN	NaN
	54193	17.82689986111625	0.03757501358330196	F	NaN	NaN	NaN
	54194	17.848213026068684	0.040395317376270036	F	NaN	NaN	NaN
	54195	17.870056443702943	0.04398374948464144	F	NaN	NaN	NaN
	54196	17.892381261253526	0.04806286372220899	F	NaN	NaN	NaN
	54197	17.915140981505502	0.052363862445944445	F	NaN	NaN	NaN
	54198	17.93830109050327	0.05680649062026631	F	NaN	NaN	NaN
	54199	17.96180645529263	0.06127914122689526	F	NaN	NaN	NaN
	54200	17.985616332367737	0.06553332589830814	F	NaN	NaN	NaN
	54201	18.009681643379494	0.06926590888785383	F	NaN	NaN	NaN
	54202	18.033957500551182	0.07222761401881922	F	NaN	NaN	NaN
	54203	18.05839901610607	0.07435157942760723	F	NaN	NaN	NaN
	54204	18.08296130226743	0.07536437052306384	F	NaN	NaN	NaN
	54205	18.107453804905386	0.07742219433474012	F	NaN	NaN	NaN
	54206	18.131388804373266	0.08467797563923042	F	NaN	NaN	NaN
	54207	18.15470284274033	0.09476881810980278	F	NaN	NaN	NaN
	54208	18.177364959760055	0.10437790530850705	F	NaN	NaN	NaN
	54209	18.199345272618636	0.11074517533081138	F	NaN	NaN	NaN
	54210	18.220716717517163	0.11271543412647266	F	NaN	NaN	NaN
	54211	18.24170871357699	0.1140950128494018	F	NaN	NaN	NaN
	54212	18.26244699554928	0.1154021909830349	F	NaN	NaN	NaN
	54213	18.28289594947353	0.11666150567464705	F	NaN	NaN	NaN
	54214	18.303059191450036	0.11786032933803678	F	NaN	NaN	NaN
	54215	18.322916424108598	0.11886106048060338	F	NaN	NaN	NaN
	54216	18.342451999854827	0.11997006888915698	F	NaN	NaN	NaN
	54217	18.361715098676434	0.12119814657052161	F	NaN	NaN	NaN
	54218	18.380709336673707	0.12232033694895844	F	NaN	NaN	NaN
	54219	18.399438329946946	0.12346550624719307	F	NaN	NaN	NaN
	54220	18.417905694596442	0.12487916042427583	F	NaN	NaN	NaN
	54221	18.436095103566217	0.12608502107715153	F	NaN	NaN	NaN
	54222	18.453988899422114	0.1272288621082764	F	NaN	NaN	NaN
	54223	18.47163430167739	0.12837452459387447	F	NaN	NaN	NaN
	54224	18.489034926432343	0.12965482584626103	F	NaN	NaN	NaN
	54225	18.50619438978726	0.13109416425484985	F	NaN	NaN	NaN
	54226	18.523116307842447	0.13262579319188691	F	NaN	NaN	NaN
	54227	18.539787963686777	0.13417893530058103	F	NaN	NaN	NaN
	54228	18.55619041038503	0.1360780283338091	F	NaN	NaN	NaN
	54229	18.572368546806672	0.13819941806221703	F	NaN	NaN	NaN
	54230	18.58832598905199	0.1404543735591337	F	NaN	NaN	NaN
	54231	18.60406635322128	0.14292150480824672	F	NaN	NaN	NaN
	54232	18.619593255414845	0.14566835402874984	F	NaN	NaN	NaN
	54233	18.63489722869707	0.14830306132064425	F	NaN	NaN	NaN
	54234	18.649958756970378	0.15161055797413656	F	NaN	NaN	NaN
	54235	18.664854484816537	0.1551722395747852	F	NaN	NaN	NaN
	54236	18.67952026297269	0.15895540287819043	F	NaN	NaN	NaN
	54237	18.6939851518291	0.16309328925501299	F	NaN	NaN	NaN
	54238	18.708284467024388	0.16722479489608116	F	NaN	NaN	NaN
	54239	18.72248172412825	0.17243014699434195	F	NaN	NaN	NaN
	54240	18.736574759651855	0.1782446711449142	F	NaN	NaN	NaN
	54241	18.750560674674176	0.18425077274367774	F	NaN	NaN	NaN
	54242	18.76443454296921	0.19128716746839192	F	NaN	NaN	NaN
	54243	18.778192183946008	0.19873213875506152	F	NaN	NaN	NaN
	54244	18.791827632586514	0.20647396971387055	F	NaN	NaN	NaN
	54245	18.80534111361427	0.21474404498749872	F	NaN	NaN	NaN
	54246	18.818726454210942	0.22356949605664503	F	NaN	NaN	NaN
	54247	18.831979579586324	0.232833395590468	F	NaN	NaN	NaN
	54248	18.845096414950177	0.24266679972765567	F	NaN	NaN	NaN
	54249	18.858072885512275	0.2529755540528834	F	NaN	NaN	NaN
	54250	18.8709049164824	0.26337352305961437	F	NaN	NaN	NaN
	54251	18.88358843307031	0.274510721592929	F	NaN	NaN	NaN
	54252	18.896119360485795	0.28634138284641164	F	NaN	NaN	NaN
	54253	18.908493623938615	0.29812384265643616	F	NaN	NaN	NaN

# FILTER r
#        MJD  MAG  MAGERR  Upperlimit  Instrument  Telescope  Source
	54115	15.816693568608128	0.025704944694028366	F	NaN	NaN	NaN
	54116	15.790319317469173	0.018499155511254313	F	NaN	NaN	NaN
	54117	15.774932721745579	0.012754309692169348	F	NaN	NaN	NaN
	54118	15.770711953319152	0.008849188179734922	F	NaN	NaN	NaN
	54119	15.77750793639465	0.007236429080276384	F	NaN	NaN	NaN
	54120	15.795446133636217	0.007939868308886822	F	NaN	NaN	NaN
	54121	15.823649653915208	0.009498945725069322	F	NaN	NaN	NaN
	54122	15.863811439982024	0.011569476382550724	F	NaN	NaN	NaN
	54123	15.914255477460475	0.012907483826247727	F	NaN	NaN	NaN
	54124	15.978898256743568	0.012077595080239737	F	NaN	NaN	NaN
	54125	16.052904459091177	0.011529171384720236	F	NaN	NaN	NaN
	54126	16.127647621748107	0.011973682967633861	F	NaN	NaN	NaN
	54127	16.20165204681783	0.01250070896263248	F	NaN	NaN	NaN
	54128	16.273889647316793	0.012354961415776775	F	NaN	NaN	NaN
	54129	16.34313287360115	0.012297320586933606	F	NaN	NaN	NaN
	54130	16.412750478676926	0.012374627338645406	F	NaN	NaN	NaN
	54131	16.482363695694424	0.013582434922452369	F	NaN	NaN	NaN
	54132	16.550493414873124	0.015545181615409319	F	NaN	NaN	NaN
	54133	16.615649720260617	0.017672515352717973	F	NaN	NaN	NaN
	54134	16.677214374706548	0.01898705381980467	F	NaN	NaN	NaN
	54135	16.73712372194425	0.020670713661500875	F	NaN	NaN	NaN
	54136	16.79479299006037	0.021814173321197453	F	NaN	NaN	NaN
	54137	16.849549216443055	0.022272267746955607	F	NaN	NaN	NaN
	54138	16.90204448468902	0.022225550285923976	F	NaN	NaN	NaN
	54139	16.95228519097886	0.0225918938085939	F	NaN	NaN	NaN
	54140	17.00013867875254	0.02415204123902901	F	NaN	NaN	NaN
	54141	17.045472291450018	0.026093268930213628	F	NaN	NaN	NaN
	54142	17.08816906185415	0.028170529065416998	F	NaN	NaN	NaN
	54143	17.128062984004817	0.029407270461565375	F	NaN	NaN	NaN
	54144	17.164177243081028	0.02904163871381739	F	NaN	NaN	NaN
	54145	17.19475831281009	0.029098100526833558	F	NaN	NaN	NaN
	54146	17.221569678220455	0.030467424008809967	F	NaN	NaN	NaN
	54147	17.24668919841769	0.03459057956117846	F	NaN	NaN	NaN
	54148	17.272194732507373	0.03837019228101936	F	NaN	NaN	NaN
	54149	17.299240035281848	0.0397446844148895	F	NaN	NaN	NaN
	54150	17.325958846286767	0.03943437376406501	F	NaN	NaN	NaN
	54151	17.352187225714598	0.039097566193211156	F	NaN	NaN	NaN
	54152	17.37800667794969	0.03934800878926917	F	NaN	NaN	NaN
	54153	17.40350013487927	0.0396315637915932	F	NaN	NaN	NaN
	54154	17.428712743538444	0.039075211063514026	F	NaN	NaN	NaN
	54155	17.453456041567623	0.035002818769832744	F	NaN	NaN	NaN
	54156	17.477493965207717	0.02921118045911341	F	NaN	NaN	NaN
	54157	17.500600378705865	0.024680957752263886	F	NaN	NaN	NaN
	54158	17.5225491463092	0.021952694398446895	F	NaN	NaN	NaN
	54159	17.543164627250558	0.018648856824588264	F	NaN	NaN	NaN
	54160	17.562319135845115	0.016126305610110605	F	NaN	NaN	NaN
	54161	17.57824087923541	0.017158174532334508	F	NaN	NaN	NaN
	54162	17.59541113469005	0.019578618012715748	F	NaN	NaN	NaN
	54163	17.614351683346563	0.02374253458448225	F	NaN	NaN	NaN
	54164	17.633707309947642	0.02640834613013148	F	NaN	NaN	NaN
	54165	17.653697184099002	0.026487843542829778	F	NaN	NaN	NaN
	54166	17.674343880576043	0.027062022215544844	F	NaN	NaN	NaN
	54167	17.69563677158771	0.02807350530272778	F	NaN	NaN	NaN
	54168	17.717565229342956	0.027376186631380833	F	NaN	NaN	NaN
	54169	17.740126581688262	0.024869151610204185	F	NaN	NaN	NaN
	54170	17.762500861939944	0.024077015014902562	F	NaN	NaN	NaN
	54171	17.782338636886408	0.024364121510817047	F	NaN	NaN	NaN
	54172	17.80125017296305	0.024230120483812113	F	NaN	NaN	NaN
	54173	17.81952097412981	0.024160320056264364	F	NaN	NaN	NaN
	54174	17.83734599996371	0.02463955402612765	F	NaN	NaN	NaN
	54175	17.85490709793339	0.025929763362700805	F	NaN	NaN	NaN
	54176	17.872389435350932	0.027618243357393556	F	NaN	NaN	NaN
	54177	17.889978179528406	0.029326448795600455	F	NaN	NaN	NaN
	54178	17.90785849777787	0.03082230883874451	F	NaN	NaN	NaN
	54179	17.92621555741141	0.03084844820018915	F	NaN	NaN	NaN
	54180	17.945042959022576	0.029767780337480378	F	NaN	NaN	NaN
	54181	17.96394545550569	0.028168565991503386	F	NaN	NaN	NaN
	54182	17.982868460894235	0.026804283371897948	F	NaN	NaN	NaN
	54183	18.001785904270754	0.026288697834281356	F	NaN	NaN	NaN
	54184	18.020672330088466	0.02652265920803014	F	NaN	NaN	NaN
	54185	18.03950168798841	0.02669521687455216	F	NaN	NaN	NaN
	54186	18.058274569871013	0.02674881307917184	F	NaN	NaN	NaN
	54187	18.0770473680162	0.02678907917742245	F	NaN	NaN	NaN
	54188	18.095831894080785	0.02668405100478117	F	NaN	NaN	NaN
	54189	18.11463741668306	0.026418449638173823	F	NaN	NaN	NaN
	54190	18.133471064946754	0.02622277554220676	F	NaN	NaN	NaN
	54191	18.152342344208748	0.02600514852961628	F	NaN	NaN	NaN
	54192	18.171260805713935	0.025734102608043992	F	NaN	NaN	NaN
	54193	18.190233645868005	0.02557793150585201	F	NaN	NaN	NaN
	54194	18.209269227593488	0.02529871777227127	F	NaN	NaN	NaN
	54195	18.22837591381292	0.0251458834145523	F	NaN	NaN	NaN
	54196	18.247565586788934	0.02497464276117487	F	NaN	NaN	NaN
	54197	18.266844246409615	0.02488310192516862	F	NaN	NaN	NaN
	54198	18.286202555453507	0.024667703639327517	F	NaN	NaN	NaN
	54199	18.30560092508442	0.025092671515287213	F	NaN	NaN	NaN
	54200	18.325013364282057	0.025849967608900577	F	NaN	NaN	NaN
	54201	18.3444173145094	0.027298373799358858	F	NaN	NaN	NaN
	54202	18.363790663822417	0.028493420493430503	F	NaN	NaN	NaN
	54203	18.383111300277104	0.029988230735671344	F	NaN	NaN	NaN
	54204	18.402357111929437	0.031148908007756344	F	NaN	NaN	NaN
	54205	18.421469388790076	0.032035961544561654	F	NaN	NaN	NaN
	54206	18.440366869099034	0.03287190592144847	F	NaN	NaN	NaN
	54207	18.459128090015852	0.03347744670526834	F	NaN	NaN	NaN
	54208	18.477841390527068	0.033844804678046826	F	NaN	NaN	NaN
	54209	18.49659466597797	0.03402949031149928	F	NaN	NaN	NaN
	54210	18.51546908916915	0.03447651955177068	F	NaN	NaN	NaN
	54211	18.534411575701803	0.034946106656697576	F	NaN	NaN	NaN
	54212	18.553413961638658	0.03546854443613594	F	NaN	NaN	NaN
	54213	18.572456511356762	0.03604686079803475	F	NaN	NaN	NaN
	54214	18.591519489233168	0.03672313420058542	F	NaN	NaN	NaN
	54215	18.610581768205048	0.03724725694334168	F	NaN	NaN	NaN
	54216	18.629616450286314	0.038023827045921964	F	NaN	NaN	NaN
	54217	18.64860387941297	0.03894722837351572	F	NaN	NaN	NaN
	54218	18.66752431996207	0.04010127287409358	F	NaN	NaN	NaN
	54219	18.686358036310658	0.04117907214201635	F	NaN	NaN	NaN
	54220	18.705085292835783	0.04203266646255985	F	NaN	NaN	NaN
	54221	18.723686353914488	0.04280020701625224	F	NaN	NaN	NaN
	54222	18.742141483923824	0.04354110922808345	F	NaN	NaN	NaN
	54223	18.76040843737533	0.044223781057937436	F	NaN	NaN	NaN
	54224	18.778471443292865	0.04469278650353328	F	NaN	NaN	NaN
	54225	18.796320837028123	0.044942756412458276	F	NaN	NaN	NaN
	54226	18.813936882958156	0.045184446324601064	F	NaN	NaN	NaN
	54227	18.831299845460013	0.045381783847485105	F	NaN	NaN	NaN
	54228	18.848389988910736	0.045415615036201534	F	NaN	NaN	NaN
	54229	18.865187577687372	0.045268150430121626	F	NaN	NaN	NaN
	54230	18.88167263873701	0.04492799138406313	F	NaN	NaN	NaN
	54231	18.897762220615135	0.04424910766245324	F	NaN	NaN	NaN
	54232	18.913491566706274	0.04370985217370137	F	NaN	NaN	NaN
	54233	18.92903987382096	0.04289440268303417	F	NaN	NaN	NaN
	54234	18.944585746325334	0.04247691620949648	F	NaN	NaN	NaN
	54235	18.96003431600393	0.04208285448025909	F	NaN	NaN	NaN
	54236	18.975213522251664	0.04192411265356289	F	NaN	NaN	NaN
	54237	18.989952200949812	0.04201544872530908	F	NaN	NaN	NaN
	54238	19.00434580877804	0.041974360927843464	F	NaN	NaN	NaN
	54239	19.018609955085957	0.04194038983253272	F	NaN	NaN	NaN
	54240	19.03239008476297	0.04231946421847602	F	NaN	NaN	NaN
	54241	19.04581755356551	0.04315813764690436	F	NaN	NaN	NaN
	54242	19.0589194306928	0.044426170802662986	F	NaN	NaN	NaN
	54243	19.071704687473183	0.04604073626763891	F	NaN	NaN	NaN
	54244	19.084178277069803	0.049269538625805166	F	NaN	NaN	NaN
	54245	19.09636021137473	0.05259900819103926	F	NaN	NaN	NaN
	54246	19.108254364572673	0.05654445273390338	F	NaN	NaN	NaN
	54247	19.11987001641153	0.06106528374812148	F	NaN	NaN	NaN
	54248	19.131216446639186	0.06624960939963978	F	NaN	NaN	NaN
	54249	19.142302935003546	0.0724792718626514	F	NaN	NaN	NaN
	54250	19.153138761252492	0.07891787113219069	F	NaN	NaN	NaN
	54251	19.163733205133926	0.08606287165795257	F	NaN	NaN	NaN
	54252	19.174095546395737	0.09343341712720211	F	NaN	NaN	NaN
	54253	19.18423506478582	0.10122701041569351	F	NaN	NaN	NaN

# FILTER g
#        MJD  MAG  MAGERR  Upperlimit  Instrument  Telescope  Source
	54119	16.796960315783558	0.010491961888073947	F	NaN	NaN	NaN
	54120	16.886713659033592	0.01018522862551541	F	NaN	NaN	NaN
	54121	16.982335274223555	0.014666104139497049	F	NaN	NaN	NaN
	54122	17.08345375926354	0.019143159454956527	F	NaN	NaN	NaN
	54123	17.190976480648676	0.022582595935991417	F	NaN	NaN	NaN
	54124	17.303723956779177	0.022622150679879875	F	NaN	NaN	NaN
	54125	17.429266440664875	0.020278433544286642	F	NaN	NaN	NaN
	54126	17.557525122739257	0.019053391776323737	F	NaN	NaN	NaN
	54127	17.67681957879198	0.01912462051168817	F	NaN	NaN	NaN
	54128	17.780608148744854	0.018539557201305287	F	NaN	NaN	NaN
	54129	17.876786592279423	0.01768166197271011	F	NaN	NaN	NaN
	54130	17.96729596968797	0.017913951024487576	F	NaN	NaN	NaN
	54131	18.05044964752693	0.020022191789530033	F	NaN	NaN	NaN
	54132	18.12748020340363	0.022842364106101434	F	NaN	NaN	NaN
	54133	18.204688134621517	0.022024523501824017	F	NaN	NaN	NaN
	54134	18.273414300911178	0.022561993170904307	F	NaN	NaN	NaN
	54135	18.3343666225735	0.023239999108738592	F	NaN	NaN	NaN
	54136	18.3886199427004	0.024227887676181822	F	NaN	NaN	NaN
	54137	18.43712734586603	0.025805000857557474	F	NaN	NaN	NaN
	54138	18.48084191664457	0.027735973065502694	F	NaN	NaN	NaN
	54139	18.52071673961018	0.03030620662013321	F	NaN	NaN	NaN
	54140	18.557704899337043	0.03306438918823339	F	NaN	NaN	NaN
	54141	18.59275948039932	0.03590328405337925	F	NaN	NaN	NaN
	54142	18.62683356737118	0.0382042864135584	F	NaN	NaN	NaN
	54143	18.6608802448268	0.039910656480373924	F	NaN	NaN	NaN
	54144	18.694300411165933	0.040667055941074726	F	NaN	NaN	NaN
	54145	18.723592916404975	0.04053350900622465	F	NaN	NaN	NaN
	54146	18.74874630356627	0.03959139364007892	F	NaN	NaN	NaN
	54147	18.77045321240132	0.03813864052425125	F	NaN	NaN	NaN
	54148	18.788755896690496	0.036357661852692374	F	NaN	NaN	NaN
	54149	18.804308563016196	0.03439198903712939	F	NaN	NaN	NaN
	54150	18.817706670811564	0.03230128726788291	F	NaN	NaN	NaN
	54151	18.829158634504243	0.03071339570252693	F	NaN	NaN	NaN
	54152	18.839245549509027	0.029867370071512075	F	NaN	NaN	NaN
	54153	18.8484698257794	0.029698384530080696	F	NaN	NaN	NaN
	54154	18.85721016922893	0.02941761532562246	F	NaN	NaN	NaN
	54155	18.865966302427488	0.029526403352380746	F	NaN	NaN	NaN
	54156	18.87515171668755	0.02948912572798347	F	NaN	NaN	NaN
	54157	18.8853195402473	0.029796051606408774	F	NaN	NaN	NaN
	54158	18.8968798611543	0.029803856416646325	F	NaN	NaN	NaN
	54159	18.909246220719407	0.029296430689274712	F	NaN	NaN	NaN
	54160	18.92114198764592	0.028578067960968956	F	NaN	NaN	NaN
	54161	18.933524486413155	0.0281407206445699	F	NaN	NaN	NaN
	54162	18.944610854325134	0.028253086347586685	F	NaN	NaN	NaN
	54163	18.95380066620945	0.02902301466592286	F	NaN	NaN	NaN
	54164	18.963994259172683	0.030329220798501626	F	NaN	NaN	NaN
	54165	18.973608827607297	0.032089178547516126	F	NaN	NaN	NaN
	54166	18.982819003597218	0.034711473254546335	F	NaN	NaN	NaN
	54167	18.991982946421157	0.038628332419417835	F	NaN	NaN	NaN
	54168	19.001455894077996	0.04240651264789408	F	NaN	NaN	NaN
	54169	19.01159107680439	0.0454225689235173	F	NaN	NaN	NaN
	54170	19.022677366476067	0.04669052418853875	F	NaN	NaN	NaN
	54171	19.034513350443238	0.046655586985401044	F	NaN	NaN	NaN
	54172	19.046964157199287	0.04535195642708628	F	NaN	NaN	NaN
	54173	19.05987760937483	0.04451911384888593	F	NaN	NaN	NaN
	54174	19.073101529600468	0.04362751342220489	F	NaN	NaN	NaN
	54175	19.0864837405068	0.04292931189315858	F	NaN	NaN	NaN
	54176	19.099872064724444	0.04244052421747696	F	NaN	NaN	NaN
	54177	19.113114324884002	0.04197453322123134	F	NaN	NaN	NaN
	54178	19.126058343616073	0.04165815444177766	F	NaN	NaN	NaN
	54179	19.138551943551278	0.0410722623286434	F	NaN	NaN	NaN
	54180	19.150645851534957	0.04090507399573226	F	NaN	NaN	NaN
	54181	19.1627077447025	0.040527733649165884	F	NaN	NaN	NaN
	54182	19.174812265486775	0.040768008455026594	F	NaN	NaN	NaN
	54183	19.186994335476932	0.04131775812223229	F	NaN	NaN	NaN
	54184	19.19928599493488	0.04130111597717073	F	NaN	NaN	NaN
	54185	19.21172228428727	0.04130316319898141	F	NaN	NaN	NaN
	54186	19.2242981626082	0.04100903267788993	F	NaN	NaN	NaN
	54187	19.236928630005647	0.04090747422371479	F	NaN	NaN	NaN
	54188	19.249615352577603	0.041735783009804	F	NaN	NaN	NaN
	54189	19.262355979567058	0.04245399692974539	F	NaN	NaN	NaN
	54190	19.275154653860127	0.04405538514581711	F	NaN	NaN	NaN
	54191	19.288016671189887	0.046176382194960224	F	NaN	NaN	NaN
	54192	19.300939110511536	0.04866781496870273	F	NaN	NaN	NaN
	54193	19.313926359120256	0.05219886589769916	F	NaN	NaN	NaN
	54194	19.32698403862783	0.05660953232686384	F	NaN	NaN	NaN
	54195	19.340108657701713	0.06134439607318171	F	NaN	NaN	NaN
	54196	19.353304848046104	0.0674081678010753	F	NaN	NaN	NaN
	54197	19.366578557151513	0.07514420160305617	F	NaN	NaN	NaN
	54198	19.38005818443881	0.08385879831453191	F	NaN	NaN	NaN
	54199	19.393598688020486	0.09248870183380897	F	NaN	NaN	NaN
	54200	19.407325108870538	0.10031486611723255	F	NaN	NaN	NaN
	54201	19.421281070035185	0.10714870430497236	F	NaN	NaN	NaN
	54202	19.435299832970696	0.11377503807683086	F	NaN	NaN	NaN
	54203	19.44966096685057	0.11927013809758431	F	NaN	NaN	NaN
	54204	19.464022100730446	0.12476523811833777	F	NaN	NaN	NaN
	54205	19.478723825378776	0.12889205967481243	F	NaN	NaN	NaN
	54206	19.493479847106137	0.13280074988190127	F	NaN	NaN	NaN
	54207	19.50845509253195	0.13581877988556124	F	NaN	NaN	NaN
	54208	19.523595717239054	0.1381649083322477	F	NaN	NaN	NaN
	54209	19.538840215222237	0.1401591321660323	F	NaN	NaN	NaN
	54210	19.55435515804134	0.14123713588152492	F	NaN	NaN	NaN
	54211	19.569870100860438	0.14231513959701758	F	NaN	NaN	NaN
	54212	19.585743616425134	0.14248379679886108	F	NaN	NaN	NaN
	54213	19.60162259248849	0.14263860608425366	F	NaN	NaN	NaN
	54214	19.617746539302583	0.14209337722544338	F	NaN	NaN	NaN
	54215	19.633979263742454	0.14123730110404106	F	NaN	NaN	NaN
	54216	19.65034937358583	0.13995394117236412	F	NaN	NaN	NaN
	54217	19.666925561534466	0.13802965552527918	F	NaN	NaN	NaN
	54218	19.683537566187013	0.1360312326572333	F	NaN	NaN	NaN
	54219	19.70044693277668	0.13341729844305883	F	NaN	NaN	NaN
	54220	19.717356299366347	0.13080336422888436	F	NaN	NaN	NaN
	54221	19.734528824381236	0.12805260386379508	F	NaN	NaN	NaN
	54222	19.75176108474418	0.1252707848018729	F	NaN	NaN	NaN
	54223	19.76915668326027	0.12213738991491374	F	NaN	NaN	NaN
	54224	19.786701552528758	0.11868269846057516	F	NaN	NaN	NaN
	54225	19.804315956325933	0.11513688846401121	F	NaN	NaN	NaN
	54226	19.822163149632214	0.1112860294347726	F	NaN	NaN	NaN
	54227	19.84001034293849	0.10743517040553399	F	NaN	NaN	NaN
	54228	19.8581313229667	0.10330296967465302	F	NaN	NaN	NaN
	54229	19.876270555443035	0.09915201283032923	F	NaN	NaN	NaN
	54230	19.894591519444358	0.09645280948027933	F	NaN	NaN	NaN
	54231	19.913012506223	0.09455263324724408	F	NaN	NaN	NaN
	54232	19.93152918597733	0.09262040575015477	F	NaN	NaN	NaN
	54233	19.950221642190535	0.09062930394533525	F	NaN	NaN	NaN
	54234	19.96892976947775	0.08869768643386226	F	NaN	NaN	NaN
	54235	19.987883410257783	0.08769798951819038	F	NaN	NaN	NaN
	54236	20.006837051037817	0.0866982926025185	F	NaN	NaN	NaN
	54237	20.02598325733689	0.08724415777494186	F	NaN	NaN	NaN
	54238	20.045187797816002	0.0882582225375654	F	NaN	NaN	NaN
	54239	20.064506630339995	0.08939155696835127	F	NaN	NaN	NaN
	54240	20.08395178565044	0.0906567157692121	F	NaN	NaN	NaN
	54241	20.10343897617924	0.09232143624834344	F	NaN	NaN	NaN
	54242	20.123114461453284	0.09577597410818942	F	NaN	NaN	NaN
	54243	20.142789946727323	0.0992305119680354	F	NaN	NaN	NaN