###################### HEADER ######################
# SNNAME:	SN2009iz
###################### HEADER ######################


# FILTER i
#        MJD  MAG  MAGERR  Upperlimit  Instrument  Telescope  Source
	55096	17.690642453527254	0.049440684337630256	F	NaN	NaN	NaN
	55097	17.59400635766843	0.041688442288239806	F	NaN	NaN	NaN
	55098	17.50317837605018	0.03458806580347687	F	NaN	NaN	NaN
	55099	17.41827803390035	0.029192713390725905	F	NaN	NaN	NaN
	55100	17.338871322147565	0.025160675789377647	F	NaN	NaN	NaN
	55101	17.265228760877296	0.022845169886795344	F	NaN	NaN	NaN
	55102	17.197177748205785	0.02200901079129671	F	NaN	NaN	NaN
	55103	17.134757656330432	0.02220310915403359	F	NaN	NaN	NaN
	55104	17.078095624125375	0.023006269462734714	F	NaN	NaN	NaN
	55105	17.026891188787832	0.024350500426956034	F	NaN	NaN	NaN
	55106	16.981728108607065	0.025002439881791086	F	NaN	NaN	NaN
	55107	16.94168635045098	0.026251169896892627	F	NaN	NaN	NaN
	55108	16.908959312059892	0.026861493309612083	F	NaN	NaN	NaN
	55109	16.882994323518925	0.026797494362206516	F	NaN	NaN	NaN
	55110	16.862995710800305	0.026736340848193818	F	NaN	NaN	NaN
	55111	16.84824799448561	0.027371786402541426	F	NaN	NaN	NaN
	55112	16.83809331317569	0.028192969958500055	F	NaN	NaN	NaN
	55113	16.831782808225437	0.029210248298678985	F	NaN	NaN	NaN
	55114	16.82849139021555	0.03033315182727604	F	NaN	NaN	NaN
	55115	16.827597094852866	0.030890187603993837	F	NaN	NaN	NaN
	55116	16.82912946972516	0.030277188451208747	F	NaN	NaN	NaN
	55117	16.83600750896762	0.028309359388193803	F	NaN	NaN	NaN
	55118	16.84706987191552	0.02650675146292466	F	NaN	NaN	NaN
	55119	16.860530087382475	0.025865766308911273	F	NaN	NaN	NaN
	55120	16.876189335818367	0.025306841695728888	F	NaN	NaN	NaN
	55121	16.897777594203344	0.023949949042045934	F	NaN	NaN	NaN
	55122	16.922883136311835	0.02376385983982504	F	NaN	NaN	NaN
	55123	16.94845594671837	0.023937332938359535	F	NaN	NaN	NaN
	55124	16.97404564594378	0.023925705497092727	F	NaN	NaN	NaN
	55125	17.005443795484393	0.0233596412515654	F	NaN	NaN	NaN
	55126	17.039409561313303	0.022953435601307626	F	NaN	NaN	NaN
	55127	17.07182372344182	0.02314942181482378	F	NaN	NaN	NaN
	55128	17.101611557743652	0.023348606441162323	F	NaN	NaN	NaN
	55129	17.13419450470994	0.023540092056094784	F	NaN	NaN	NaN
	55130	17.16670301597148	0.02419975275078857	F	NaN	NaN	NaN
	55131	17.197438695880926	0.024759868832303536	F	NaN	NaN	NaN
	55132	17.230896316528618	0.025888742500868776	F	NaN	NaN	NaN
	55133	17.265414500681224	0.027400809398118082	F	NaN	NaN	NaN
	55134	17.298519221717576	0.029394306971028402	F	NaN	NaN	NaN
	55135	17.32860817323441	0.030110730704358865	F	NaN	NaN	NaN
	55136	17.358138406819865	0.03075471478215988	F	NaN	NaN	NaN
	55137	17.386632994897333	0.030919727785386826	F	NaN	NaN	NaN
	55138	17.41475925552009	0.031002738464745112	F	NaN	NaN	NaN
	55139	17.442509971512678	0.031155937448691315	F	NaN	NaN	NaN
	55140	17.46983998780884	0.03100333687794945	F	NaN	NaN	NaN
	55141	17.496750104531497	0.03137031210764368	F	NaN	NaN	NaN
	55142	17.523183433284178	0.03177627563535258	F	NaN	NaN	NaN
	55143	17.549145130674297	0.03218293893275659	F	NaN	NaN	NaN
	55144	17.574586159937002	0.032635521771969205	F	NaN	NaN	NaN
	55145	17.599505212962622	0.03233591217692881	F	NaN	NaN	NaN
	55146	17.623852538083657	0.03198531064022784	F	NaN	NaN	NaN
	55147	17.647619394456928	0.03139076149878335	F	NaN	NaN	NaN
	55148	17.670857845099455	0.03118540323774508	F	NaN	NaN	NaN
	55149	17.693633112581526	0.03100744167029309	F	NaN	NaN	NaN
	55150	17.7160157165524	0.0313416173641245	F	NaN	NaN	NaN
	55151	17.73807970043905	0.032352787084069426	F	NaN	NaN	NaN
	55152	17.75992737729753	0.03388079496456661	F	NaN	NaN	NaN
	55153	17.781682424895557	0.03532419970708192	F	NaN	NaN	NaN
	55154	17.803285204239636	0.036375963256990045	F	NaN	NaN	NaN
	55155	17.82466639706707	0.03737404825182721	F	NaN	NaN	NaN
	55156	17.84575507126647	0.03823551717908423	F	NaN	NaN	NaN
	55157	17.866480729882518	0.039371755888334165	F	NaN	NaN	NaN
	55158	17.886772875959874	0.04085535374696482	F	NaN	NaN	NaN
	55159	17.906674266805013	0.042715438325722804	F	NaN	NaN	NaN
	55160	17.926519431876294	0.04461673096242949	F	NaN	NaN	NaN
	55161	17.946335065456665	0.04648682439824214	F	NaN	NaN	NaN
	55162	17.9661215038551	0.04845853155364594	F	NaN	NaN	NaN
	55163	17.985879083380564	0.050616522899885594	F	NaN	NaN	NaN
	55164	18.00560534853535	0.05297827586408055	F	NaN	NaN	NaN
	55165	18.025301366364616	0.055217277228908956	F	NaN	NaN	NaN
	55166	18.04496967879238	0.057310106807413025	F	NaN	NaN	NaN
	55167	18.06461062212762	0.05935452473756249	F	NaN	NaN	NaN
	55168	18.084224532679293	0.0614721508855543	F	NaN	NaN	NaN
	55169	18.10381174675637	0.06367462158469825	F	NaN	NaN	NaN
	55170	18.123372600667825	0.06593030675762526	F	NaN	NaN	NaN
	55171	18.142907430722616	0.0685024530492438	F	NaN	NaN	NaN
	55172	18.162412519876412	0.07064740798140476	F	NaN	NaN	NaN
	55173	18.181891989226106	0.07276888424755158	F	NaN	NaN	NaN
	55174	18.201346588190614	0.07486628540073201	F	NaN	NaN	NaN
	55175	18.2207766530789	0.07679919830331063	F	NaN	NaN	NaN
	55176	18.24018252019994	0.07858952189946483	F	NaN	NaN	NaN
	55177	18.259564525862693	0.080406682993995	F	NaN	NaN	NaN
	55178	18.278923006376132	0.08238130586570148	F	NaN	NaN	NaN
	55179	18.298257269388632	0.08433282366478764	F	NaN	NaN	NaN
	55180	18.317565773025567	0.08626139079405734	F	NaN	NaN	NaN
	55181	18.33685190498466	0.08838835286073193	F	NaN	NaN	NaN
	55182	18.35610156907045	0.0902201339275638	F	NaN	NaN	NaN
	55183	18.375335076186513	0.09187675365269489	F	NaN	NaN	NaN
	55184	18.394568583302576	0.093533373377826	F	NaN	NaN	NaN
	55185	18.413767306353805	0.09521281914260638	F	NaN	NaN	NaN
	55186	18.43293386954216	0.0969133688901572	F	NaN	NaN	NaN
	55187	18.452100432730518	0.09861391863770805	F	NaN	NaN	NaN
	55188	18.471243034034227	0.10040340484876266	F	NaN	NaN	NaN
	55189	18.490346239515954	0.10233911182398138	F	NaN	NaN	NaN
	55190	18.509449444997685	0.1042748187992001	F	NaN	NaN	NaN
	55191	18.528538496591633	0.10619514110061598	F	NaN	NaN	NaN
	55192	18.5475819305878	0.10806587901416694	F	NaN	NaN	NaN
	55193	18.56662536458397	0.10993661692771792	F	NaN	NaN	NaN
	55194	18.585663438505907	0.1118160796513864	F	NaN	NaN	NaN
	55195	18.604650687237598	0.11377827259761711	F	NaN	NaN	NaN
	55196	18.62363793596929	0.11574046554384784	F	NaN	NaN	NaN
	55197	18.642625184700975	0.11770265849007856	F	NaN	NaN	NaN
	55198	18.661562253945252	0.11951788387774107	F	NaN	NaN	NaN
	55199	18.680496903633532	0.12132602277935065	F	NaN	NaN	NaN
	55200	18.69943155332181	0.12313416168096027	F	NaN	NaN	NaN
	55201	18.71832637519066	0.12551382732491828	F	NaN	NaN	NaN
	55202	18.73721201205661	0.12802529719176317	F	NaN	NaN	NaN
	55203	18.756097648922555	0.13053676705860806	F	NaN	NaN	NaN
	55204	18.774952795453736	0.13279910698272107	F	NaN	NaN	NaN
	55205	18.793793005718424	0.13493940589793757	F	NaN	NaN	NaN
	55206	18.812633215983112	0.13707970481315407	F	NaN	NaN	NaN
	55207	18.83145125921438	0.13942158256321455	F	NaN	NaN	NaN
	55208	18.85024962909888	0.14194236248040398	F	NaN	NaN	NaN
	55209	18.869047998983383	0.1444631423975934	F	NaN	NaN	NaN
	55210	18.88783151095249	0.1470969369080553	F	NaN	NaN	NaN
	55211	18.906591626677884	0.14990869157620654	F	NaN	NaN	NaN
	55212	18.925351742403276	0.1527204462443578	F	NaN	NaN	NaN
	55213	18.944103295147972	0.15564681275974307	F	NaN	NaN	NaN
	55214	18.96282874293533	0.15892258300373488	F	NaN	NaN	NaN
	55215	18.981554190722683	0.1621983532477267	F	NaN	NaN	NaN
	55216	19.00027635628073	0.1654921689303051	F	NaN	NaN	NaN
	55217	19.018970722351124	0.16893882400939336	F	NaN	NaN	NaN
	55218	19.037665088421523	0.17238547908848156	F	NaN	NaN	NaN
	55219	19.05635945449192	0.17583213416756982	F	NaN	NaN	NaN
	55220	19.07502730940518	0.1794275483952423	F	NaN	NaN	NaN
	55221	19.093694179979686	0.18302848593500667	F	NaN	NaN	NaN
	55222	19.112361050554192	0.18662942347477102	F	NaN	NaN	NaN
	55223	19.131008248577384	0.19068414347018559	F	NaN	NaN	NaN
	55224	19.14965120987708	0.19483659104355383	F	NaN	NaN	NaN
	55225	19.16829417117678	0.19898903861692202	F	NaN	NaN	NaN
	55226	19.186923284347657	0.2037172350800083	F	NaN	NaN	NaN
	55227	19.20554592259361	0.20871463259425843	F	NaN	NaN	NaN
	55228	19.22416856083957	0.21371203010850856	F	NaN	NaN	NaN
	55229	19.242782161195887	0.21907825930176278	F	NaN	NaN	NaN
	55230	19.26138806260918	0.22475867844379724	F	NaN	NaN	NaN
	55231	19.279993964022474	0.23043909758583164	F	NaN	NaN	NaN
	55232	19.29859462360199	0.2361051914753854	F	NaN	NaN	NaN
	55233	19.317187374403694	0.24174967170000722	F	NaN	NaN	NaN
	55234	19.335780125205396	0.24739415192462902	F	NaN	NaN	NaN
	55235	19.35437041604586	0.25308047108659243	F	NaN	NaN	NaN
	55236	19.372953602457052	0.2588876221406917	F	NaN	NaN	NaN
	55237	19.39153678886824	0.26469477319479096	F	NaN	NaN	NaN
	55238	19.410119283007408	0.2705811355281796	F	NaN	NaN	NaN
	55239	19.428696491249152	0.2770723218093051	F	NaN	NaN	NaN
	55240	19.4472736994909	0.2835635080904305	F	NaN	NaN	NaN
	55241	19.465850907732644	0.29005469437155607	F	NaN	NaN	NaN
	55242	19.484425785259905	0.2966866409457047	F	NaN	NaN	NaN
	55243	19.503000601553286	0.3033222856556307	F	NaN	NaN	NaN
	55244	19.52157541784667	0.3099579303655568	F	NaN	NaN	NaN

# FILTER r
#        MJD  MAG  MAGERR  Upperlimit  Instrument  Telescope  Source
	55096	17.611866264205265	0.04626091216528672	F	NaN	NaN	NaN
	55097	17.510409260310283	0.037072161432399664	F	NaN	NaN	NaN
	55098	17.41627657604238	0.029711415136353114	F	NaN	NaN	NaN
	55099	17.32950264485658	0.024361198936290726	F	NaN	NaN	NaN
	55100	17.249916188776787	0.02155914542581793	F	NaN	NaN	NaN
	55101	17.177562820734007	0.020333264119776005	F	NaN	NaN	NaN
	55102	17.11240075959687	0.020758689617147198	F	NaN	NaN	NaN
	55103	17.054558431539377	0.021958394784259476	F	NaN	NaN	NaN
	55104	17.004168542001434	0.02338571226191658	F	NaN	NaN	NaN
	55105	16.961101952141096	0.02511899560110559	F	NaN	NaN	NaN
	55106	16.926184589544576	0.02788967814993177	F	NaN	NaN	NaN
	55107	16.89702276734118	0.02886491225637655	F	NaN	NaN	NaN
	55108	16.876398630473126	0.028794406879503028	F	NaN	NaN	NaN
	55109	16.86361342532089	0.028402209211295715	F	NaN	NaN	NaN
	55110	16.857668707980494	0.027787810071601117	F	NaN	NaN	NaN
	55111	16.857653605052956	0.027927681596818875	F	NaN	NaN	NaN
	55112	16.862721924339542	0.02912850331560764	F	NaN	NaN	NaN
	55113	16.87191292236152	0.030576665734530016	F	NaN	NaN	NaN
	55114	16.88420376931047	0.031978759242231244	F	NaN	NaN	NaN
	55115	16.898774370667205	0.03213906945843964	F	NaN	NaN	NaN
	55116	16.915758413236006	0.030755915708378115	F	NaN	NaN	NaN
	55117	16.93914531383839	0.02801763733219807	F	NaN	NaN	NaN
	55118	16.967046362729235	0.025562736546477706	F	NaN	NaN	NaN
	55119	16.99668552400322	0.024932258040778737	F	NaN	NaN	NaN
	55120	17.026915679960204	0.024622300781070555	F	NaN	NaN	NaN
	55121	17.061763442354884	0.024120898038208355	F	NaN	NaN	NaN
	55122	17.09922213975064	0.024374816972691338	F	NaN	NaN	NaN
	55123	17.13657107184636	0.02559189672738947	F	NaN	NaN	NaN
	55124	17.172470294054758	0.026352869484173758	F	NaN	NaN	NaN
	55125	17.20998824909067	0.026782377499584675	F	NaN	NaN	NaN
	55126	17.248486408229578	0.027191881550009598	F	NaN	NaN	NaN
	55127	17.286899896951162	0.027286774498358722	F	NaN	NaN	NaN
	55128	17.32535332449712	0.026586209459012196	F	NaN	NaN	NaN
	55129	17.36572596536563	0.026229356677862067	F	NaN	NaN	NaN
	55130	17.405642936997207	0.026534047097506452	F	NaN	NaN	NaN
	55131	17.44340410874839	0.02645621281458583	F	NaN	NaN	NaN
	55132	17.481187046664967	0.027416537843309448	F	NaN	NaN	NaN
	55133	17.518475042652287	0.028941825424298767	F	NaN	NaN	NaN
	55134	17.554338866804116	0.031118706288734033	F	NaN	NaN	NaN
	55135	17.588127992697206	0.03184123172952058	F	NaN	NaN	NaN
	55136	17.620866123664815	0.031851434206636324	F	NaN	NaN	NaN
	55137	17.65281959585816	0.031639187137501704	F	NaN	NaN	NaN
	55138	17.68403382129549	0.03207271781510322	F	NaN	NaN	NaN
	55139	17.714546739960326	0.03291912954868565	F	NaN	NaN	NaN
	55140	17.744365773711827	0.03433350508042923	F	NaN	NaN	NaN
	55141	17.773565766029186	0.035912644902100374	F	NaN	NaN	NaN
	55142	17.80218554138107	0.03740705770661725	F	NaN	NaN	NaN
	55143	17.830255289958245	0.038605027391673534	F	NaN	NaN	NaN
	55144	17.857806886667255	0.03893549037251261	F	NaN	NaN	NaN
	55145	17.88484700418325	0.038317734924114666	F	NaN	NaN	NaN
	55146	17.91120988561644	0.03789937297214932	F	NaN	NaN	NaN
	55147	17.936911669977516	0.03723281394253769	F	NaN	NaN	NaN
	55148	17.9619772326788	0.03664247171660165	F	NaN	NaN	NaN
	55149	17.986417351197943	0.036411587183664516	F	NaN	NaN	NaN
	55150	18.010249432087836	0.03627688756107396	F	NaN	NaN	NaN
	55151	18.03347727805657	0.036923500878380235	F	NaN	NaN	NaN
	55152	18.056076250263544	0.03866069082351044	F	NaN	NaN	NaN
	55153	18.07810640602854	0.042413395424562884	F	NaN	NaN	NaN
	55154	18.099645323096357	0.04630006491860886	F	NaN	NaN	NaN
	55155	18.12077851621526	0.05071873388517063	F	NaN	NaN	NaN
	55156	18.141502475475345	0.055301355758483425	F	NaN	NaN	NaN
	55157	18.161810930397355	0.05965137481493531	F	NaN	NaN	NaN
	55158	18.181697610502006	0.06323382478130579	F	NaN	NaN	NaN
	55159	18.20108940562682	0.0662426576167229	F	NaN	NaN	NaN
	55160	18.220111871856417	0.068982432426881	F	NaN	NaN	NaN
	55161	18.2387037977406	0.07119841679065807	F	NaN	NaN	NaN
	55162	18.256859378579357	0.07262984391158636	F	NaN	NaN	NaN
	55163	18.274572809672676	0.07342094836731962	F	NaN	NaN	NaN
	55164	18.291791356088734	0.0744104673948564	F	NaN	NaN	NaN
	55165	18.30852048723032	0.07515725136564846	F	NaN	NaN	NaN
	55166	18.324787559683944	0.07577313961094172	F	NaN	NaN	NaN
	55167	18.340586768749585	0.07685955102929391	F	NaN	NaN	NaN
	55168	18.35591230972723	0.07861525111452923	F	NaN	NaN	NaN
	55169	18.370758377916868	0.0807462251558361	F	NaN	NaN	NaN
	55170	18.385119168618473	0.0830110682931329	F	NaN	NaN	NaN
	55171	18.39898887713203	0.086358564294928	F	NaN	NaN	NaN
	55172	18.412278714611933	0.09071956143037407	F	NaN	NaN	NaN
	55173	18.425057093933738	0.0958060201911543	F	NaN	NaN	NaN
	55174	18.437324482124975	0.10158900362347836	F	NaN	NaN	NaN
	55175	18.44907507448563	0.10721647304335322	F	NaN	NaN	NaN
	55176	18.460303066315685	0.11323004991962479	F	NaN	NaN	NaN
	55177	18.471002652915125	0.1203944381089814	F	NaN	NaN	NaN
	55178	18.481168029583927	0.12804315407873235	F	NaN	NaN	NaN
	55179	18.490766720104364	0.13615281759556733	F	NaN	NaN	NaN
	55180	18.49974784258389	0.14464617629511817	F	NaN	NaN	NaN
	55181	18.50817484619027	0.1534744731593671	F	NaN	NaN	NaN
	55182	18.516958099162654	0.16222941293243773	F	NaN	NaN	NaN
	55183	18.52599153246968	0.17090698042910213	F	NaN	NaN	NaN
	55184	18.535024965776703	0.17958454792576647	F	NaN	NaN	NaN
	55185	18.54509731828134	0.18729424592913244	F	NaN	NaN	NaN
	55186	18.556142017095308	0.19409809453450283	F	NaN	NaN	NaN
	55187	18.567186715909273	0.20090194313987325	F	NaN	NaN	NaN
	55188	18.578924033585206	0.20698998300130433	F	NaN	NaN	NaN
	55189	18.5918152236334	0.21188551717337634	F	NaN	NaN	NaN
	55190	18.60470641368159	0.21678105134544834	F	NaN	NaN	NaN
	55191	18.61799053689784	0.22130606464142025	F	NaN	NaN	NaN
	55192	18.632563443907536	0.22461580435127526	F	NaN	NaN	NaN
	55193	18.64713635091723	0.2279255440611303	F	NaN	NaN	NaN
	55194	18.661849120042827	0.23110346478966626	F	NaN	NaN	NaN
	55195	18.67793896974131	0.23298349754376896	F	NaN	NaN	NaN
	55196	18.69402881943979	0.23486353029787171	F	NaN	NaN	NaN
	55197	18.710118669138268	0.23674356305197447	F	NaN	NaN	NaN
	55198	18.727494092958327	0.23744293709023534	F	NaN	NaN	NaN
	55199	18.74493611107287	0.23808115157892928	F	NaN	NaN	NaN
	55200	18.762378129187415	0.23871936606762328	F	NaN	NaN	NaN
	55201	18.78078110538217	0.23852862299021332	F	NaN	NaN	NaN
	55202	18.79941051764006	0.2381425478877754	F	NaN	NaN	NaN
	55203	18.81803992989795	0.2377564727853375	F	NaN	NaN	NaN
	55204	18.837352298836436	0.23648485377817244	F	NaN	NaN	NaN
	55205	18.85700433096495	0.23477281640167635	F	NaN	NaN	NaN
	55206	18.876656363093467	0.2330607790251802	F	NaN	NaN	NaN
	55207	18.896759965144724	0.23164028009296406	F	NaN	NaN	NaN
	55208	18.917269842871143	0.2304820771470884	F	NaN	NaN	NaN
	55209	18.93777972059756	0.22932387420121278	F	NaN	NaN	NaN
	55210	18.95855639613061	0.2277881404674543	F	NaN	NaN	NaN
	55211	18.97975934518222	0.2256492107054125	F	NaN	NaN	NaN
	55212	19.000962294233826	0.22351028094337066	F	NaN	NaN	NaN
	55213	19.022293883617706	0.22128748142484234	F	NaN	NaN	NaN
	55214	19.04402512972178	0.21880411734457633	F	NaN	NaN	NaN
	55215	19.065756375825853	0.21632075326431033	F	NaN	NaN	NaN
	55216	19.0875247194296	0.2140045771795639	F	NaN	NaN	NaN
	55217	19.10961948831342	0.2131595080088267	F	NaN	NaN	NaN
	55218	19.13171425719724	0.21231443883808948	F	NaN	NaN	NaN
	55219	19.15380902608106	0.21146936966735225	F	NaN	NaN	NaN
	55220	19.17609471278073	0.2112828196322918	F	NaN	NaN	NaN
	55221	19.198388230171577	0.21112327943894138	F	NaN	NaN	NaN
	55222	19.220681747562427	0.21096373924559103	F	NaN	NaN	NaN
	55223	19.24300309494731	0.21125672665367934	F	NaN	NaN	NaN
	55224	19.265330586572464	0.2116496220355436	F	NaN	NaN	NaN
	55225	19.28765807819762	0.21204251741740784	F	NaN	NaN	NaN
	55226	19.309896926636743	0.21328041599344463	F	NaN	NaN	NaN
	55227	19.33209361822348	0.21492018048283784	F	NaN	NaN	NaN
	55228	19.354290309810224	0.21655994497223097	F	NaN	NaN	NaN
	55229	19.376328499672624	0.21907450722613703	F	NaN	NaN	NaN
	55230	19.398229616948235	0.22234559621812625	F	NaN	NaN	NaN
	55231	19.42013073422385	0.22561668521011546	F	NaN	NaN	NaN
	55232	19.441850105878554	0.22946985374512535	F	NaN	NaN	NaN
	55233	19.463290874570315	0.23421530834759566	F	NaN	NaN	NaN
	55234	19.484731643262077	0.23896076295006594	F	NaN	NaN	NaN
	55235	19.506014037078124	0.24466623629982315	F	NaN	NaN	NaN
	55236	19.526829682913313	0.2532009892930199	F	NaN	NaN	NaN
	55237	19.547645328748505	0.2617357422862166	F	NaN	NaN	NaN
	55238	19.56837258509493	0.27011400257123597	F	NaN	NaN	NaN
	55239	19.58839833380083	0.2772502505762054	F	NaN	NaN	NaN
	55240	19.60842408250673	0.2843864985811749	F	NaN	NaN	NaN
	55241	19.62844983121263	0.29152274658614435	F	NaN	NaN	NaN
	55242	19.647549119056446	0.29991992795856637	F	NaN	NaN	NaN
	55243	19.666620196360334	0.3083555044889124	F	NaN	NaN	NaN
	55244	19.685691273664222	0.31679108101925835	F	NaN	NaN	NaN

# FILTER V
#        MJD  MAG  MAGERR  Upperlimit  Instrument  Telescope  Source
	55093	18.04115486019721	0.0905714529528896	F	NaN	NaN	NaN
	55094	17.904374563500593	0.07456840117584772	F	NaN	NaN	NaN
	55095	17.77690046944137	0.06052983750661092	F	NaN	NaN	NaN
	55096	17.65899222910586	0.04873913436076746	F	NaN	NaN	NaN
	55097	17.550835835570762	0.03881527644016816	F	NaN	NaN	NaN
	55098	17.451914951187767	0.030937232784472073	F	NaN	NaN	NaN
	55099	17.362362126855498	0.025316199140129905	F	NaN	NaN	NaN
	55100	17.28206526016538	0.022037702957514966	F	NaN	NaN	NaN
	55101	17.210947182381783	0.0206432840680652	F	NaN	NaN	NaN
	55102	17.148921272517757	0.020999090462461956	F	NaN	NaN	NaN
	55103	17.096260250891852	0.022502206383914793	F	NaN	NaN	NaN
	55104	17.052418146127945	0.024300974915618542	F	NaN	NaN	NaN
	55105	17.01765240344855	0.026707628413847502	F	NaN	NaN	NaN
	55106	16.99233612092236	0.02992850817393879	F	NaN	NaN	NaN
	55107	16.974238696189705	0.03152366309290129	F	NaN	NaN	NaN
	55108	16.966509733039356	0.031225221595564838	F	NaN	NaN	NaN
	55109	16.968005842150816	0.030692019473317754	F	NaN	NaN	NaN
	55110	16.97727342424364	0.02978048364741289	F	NaN	NaN	NaN
	55111	16.992953466988304	0.029279435560704427	F	NaN	NaN	NaN
	55112	17.01374819411668	0.029762272081752222	F	NaN	NaN	NaN
	55113	17.038215839023472	0.030480433484903598	F	NaN	NaN	NaN
	55114	17.06491111341279	0.03137597752432874	F	NaN	NaN	NaN
	55115	17.092517905734237	0.03159074707513465	F	NaN	NaN	NaN
	55116	17.121235831932786	0.030767303701582156	F	NaN	NaN	NaN
	55117	17.156994559609743	0.02869564125707407	F	NaN	NaN	NaN
	55118	17.197196814707013	0.02754413290034397	F	NaN	NaN	NaN
	55119	17.237940416664845	0.027208673924793703	F	NaN	NaN	NaN
	55120	17.277294431137353	0.027035734543667846	F	NaN	NaN	NaN
	55121	17.320797262258044	0.02681790642481266	F	NaN	NaN	NaN
	55122	17.368010823925996	0.026734441857068008	F	NaN	NaN	NaN
	55123	17.417659227723778	0.026968753493016348	F	NaN	NaN	NaN
	55124	17.468471407456118	0.027864020577243666	F	NaN	NaN	NaN
	55125	17.519157173453074	0.028955493188496606	F	NaN	NaN	NaN
	55126	17.5684383201331	0.02999127691718513	F	NaN	NaN	NaN
	55127	17.615034181778906	0.030580047935163772	F	NaN	NaN	NaN
	55128	17.65989553250291	0.030370863344305304	F	NaN	NaN	NaN
	55129	17.70720834942311	0.030150771548200374	F	NaN	NaN	NaN
	55130	17.75295357618459	0.03093450478633355	F	NaN	NaN	NaN
	55131	17.794087366916447	0.03162971728237933	F	NaN	NaN	NaN
	55132	17.834401141294116	0.03290024940991887	F	NaN	NaN	NaN
	55133	17.873802878500463	0.0343402961545438	F	NaN	NaN	NaN
	55134	17.91153794453754	0.03635286839868737	F	NaN	NaN	NaN
	55135	17.947193330593635	0.03746920518868047	F	NaN	NaN	NaN
	55136	17.981701543012022	0.04007435677404263	F	NaN	NaN	NaN
	55137	18.014428933807295	0.04095662818703924	F	NaN	NaN	NaN
	55138	18.045641016735836	0.04108943823773562	F	NaN	NaN	NaN
	55139	18.075349314433755	0.0412532985428471	F	NaN	NaN	NaN
	55140	18.103620659539242	0.04205927750634273	F	NaN	NaN	NaN
	55141	18.130503802194728	0.04244280418887161	F	NaN	NaN	NaN
	55142	18.156044731154086	0.04307903014628651	F	NaN	NaN	NaN
	55143	18.180296563304967	0.04429557019910258	F	NaN	NaN	NaN
	55144	18.203282378613657	0.044872610541302455	F	NaN	NaN	NaN
	55145	18.225060620359713	0.04580647755254185	F	NaN	NaN	NaN
	55146	18.24567774068898	0.04545000151658832	F	NaN	NaN	NaN
	55147	18.265032981784923	0.04522728646611823	F	NaN	NaN	NaN
	55148	18.283033447609906	0.04540837572875532	F	NaN	NaN	NaN
	55149	18.299765116629146	0.04552111164477027	F	NaN	NaN	NaN
	55150	18.315332631753495	0.04638197959151094	F	NaN	NaN	NaN
	55151	18.329848431714357	0.04717725073010927	F	NaN	NaN	NaN
	55152	18.343871616530254	0.04829891696415242	F	NaN	NaN	NaN
	55153	18.358836824215093	0.05011104722649243	F	NaN	NaN	NaN
	55154	18.374476624705704	0.05156912565412125	F	NaN	NaN	NaN
	55155	18.39037864592162	0.05362389812576114	F	NaN	NaN	NaN
	55156	18.406138716149208	0.054885232008062584	F	NaN	NaN	NaN
	55157	18.421350016224967	0.05612774823327432	F	NaN	NaN	NaN
	55158	18.4356057269854	0.057756026836139174	F	NaN	NaN	NaN
	55159	18.44886411848769	0.05942388975150993	F	NaN	NaN	NaN
	55160	18.46203913629654	0.061740704381694995	F	NaN	NaN	NaN
	55161	18.475227375017756	0.064355515003858	F	NaN	NaN	NaN
	55162	18.488430047453697	0.066901696783235	F	NaN	NaN	NaN
	55163	18.50164836640674	0.06925698871887925	F	NaN	NaN	NaN
	55164	18.51488551960003	0.07190375176265841	F	NaN	NaN	NaN
	55165	18.528142460084936	0.07459504654087606	F	NaN	NaN	NaN
	55166	18.541419207000793	0.07697540355317384	F	NaN	NaN	NaN
	55167	18.554716973149965	0.07941062524973785	F	NaN	NaN	NaN
	55168	18.56803697133482	0.08194914637128065	F	NaN	NaN	NaN
	55169	18.581380414357724	0.08449049356961279	F	NaN	NaN	NaN
	55170	18.594748515021045	0.0871088178346563	F	NaN	NaN	NaN
	55171	18.608142486127154	0.09014772675756365	F	NaN	NaN	NaN
	55172	18.621568395298674	0.09210738259359869	F	NaN	NaN	NaN
	55173	18.63502335202615	0.09472956070602102	F	NaN	NaN	NaN
	55174	18.648508339110258	0.09724747807332275	F	NaN	NaN	NaN
	55175	18.662024569353363	0.09965588070403619	F	NaN	NaN	NaN
	55176	18.675573255557836	0.10215234262981998	F	NaN	NaN	NaN
	55177	18.68915561052604	0.10471513931896753	F	NaN	NaN	NaN
	55178	18.702772847060345	0.10698809217938285	F	NaN	NaN	NaN
	55179	18.716428185125974	0.10893342106359694	F	NaN	NaN	NaN
	55180	18.730125824259673	0.11113273701642501	F	NaN	NaN	NaN
	55181	18.743862504873324	0.11331161733801773	F	NaN	NaN	NaN
	55182	18.757667701863745	0.11534674981217374	F	NaN	NaN	NaN
	55183	18.771504381761233	0.11731001286489576	F	NaN	NaN	NaN
	55184	18.78534106165872	0.1192732759176178	F	NaN	NaN	NaN
	55185	18.79925124426173	0.12125149503556819	F	NaN	NaN	NaN
	55186	18.813231330081603	0.12324393780778756	F	NaN	NaN	NaN
	55187	18.827211415901477	0.12523638058000694	F	NaN	NaN	NaN
	55188	18.841249519399806	0.12715472383720955	F	NaN	NaN	NaN
	55189	18.855385944962208	0.12894749127928623	F	NaN	NaN	NaN
	55190	18.869522370524614	0.1307402587213629	F	NaN	NaN	NaN
	55191	18.883697669760686	0.1325916138135675	F	NaN	NaN	NaN
	55192	18.89800336888576	0.1346394983909702	F	NaN	NaN	NaN
	55193	18.912309068010835	0.1366873829683729	F	NaN	NaN	NaN
	55194	18.926630837827073	0.13872465493530614	F	NaN	NaN	NaN
	55195	18.941118744334958	0.14065221513096615	F	NaN	NaN	NaN
	55196	18.955606650842842	0.14257977532662616	F	NaN	NaN	NaN
	55197	18.970094557350723	0.14450733552228617	F	NaN	NaN	NaN
	55198	18.984767213792512	0.14649134234207664	F	NaN	NaN	NaN
	55199	18.999450261503355	0.14847852400499867	F	NaN	NaN	NaN
	55200	19.0141333092142	0.15046570566792067	F	NaN	NaN	NaN
	55201	19.02898391974114	0.15253517326576893	F	NaN	NaN	NaN
	55202	19.04387504247508	0.154624535401715	F	NaN	NaN	NaN
	55203	19.05876616520902	0.15671389753766107	F	NaN	NaN	NaN
	55204	19.07380400466354	0.158924238096094	F	NaN	NaN	NaN
	55205	19.08891613624072	0.16119583781957847	F	NaN	NaN	NaN
	55206	19.104028267817895	0.16346743754306292	F	NaN	NaN	NaN
	55207	19.119262611042426	0.16586735959790666	F	NaN	NaN	NaN
	55208	19.134608685282984	0.16838459931250677	F	NaN	NaN	NaN
	55209	19.149954759523542	0.1709018390271069	F	NaN	NaN	NaN
	55210	19.1653948813605	0.17353704513578289	F	NaN	NaN	NaN
	55211	19.18098783208458	0.17636394857023135	F	NaN	NaN	NaN
	55212	19.19658078280866	0.17919085200467977	F	NaN	NaN	NaN
	55213	19.212235958100468	0.18204766535352676	F	NaN	NaN	NaN
	55214	19.228088719128216	0.1849994536080129	F	NaN	NaN	NaN
	55215	19.243941480155964	0.18795124186249906	F	NaN	NaN	NaN
	55216	19.25982098374505	0.19096571363636963	F	NaN	NaN	NaN
	55217	19.275946488896604	0.1945568034654	F	NaN	NaN	NaN
	55218	19.292071994048158	0.19814789329443033	F	NaN	NaN	NaN
	55219	19.308197499199714	0.20173898312346067	F	NaN	NaN	NaN
	55220	19.32459628387245	0.20579271029709933	F	NaN	NaN	NaN
	55221	19.34100746696795	0.20986742687148763	F	NaN	NaN	NaN
	55222	19.357418650063455	0.2139421434458759	F	NaN	NaN	NaN
	55223	19.374073246538455	0.21807598556546962	F	NaN	NaN	NaN
	55224	19.390783041398052	0.22222323547139844	F	NaN	NaN	NaN
	55225	19.407492836257646	0.2263704853773273	F	NaN	NaN	NaN
	55226	19.424412519377334	0.2311632357898144	F	NaN	NaN	NaN
	55227	19.441433859821164	0.23626862805370508	F	NaN	NaN	NaN
	55228	19.45845520026499	0.2413740203175957	F	NaN	NaN	NaN
	55229	19.475649244871793	0.24707966998139513	F	NaN	NaN	NaN
	55230	19.492995064719995	0.25331283565987045	F	NaN	NaN	NaN
	55231	19.510340884568194	0.2595460013383457	F	NaN	NaN	NaN
	55232	19.52781856550454	0.26594792175054605	F	NaN	NaN	NaN
	55233	19.54550179857726	0.272612906092595	F	NaN	NaN	NaN
	55234	19.563185031649976	0.27927789043464385	F	NaN	NaN	NaN
	55235	19.580955623758282	0.2860309354247488	F	NaN	NaN	NaN
	55236	19.598989203875657	0.2930490805771312	F	NaN	NaN	NaN
	55237	19.617022783993036	0.3000672257295136	F	NaN	NaN	NaN
	55238	19.635095562115726	0.30708333880173655	F	NaN	NaN	NaN
	55239	19.653492423097905	0.3140826509591276	F	NaN	NaN	NaN
	55240	19.671889284080088	0.3210819631165186	F	NaN	NaN	NaN
	55241	19.69028614506227	0.3280812752739096	F	NaN	NaN	NaN
	55242	19.709046598726708	0.3356106109536139	F	NaN	NaN	NaN
	55243	19.727819674393828	0.3431583462289244	F	NaN	NaN	NaN
	55244	19.746592750060948	0.35070608150423493	F	NaN	NaN	NaN

# FILTER B
#        MJD  MAG  MAGERR  Upperlimit  Instrument  Telescope  Source
	55096	18.13238341524333	0.07790542901825123	F	NaN	NaN	NaN
	55097	18.017040706610203	0.06107444893000348	F	NaN	NaN	NaN
	55098	17.91383645395591	0.047192356990454834	F	NaN	NaN	NaN
	55099	17.822622279917095	0.03747568201770573	F	NaN	NaN	NaN
	55100	17.743257877653612	0.030986321730969803	F	NaN	NaN	NaN
	55101	17.67570000531435	0.029051367786093442	F	NaN	NaN	NaN
	55102	17.62006272214573	0.029621478510551066	F	NaN	NaN	NaN
	55103	17.576520101948937	0.03206563357543293	F	NaN	NaN	NaN
	55104	17.544659125015915	0.0349077768845735	F	NaN	NaN	NaN
	55105	17.525737641010785	0.03817833505320014	F	NaN	NaN	NaN
	55106	17.51665445408239	0.0400174733965842	F	NaN	NaN	NaN
	55107	17.522376689989425	0.04119448197731526	F	NaN	NaN	NaN
	55108	17.541241908038447	0.04268922421431226	F	NaN	NaN	NaN
	55109	17.57129322964233	0.04641518559151042	F	NaN	NaN	NaN
	55110	17.61055847757945	0.0524176367673638	F	NaN	NaN	NaN
	55111	17.657168018898542	0.05843546359968313	F	NaN	NaN	NaN
	55112	17.709314753897594	0.06386349255701149	F	NaN	NaN	NaN
	55113	17.765009363853302	0.06574080562909856	F	NaN	NaN	NaN
	55114	17.824498410827	0.06424385052498179	F	NaN	NaN	NaN
	55115	17.897270121144235	0.061280696459991985	F	NaN	NaN	NaN
	55116	17.979324903809534	0.05865368921349508	F	NaN	NaN	NaN
	55117	18.064341174199534	0.059528137928204786	F	NaN	NaN	NaN
	55118	18.14601251015264	0.05975346228372416	F	NaN	NaN	NaN
	55119	18.224925510449612	0.05858317412916977	F	NaN	NaN	NaN
	55120	18.315528200794855	0.058818196483915314	F	NaN	NaN	NaN
	55121	18.411876077932163	0.061763455956707694	F	NaN	NaN	NaN
	55122	18.506433954627504	0.06644989414501104	F	NaN	NaN	NaN
	55123	18.591735652523163	0.07068014217105478	F	NaN	NaN	NaN
	55124	18.663994975957475	0.07024604708040473	F	NaN	NaN	NaN
	55125	18.732722218266606	0.0661360617075126	F	NaN	NaN	NaN
	55126	18.7984320603725	0.06561951373006465	F	NaN	NaN	NaN
	55127	18.860480537283014	0.06643137202556454	F	NaN	NaN	NaN
	55128	18.91756432636422	0.06826710617954819	F	NaN	NaN	NaN
	55129	18.969198981005142	0.0720422316660363	F	NaN	NaN	NaN
	55130	19.019596900071235	0.07819029654772792	F	NaN	NaN	NaN
	55131	19.070504556399804	0.08094405109956396	F	NaN	NaN	NaN
	55132	19.11488068826452	0.08659502925030753	F	NaN	NaN	NaN
	55133	19.156435381590583	0.09520832867825219	F	NaN	NaN	NaN
	55134	19.2002641299699	0.10327369629844546	F	NaN	NaN	NaN
	55135	19.244612141219214	0.10761544432603984	F	NaN	NaN	NaN
	55136	19.27754211557319	0.11585259807808204	F	NaN	NaN	NaN
	55137	19.326379703312824	0.1173682548766361	F	NaN	NaN	NaN
	55138	19.37429743516796	0.11891622974292199	F	NaN	NaN	NaN
	55139	19.420897678192862	0.12135729178192252	F	NaN	NaN	NaN
	55140	19.466026047670965	0.12325633728407628	F	NaN	NaN	NaN
	55141	19.509705085350273	0.12459842311963651	F	NaN	NaN	NaN
	55142	19.551759450234236	0.12620883450331233	F	NaN	NaN	NaN
	55143	19.592206436817698	0.12987000233630738	F	NaN	NaN	NaN
	55144	19.630905843600633	0.13212890083740708	F	NaN	NaN	NaN
	55145	19.667851789376023	0.13270816991001444	F	NaN	NaN	NaN
	55146	19.702897487187055	0.1298779788601032	F	NaN	NaN	NaN
	55147	19.736757100473657	0.12852979547370552	F	NaN	NaN	NaN
	55148	19.770082965097508	0.12807219482734067	F	NaN	NaN	NaN
	55149	19.802278757012207	0.1285627801299117	F	NaN	NaN	NaN
	55150	19.832747111332427	0.13291100850581172	F	NaN	NaN	NaN
	55151	19.860914543249354	0.13505462437598914	F	NaN	NaN	NaN
	55152	19.886385323253933	0.1430336337276964	F	NaN	NaN	NaN
	55153	19.90968620716348	0.1544580426305703	F	NaN	NaN	NaN
	55154	19.930959032608627	0.1676304157403271	F	NaN	NaN	NaN
	55155	19.950330194123552	0.187538538022759	F	NaN	NaN	NaN
	55156	19.96789640449636	0.21157053475514787	F	NaN	NaN	NaN
	55157	19.98376326924407	0.2374653203791387	F	NaN	NaN	NaN
	55158	19.998036393883677	0.26704283032294346	F	NaN	NaN	NaN

# FILTER u
#        MJD  MAG  MAGERR  Upperlimit  Instrument  Telescope  Source
	55096	19.19087535695911	0.3164352324784136	F	NaN	NaN	NaN
	55097	19.086365344744287	0.23593293357710668	F	NaN	NaN	NaN
	55098	18.988550638318504	0.182919750466664	F	NaN	NaN	NaN
	55099	18.8967032145037	0.15430556135214024	F	NaN	NaN	NaN
	55100	18.8108734681875	0.1397267911548273	F	NaN	NaN	NaN
	55101	18.732211020156626	0.1335310600946942	F	NaN	NaN	NaN
	55102	18.660139359118816	0.13337749954276032	F	NaN	NaN	NaN
	55103	18.59788696385912	0.13521080640251232	F	NaN	NaN	NaN
	55104	18.54275928525704	0.14452681437121156	F	NaN	NaN	NaN
	55105	18.49535496192509	0.16657795460215238	F	NaN	NaN	NaN
	55106	18.464145471728255	0.1800838086692883	F	NaN	NaN	NaN
	55107	18.448798514248427	0.1890021194794602	F	NaN	NaN	NaN
	55108	18.440119922919692	0.19764408546152007	F	NaN	NaN	NaN
	55109	18.44267353046897	0.20788625299582686	F	NaN	NaN	NaN
	55110	18.460893170211104	0.21937106957708546	F	NaN	NaN	NaN
	55111	18.499256257938182	0.23443900736894985	F	NaN	NaN	NaN
	55112	18.562811695369028	0.24623418129601624	F	NaN	NaN	NaN
	55113	18.65608168716324	0.2555998573159597	F	NaN	NaN	NaN
	55114	18.782646010920626	0.2646299464185448	F	NaN	NaN	NaN
	55115	18.94844619889692	0.2867217046087643	F	NaN	NaN	NaN
	55116	19.155817096048523	0.3254742466017537	F	NaN	NaN	NaN
	55117	19.396376435907854	0.38883459277598204	F	NaN	NaN	NaN
	55118	19.667686869926087	0.484504423895193	F	NaN	NaN	NaN
	55119	19.96861691409864	0.6211237293366658	F	NaN	NaN	NaN