###################### HEADER ######################
# SNNAME:	SN2006ep
###################### HEADER ######################


# FILTER B
#        MJD  MAG  MAGERR  Upperlimit  Instrument  Telescope  Source
	53980	18.22960715257359	0.029315078259285775	F	NaN	NaN	NaN
	53981	18.149863099799653	0.0375132686321322	F	NaN	NaN	NaN
	53982	18.08753160882198	0.051029059795089204	F	NaN	NaN	NaN
	53983	18.042924098433758	0.06253178243543159	F	NaN	NaN	NaN
	53984	18.015549148654905	0.07108108020839171	F	NaN	NaN	NaN
	53985	18.0046437440091	0.07721332541549374	F	NaN	NaN	NaN
	53986	18.009659274005358	0.08226634810783867	F	NaN	NaN	NaN
	53987	18.03252210681139	0.08078761340946469	F	NaN	NaN	NaN
	53988	18.074292733150294	0.07105702808101788	F	NaN	NaN	NaN
	53989	18.130831431284374	0.0672142704063092	F	NaN	NaN	NaN
	53990	18.21209699590646	0.057585561705379484	F	NaN	NaN	NaN
	53991	18.30481900853851	0.051934352495874705	F	NaN	NaN	NaN
	53992	18.41074300903708	0.05076845260077463	F	NaN	NaN	NaN
	53993	18.52264235209947	0.05418806639396515	F	NaN	NaN	NaN
	53994	18.651350378232195	0.06813575552800973	F	NaN	NaN	NaN
	53995	18.784770511469734	0.08304973470636888	F	NaN	NaN	NaN
	53996	18.912190759434242	0.08566535631514376	F	NaN	NaN	NaN
	53997	19.052222591889027	0.08756188285854115	F	NaN	NaN	NaN
	53998	19.174933674647676	0.08345669300203484	F	NaN	NaN	NaN
	53999	19.290721467620525	0.07527849225051171	F	NaN	NaN	NaN
	54000	19.40231619851125	0.0697542627051529	F	NaN	NaN	NaN
	54001	19.508753659721112	0.06731082007035703	F	NaN	NaN	NaN
	54002	19.611005311135767	0.06431080950368268	F	NaN	NaN	NaN
	54003	19.709012717474973	0.06218331792637922	F	NaN	NaN	NaN
	54004	19.8025896332138	0.06080853135673511	F	NaN	NaN	NaN
	54005	19.89174993967514	0.061886084189106925	F	NaN	NaN	NaN
	54006	19.97669910821488	0.06684178560867939	F	NaN	NaN	NaN
	54007	20.05739321955613	0.07699533998414884	F	NaN	NaN	NaN
	54008	20.132548761010025	0.08675312180857728	F	NaN	NaN	NaN
	54009	20.202174519204593	0.09452829861767523	F	NaN	NaN	NaN
	54010	20.266490032733017	0.10089496739785062	F	NaN	NaN	NaN
	54011	20.325984513061428	0.10530736766951737	F	NaN	NaN	NaN
	54012	20.38105424224752	0.10864658748859843	F	NaN	NaN	NaN
	54013	20.431965663456733	0.11086108828592445	F	NaN	NaN	NaN
	54014	20.47867154516644	0.11264931182821156	F	NaN	NaN	NaN
	54015	20.521548432456616	0.11444948625284856	F	NaN	NaN	NaN
	54016	20.561139443480158	0.1159789406541232	F	NaN	NaN	NaN
	54017	20.597711021402542	0.11671128683725254	F	NaN	NaN	NaN
	54018	20.631429086742713	0.11832414499794791	F	NaN	NaN	NaN
	54019	20.66241605061489	0.12023511671861013	F	NaN	NaN	NaN
	54020	20.691256013096126	0.12213079173306635	F	NaN	NaN	NaN
	54021	20.718215417351907	0.12369414665261633	F	NaN	NaN	NaN
	54022	20.743560706547683	0.1250913101111351	F	NaN	NaN	NaN
	54023	20.767392191846184	0.12498462385561371	F	NaN	NaN	NaN
	54024	20.790208775405357	0.12370628059997227	F	NaN	NaN	NaN
	54025	20.80995466575818	0.12185451129716819	F	NaN	NaN	NaN
	54026	20.818867455625995	0.12220165897860323	F	NaN	NaN	NaN
	54027	20.822208661614123	0.12378405253683496	F	NaN	NaN	NaN
	54028	20.826892152934875	0.1263339672569733	F	NaN	NaN	NaN
	54029	20.83993984435291	0.12748647824680698	F	NaN	NaN	NaN
	54030	20.861312636674782	0.12666681725394482	F	NaN	NaN	NaN
	54031	20.882197115549076	0.1264279917480339	F	NaN	NaN	NaN
	54032	20.902265450757476	0.12480264021646591	F	NaN	NaN	NaN
	54033	20.921540296196287	0.12427451024074054	F	NaN	NaN	NaN
	54034	20.940024059116524	0.12361134360039666	F	NaN	NaN	NaN
	54035	20.957713449694708	0.1245160028697783	F	NaN	NaN	NaN
	54036	20.974585357912176	0.1233321310633772	F	NaN	NaN	NaN
	54037	20.990673612610856	0.12315938998535506	F	NaN	NaN	NaN
	54038	21.005980621041765	0.12349274759793545	F	NaN	NaN	NaN
	54039	21.02049323013536	0.1243377082941123	F	NaN	NaN	NaN
	54040	21.034223552817352	0.12522890678442894	F	NaN	NaN	NaN
	54041	21.04717154241075	0.12721625001906856	F	NaN	NaN	NaN
	54042	21.059339681057843	0.1290378044902981	F	NaN	NaN	NaN
	54043	21.07073045090092	0.13139218519588525	F	NaN	NaN	NaN
	54044	21.08134633408227	0.13350606008913923	F	NaN	NaN	NaN
	54045	21.091189812744183	0.13740348599210117	F	NaN	NaN	NaN
	54046	21.10026336902895	0.14179705524054204	F	NaN	NaN	NaN
	54047	21.108569485078853	0.14585176412247647	F	NaN	NaN	NaN
	54048	21.11611064303619	0.15246615616784104	F	NaN	NaN	NaN
	54049	21.122948932420798	0.16086450544317207	F	NaN	NaN	NaN
	54050	21.129100784040634	0.1688978327575908	F	NaN	NaN	NaN
	54051	21.134540895438775	0.17844154846570803	F	NaN	NaN	NaN
	54052	21.139199704446423	0.18798766769823033	F	NaN	NaN	NaN
	54053	21.14303176097983	0.1994502076886144	F	NaN	NaN	NaN
	54054	21.14597885362761	0.2121476056598665	F	NaN	NaN	NaN
	54055	21.147982459708068	0.22563644931407956	F	NaN	NaN	NaN
	54056	21.148999162248295	0.23879916951647082	F	NaN	NaN	NaN

# FILTER V
#        MJD  MAG  MAGERR  Upperlimit  Instrument  Telescope  Source
	53980	17.773549899083115	0.02389122626572346	F	NaN	NaN	NaN
	53981	17.68451879972961	0.02417559461818323	F	NaN	NaN	NaN
	53982	17.607727990576674	0.02571543576458926	F	NaN	NaN	NaN
	53983	17.543266431967474	0.026061088363333575	F	NaN	NaN	NaN
	53984	17.491008422918036	0.02561890003560544	F	NaN	NaN	NaN
	53985	17.450659144726448	0.02495033561977516	F	NaN	NaN	NaN
	53986	17.42207457760446	0.024833914057458377	F	NaN	NaN	NaN
	53987	17.405942878158346	0.023517038243262185	F	NaN	NaN	NaN
	53988	17.403367316913002	0.021231780402161254	F	NaN	NaN	NaN
	53989	17.412842031212076	0.022988052716283434	F	NaN	NaN	NaN
	53990	17.43258468537464	0.026667309979721644	F	NaN	NaN	NaN
	53991	17.46393467654762	0.02776563560004061	F	NaN	NaN	NaN
	53992	17.506288880621693	0.02629638751751259	F	NaN	NaN	NaN
	53993	17.56350617353582	0.02172919585917333	F	NaN	NaN	NaN
	53994	17.62782793838815	0.019276863040869504	F	NaN	NaN	NaN
	53995	17.696005487052854	0.018600022078881496	F	NaN	NaN	NaN
	53996	17.774558789234913	0.01787462875731261	F	NaN	NaN	NaN
	53997	17.85630429677174	0.018117804419704883	F	NaN	NaN	NaN
	53998	17.937526197769394	0.019352922829517206	F	NaN	NaN	NaN
	53999	18.019340682599537	0.018674387624016235	F	NaN	NaN	NaN
	54000	18.103866002320366	0.01740740961424988	F	NaN	NaN	NaN
	54001	18.18846046268418	0.018082208587450948	F	NaN	NaN	NaN
	54002	18.272632180124244	0.0188020517252874	F	NaN	NaN	NaN
	54003	18.357464644512735	0.020969448264538844	F	NaN	NaN	NaN
	54004	18.44055002640012	0.022952118048681996	F	NaN	NaN	NaN
	54005	18.524546508323624	0.02746351532427899	F	NaN	NaN	NaN
	54006	18.6053674458339	0.030693642953021877	F	NaN	NaN	NaN
	54007	18.68041218991577	0.030818885440025902	F	NaN	NaN	NaN
	54008	18.75283323961345	0.033781576703077666	F	NaN	NaN	NaN
	54009	18.81844872441371	0.03742430758880319	F	NaN	NaN	NaN
	54010	18.880351507076035	0.04197861937211382	F	NaN	NaN	NaN
	54011	18.93624008341391	0.04558055755553955	F	NaN	NaN	NaN
	54012	18.985576420335843	0.04960981718136316	F	NaN	NaN	NaN
	54013	19.031731345479752	0.05436227794512938	F	NaN	NaN	NaN
	54014	19.07390999036581	0.059770704463947624	F	NaN	NaN	NaN
	54015	19.110853877841286	0.06605215836902978	F	NaN	NaN	NaN
	54016	19.14287522365264	0.07280578327967108	F	NaN	NaN	NaN
	54017	19.171611424005714	0.08036978571569878	F	NaN	NaN	NaN
	54018	19.198847567729242	0.08719286642637353	F	NaN	NaN	NaN
	54019	19.226368122153	0.0932393412669634	F	NaN	NaN	NaN
	54020	19.255918170553677	0.09663979027380408	F	NaN	NaN	NaN
	54021	19.28922324584246	0.09782051934974227	F	NaN	NaN	NaN
	54022	19.326878659543908	0.09402867727232715	F	NaN	NaN	NaN
	54023	19.365469153097607	0.08772351711608857	F	NaN	NaN	NaN
	54024	19.403968594888575	0.08140032655317947	F	NaN	NaN	NaN
	54025	19.441578889070307	0.07537255976830168	F	NaN	NaN	NaN
	54026	19.477522450836062	0.07031184376945111	F	NaN	NaN	NaN
	54027	19.511013815314627	0.06727261660473852	F	NaN	NaN	NaN
	54028	19.541247984252994	0.06632353198775445	F	NaN	NaN	NaN
	54029	19.567419284090953	0.06511020985806962	F	NaN	NaN	NaN
	54030	19.588522676585626	0.06246939974362549	F	NaN	NaN	NaN
	54031	19.609940983878953	0.06085550481667536	F	NaN	NaN	NaN
	54032	19.630353264259657	0.059413105023495505	F	NaN	NaN	NaN
	54033	19.649498221445768	0.05850048568812275	F	NaN	NaN	NaN
	54034	19.66748926308532	0.057264140198607955	F	NaN	NaN	NaN
	54035	19.68453340269326	0.05619168033509399	F	NaN	NaN	NaN
	54036	19.700728434326955	0.056545027718135424	F	NaN	NaN	NaN
	54037	19.716277546072952	0.058247649457829176	F	NaN	NaN	NaN
	54038	19.731306261278352	0.060273847148888594	F	NaN	NaN	NaN
	54039	19.745983904193633	0.06368105468037137	F	NaN	NaN	NaN
	54040	19.760457977909336	0.06696889656977367	F	NaN	NaN	NaN
	54041	19.774886225099642	0.07084637243536691	F	NaN	NaN	NaN
	54042	19.789423109081312	0.07449869584593535	F	NaN	NaN	NaN
	54043	19.804219669254657	0.07816288650211577	F	NaN	NaN	NaN
	54044	19.81943880215692	0.08141686778458393	F	NaN	NaN	NaN
	54045	19.83522162014481	0.08379147156060186	F	NaN	NaN	NaN
	54046	19.85174244062229	0.08507806403559541	F	NaN	NaN	NaN
	54047	19.869071940597287	0.08596621130197694	F	NaN	NaN	NaN
	54048	19.88698646420679	0.08725778259217373	F	NaN	NaN	NaN
	54049	19.905042169910338	0.08891785254301414	F	NaN	NaN	NaN
	54050	19.922811177244146	0.09078649208154084	F	NaN	NaN	NaN
	54051	19.939865117317687	0.09268061447648232	F	NaN	NaN	NaN
	54052	19.95577529621471	0.09354346592953178	F	NaN	NaN	NaN
	54053	19.970351190509973	0.09392805795509483	F	NaN	NaN	NaN
	54054	19.984245438595433	0.093390031356013	F	NaN	NaN	NaN
	54055	19.99810738293773	0.09341425982070507	F	NaN	NaN	NaN
	54056	20.012577169010402	0.09304841616584521	F	NaN	NaN	NaN
	54057	20.028050817811298	0.09370336851317441	F	NaN	NaN	NaN
	54058	20.044322184102757	0.09531361662185667	F	NaN	NaN	NaN
	54059	20.061307318305232	0.09680880986426174	F	NaN	NaN	NaN
	54060	20.078900647140244	0.09821605929677696	F	NaN	NaN	NaN
	54061	20.096996597329284	0.10066819366228816	F	NaN	NaN	NaN
	54062	20.11548959559385	0.10303517155577566	F	NaN	NaN	NaN
	54063	20.13427406865546	0.10560549734794927	F	NaN	NaN	NaN
	54064	20.15324444323561	0.10891865928642393	F	NaN	NaN	NaN
	54065	20.172295146055813	0.1114581581692542	F	NaN	NaN	NaN
	54066	20.19132060383756	0.11506293970036846	F	NaN	NaN	NaN
	54067	20.21044368378826	0.11906781392101878	F	NaN	NaN	NaN
	54068	20.23000713078947	0.12388306945914161	F	NaN	NaN	NaN
	54069	20.249994550298716	0.1282889447537771	F	NaN	NaN	NaN
	54070	20.270356493439948	0.1340391801404429	F	NaN	NaN	NaN
	54071	20.29106310946978	0.1388766257257405	F	NaN	NaN	NaN
	54072	20.312079417027153	0.1452185293592963	F	NaN	NaN	NaN
	54073	20.333365082334122	0.1534372668684641	F	NaN	NaN	NaN
	54074	20.35488913503977	0.16171509201249534	F	NaN	NaN	NaN
	54075	20.37660849817267	0.17107472544542876	F	NaN	NaN	NaN
	54076	20.39849367675871	0.18148821553870345	F	NaN	NaN	NaN
	54077	20.420662316246652	0.19335465899226306	F	NaN	NaN	NaN
	54078	20.443372450619393	0.20771957458214854	F	NaN	NaN	NaN
	54079	20.46660972421243	0.22010476094634965	F	NaN	NaN	NaN
	54080	20.490352288100485	0.23412470519647077	F	NaN	NaN	NaN
	54081	20.514578293358298	0.2482381657742485	F	NaN	NaN	NaN
	54082	20.539283332686043	0.2632484598953888	F	NaN	NaN	NaN
	54083	20.564400590065734	0.27823074895112176	F	NaN	NaN	NaN
	54084	20.58995563632334	0.294789132946768	F	NaN	NaN	NaN
	54085	20.615882623730087	0.31228953319577263	F	NaN	NaN	NaN
	54086	20.642211340073796	0.3291543030813858	F	NaN	NaN	NaN
	54087	20.668861849552517	0.3453307356840668	F	NaN	NaN	NaN
	54088	20.695875824315923	0.3662125942710791	F	NaN	NaN	NaN
	54089	20.72316917091822	0.38664467325226765	F	NaN	NaN	NaN
	54090	20.750774469428233	0.4067091089294981	F	NaN	NaN	NaN
	54091	20.7786243892826	0.4300645022962458	F	NaN	NaN	NaN
	54092	20.806732655789226	0.4528103698232687	F	NaN	NaN	NaN
	54093	20.835050737229256	0.47622483900413115	F	NaN	NaN	NaN
	54094	20.86357576377741	0.500342687482166	F	NaN	NaN	NaN

# FILTER g
#        MJD  MAG  MAGERR  Upperlimit  Instrument  Telescope  Source
	53980	17.958775068103336	0.024695126313871864	F	NaN	NaN	NaN
	53981	17.87951940196653	0.0218289125131672	F	NaN	NaN	NaN
	53982	17.81482514111142	0.021951966543026717	F	NaN	NaN	NaN
	53983	17.765142826645565	0.024702779786174175	F	NaN	NaN	NaN
	53984	17.729637703989386	0.028661357880640243	F	NaN	NaN	NaN
	53985	17.707430046597143	0.032833361204041955	F	NaN	NaN	NaN
	53986	17.697640127923098	0.03590614607599791	F	NaN	NaN	NaN
	53987	17.701725278567007	0.03835156437938417	F	NaN	NaN	NaN
	53988	17.723282518908402	0.0432500533714058	F	NaN	NaN	NaN
	53989	17.759761259775743	0.049040658594574585	F	NaN	NaN	NaN
	53990	17.80835103287125	0.05387829802811983	F	NaN	NaN	NaN
	53991	17.86624136989713	0.05562564318579548	F	NaN	NaN	NaN
	53992	17.93782387831923	0.048716043265599945	F	NaN	NaN	NaN
	53993	18.02888290762237	0.03448881451268504	F	NaN	NaN	NaN
	53994	18.122319922726533	0.025366593032753404	F	NaN	NaN	NaN
	53995	18.211379168978482	0.023138457177881967	F	NaN	NaN	NaN
	53996	18.312032498440335	0.018580409486920094	F	NaN	NaN	NaN
	53997	18.41711954765295	0.017729983077248268	F	NaN	NaN	NaN
	53998	18.517812458741837	0.0189575990046946	F	NaN	NaN	NaN
	53999	18.61554429434219	0.018705600626231292	F	NaN	NaN	NaN
	54000	18.721536512825452	0.02054947898487341	F	NaN	NaN	NaN
	54001	18.823293960905758	0.022042516687674475	F	NaN	NaN	NaN
	54002	18.914639149974487	0.022212493669484384	F	NaN	NaN	NaN
	54003	19.003655047070367	0.022543050638103298	F	NaN	NaN	NaN
	54004	19.090420626691202	0.022943553791848502	F	NaN	NaN	NaN
	54005	19.17512987152094	0.024684892328807405	F	NaN	NaN	NaN
	54006	19.25775940800025	0.02803165528206148	F	NaN	NaN	NaN
	54007	19.338274294912015	0.03328777494212989	F	NaN	NaN	NaN
	54008	19.416639591039083	0.04065977309386572	F	NaN	NaN	NaN
	54009	19.49109082535483	0.047868226146079204	F	NaN	NaN	NaN
	54010	19.55880117122792	0.05059608383627785	F	NaN	NaN	NaN
	54011	19.62063652844907	0.050496921133101474	F	NaN	NaN	NaN
	54012	19.678014472745875	0.049140030267065433	F	NaN	NaN	NaN
	54013	19.73214457075986	0.048554556891779004	F	NaN	NaN	NaN
	54014	19.784241563825866	0.04905435716311609	F	NaN	NaN	NaN
	54015	19.83348632581778	0.04924844919015434	F	NaN	NaN	NaN
	54016	19.877141953074954	0.048963136845972165	F	NaN	NaN	NaN
	54017	19.916036387750882	0.04825059974977426	F	NaN	NaN	NaN
	54018	19.95035115872344	0.04795854193793539	F	NaN	NaN	NaN
	54019	19.980355088743124	0.04888735245685518	F	NaN	NaN	NaN
	54020	20.007048115387654	0.05094487527100572	F	NaN	NaN	NaN
	54021	20.030703583263712	0.05410696981355057	F	NaN	NaN	NaN
	54022	20.051697668948506	0.05859432815431403	F	NaN	NaN	NaN
	54023	20.070831140464232	0.06357450918105435	F	NaN	NaN	NaN
	54024	20.08847379536207	0.06843594314725873	F	NaN	NaN	NaN
	54025	20.105099889614586	0.07266767995455192	F	NaN	NaN	NaN
	54026	20.12131565890412	0.07623990925663919	F	NaN	NaN	NaN
	54027	20.13759199094202	0.07842118472209937	F	NaN	NaN	NaN
	54028	20.154491946664866	0.0789580675735791	F	NaN	NaN	NaN
	54029	20.1724318666308	0.0775694833627498	F	NaN	NaN	NaN
	54030	20.19044934272212	0.07526634459222788	F	NaN	NaN	NaN
	54031	20.206591141545964	0.07336892076722418	F	NaN	NaN	NaN
	54032	20.22109785926352	0.07220002854727472	F	NaN	NaN	NaN
	54033	20.234422757743502	0.07136307651895406	F	NaN	NaN	NaN
	54034	20.246968722777332	0.0715844922399703	F	NaN	NaN	NaN
	54035	20.259138921639536	0.07090840371951802	F	NaN	NaN	NaN
	54036	20.271357517679135	0.07192125906892087	F	NaN	NaN	NaN
	54037	20.284040523178568	0.07359177965326678	F	NaN	NaN	NaN
	54038	20.297590823929266	0.07507808566078383	F	NaN	NaN	NaN
	54039	20.311899511323034	0.07657866762950921	F	NaN	NaN	NaN
	54040	20.326325691460163	0.07829082783781703	F	NaN	NaN	NaN
	54041	20.340735628196207	0.08021319248751205	F	NaN	NaN	NaN
	54042	20.355023990310762	0.08201150024495518	F	NaN	NaN	NaN
	54043	20.369085446583426	0.08379168122786126	F	NaN	NaN	NaN
	54044	20.38281466579379	0.08655682261607736	F	NaN	NaN	NaN
	54045	20.396106316721458	0.08941645549019359	F	NaN	NaN	NaN
	54046	20.408855068146018	0.09211812306688191	F	NaN	NaN	NaN
	54047	20.420955588847068	0.0951394379904043	F	NaN	NaN	NaN
	54048	20.43230254760422	0.0978527865971865	F	NaN	NaN	NaN
	54049	20.442936698561297	0.10033914229594555	F	NaN	NaN	NaN
	54050	20.453090752783677	0.1034895794482977	F	NaN	NaN	NaN
	54051	20.462764903932012	0.10713912322001687	F	NaN	NaN	NaN
	54052	20.471963722437916	0.11122520361683867	F	NaN	NaN	NaN
	54053	20.48069177873297	0.11549112004333462	F	NaN	NaN	NaN
	54054	20.48895364324879	0.12043362952248512	F	NaN	NaN	NaN
	54055	20.49675388641697	0.125598884741615	F	NaN	NaN	NaN
	54056	20.504097078669098	0.13191922288547014	F	NaN	NaN	NaN
	54057	20.510987790436786	0.13845282865759997	F	NaN	NaN	NaN
	54058	20.517430592151634	0.1454581724744685	F	NaN	NaN	NaN
	54059	20.52343005424523	0.153417017341597	F	NaN	NaN	NaN
	54060	20.52899074714919	0.16157631597333272	F	NaN	NaN	NaN
	54061	20.5341172412951	0.17023388403616035	F	NaN	NaN	NaN
	54062	20.538814107114554	0.17883866829357015	F	NaN	NaN	NaN
	54063	20.543085915039175	0.18781576702806788	F	NaN	NaN	NaN
	54064	20.546937235500533	0.1979013943229863	F	NaN	NaN	NaN
	54065	20.550372638930252	0.20933557678651687	F	NaN	NaN	NaN
	54066	20.553396695759915	0.22073457232440685	F	NaN	NaN	NaN
	54067	20.55601397642113	0.23265036001716036	F	NaN	NaN	NaN
	54068	20.558229051345492	0.24516009311025067	F	NaN	NaN	NaN

# FILTER i
#        MJD  MAG  MAGERR  Upperlimit  Instrument  Telescope  Source
	53980	17.635949169538364	0.019147051955353635	F	NaN	NaN	NaN
	53981	17.536784238721776	0.02056398596747283	F	NaN	NaN	NaN
	53982	17.44751863006266	0.023799516455658677	F	NaN	NaN	NaN
	53983	17.3681672292595	0.02733056991689782	F	NaN	NaN	NaN
	53984	17.298566361345873	0.03065430236372438	F	NaN	NaN	NaN
	53985	17.238439091785786	0.03341917849082334	F	NaN	NaN	NaN
	53986	17.187623345439047	0.035789415739412384	F	NaN	NaN	NaN
	53987	17.145920480738006	0.037691206006182615	F	NaN	NaN	NaN
	53988	17.113039958094042	0.03920621866199291	F	NaN	NaN	NaN
	53989	17.08878207093447	0.04037100913170341	F	NaN	NaN	NaN
	53990	17.072950231628788	0.041188357474579065	F	NaN	NaN	NaN
	53991	17.066332682293243	0.0418976980787141	F	NaN	NaN	NaN
	53992	17.07170736329352	0.04288141229333491	F	NaN	NaN	NaN
	53993	17.085711396425125	0.043781487592241014	F	NaN	NaN	NaN
	53994	17.104301207564706	0.043831623624575024	F	NaN	NaN	NaN
	53995	17.12672530118698	0.043075295622409505	F	NaN	NaN	NaN
	53996	17.157845004092465	0.04308162081084215	F	NaN	NaN	NaN
	53997	17.194156408678335	0.0423684208302113	F	NaN	NaN	NaN
	53998	17.23287146539628	0.0392057956737148	F	NaN	NaN	NaN
	53999	17.276951822151243	0.03536812324024943	F	NaN	NaN	NaN
	54000	17.325656837350067	0.032362854110585565	F	NaN	NaN	NaN
	54001	17.377522282332805	0.03083069071137512	F	NaN	NaN	NaN
	54002	17.43320672514369	0.03243293963505891	F	NaN	NaN	NaN
	54003	17.494976072102595	0.03890015715020216	F	NaN	NaN	NaN
	54004	17.56037290485456	0.047316631781943744	F	NaN	NaN	NaN
	54005	17.626785738904758	0.05389408432205506	F	NaN	NaN	NaN
	54006	17.69161823940919	0.05490369712829669	F	NaN	NaN	NaN
	54007	17.754954860479053	0.048989496854252274	F	NaN	NaN	NaN
	54008	17.82455832918474	0.04596646373328471	F	NaN	NaN	NaN
	54009	17.8903277919873	0.044003059022257845	F	NaN	NaN	NaN
	54010	17.94475053503565	0.04048484430542641	F	NaN	NaN	NaN
	54011	17.99495320784307	0.03703387531051805	F	NaN	NaN	NaN
	54012	18.041679777172167	0.034481008028357116	F	NaN	NaN	NaN
	54013	18.08512516920218	0.032806498082105874	F	NaN	NaN	NaN
	54014	18.125487420132554	0.03225620751441029	F	NaN	NaN	NaN
	54015	18.162105083722363	0.031993901511519526	F	NaN	NaN	NaN
	54016	18.19425065537914	0.0326409850995652	F	NaN	NaN	NaN
	54017	18.223333856788823	0.03532422891759951	F	NaN	NaN	NaN
	54018	18.25077214625053	0.03932081863141122	F	NaN	NaN	NaN
	54019	18.277981522414468	0.04315931705661831	F	NaN	NaN	NaN
	54020	18.306396369204894	0.0454752745635468	F	NaN	NaN	NaN
	54021	18.336431848440476	0.04536446270246419	F	NaN	NaN	NaN
	54022	18.36496254470815	0.04366942952513257	F	NaN	NaN	NaN
	54023	18.391898564773506	0.04157515248750381	F	NaN	NaN	NaN
	54024	18.417528303450354	0.03949287140716804	F	NaN	NaN	NaN
	54025	18.442150134309966	0.03815177971855823	F	NaN	NaN	NaN
	54026	18.46606891069487	0.03704212831028229	F	NaN	NaN	NaN
	54027	18.489577944456133	0.03636296329140226	F	NaN	NaN	NaN
	54028	18.512973784558252	0.03514924231526111	F	NaN	NaN	NaN
	54029	18.536557298683977	0.03461025440227261	F	NaN	NaN	NaN
	54030	18.56018095261114	0.0336081849830331	F	NaN	NaN	NaN
	54031	18.583208756561262	0.0327695466421013	F	NaN	NaN	NaN
	54032	18.605670289424722	0.03192381359287656	F	NaN	NaN	NaN
	54033	18.627604776648134	0.031044105393427755	F	NaN	NaN	NaN
	54034	18.6490279617345	0.03019468745796787	F	NaN	NaN	NaN
	54035	18.670001089463316	0.02966069861226183	F	NaN	NaN	NaN
	54036	18.690531473370488	0.030086008406884683	F	NaN	NaN	NaN
	54037	18.710680356876207	0.031136752913705643	F	NaN	NaN	NaN
	54038	18.73046653462776	0.03203302351081497	F	NaN	NaN	NaN
	54039	18.74993574115143	0.03325970945920448	F	NaN	NaN	NaN
	54040	18.769117540010914	0.03497467020607801	F	NaN	NaN	NaN
	54041	18.788052686755346	0.03668503610097562	F	NaN	NaN	NaN
	54042	18.806772015083865	0.03836929366811094	F	NaN	NaN	NaN
	54043	18.825315843392865	0.039932683108804275	F	NaN	NaN	NaN
	54044	18.843715892825795	0.041299658203746786	F	NaN	NaN	NaN
	54045	18.862011335658565	0.04209421361209212	F	NaN	NaN	NaN
	54046	18.880235297831305	0.04270519903862015	F	NaN	NaN	NaN
	54047	18.898383917948298	0.043027243042510974	F	NaN	NaN	NaN
	54048	18.916371108542037	0.043468661491867074	F	NaN	NaN	NaN
	54049	18.934141093862802	0.04454108445604854	F	NaN	NaN	NaN
	54050	18.951640144895965	0.045599124425527326	F	NaN	NaN	NaN
	54051	18.968812723504133	0.04656992896273168	F	NaN	NaN	NaN
	54052	18.98560387279458	0.04734118746609241	F	NaN	NaN	NaN
	54053	19.00191006894731	0.047297847701451005	F	NaN	NaN	NaN
	54054	19.017673330836892	0.046791563044301016	F	NaN	NaN	NaN
	54055	19.0330008123231	0.04650678471783985	F	NaN	NaN	NaN
	54056	19.048003071562178	0.04677770729290932	F	NaN	NaN	NaN
	54057	19.06278785350169	0.04638979512228884	F	NaN	NaN	NaN
	54058	19.077474378972514	0.04658206966087239	F	NaN	NaN	NaN
	54059	19.09216796224903	0.04689573497624888	F	NaN	NaN	NaN
	54060	19.106979440821757	0.047419747212853997	F	NaN	NaN	NaN
	54061	19.122019652181205	0.048018016493151836	F	NaN	NaN	NaN
	54062	19.137399433817908	0.04921895799833788	F	NaN	NaN	NaN
	54063	19.153229623222373	0.050219730612423956	F	NaN	NaN	NaN
	54064	19.169621057885134	0.050903141538251734	F	NaN	NaN	NaN
	54065	19.1866845752967	0.0517377943550559	F	NaN	NaN	NaN
	54066	19.204531012947594	0.05234263846754281	F	NaN	NaN	NaN
	54067	19.22293824109653	0.05263467546759146	F	NaN	NaN	NaN
	54068	19.241449345338527	0.053567037331543915	F	NaN	NaN	NaN
	54069	19.26005216779262	0.05470231897843818	F	NaN	NaN	NaN
	54070	19.278765707340167	0.055719205751648196	F	NaN	NaN	NaN
	54071	19.29761587866489	0.056681478426965	F	NaN	NaN	NaN
	54072	19.31662338555317	0.05817799837154412	F	NaN	NaN	NaN
	54073	19.335813400147813	0.059491576991056054	F	NaN	NaN	NaN
	54074	19.355206388029767	0.06134377759066364	F	NaN	NaN	NaN
	54075	19.374827667850226	0.06359995096352197	F	NaN	NaN	NaN
	54076	19.394697650378795	0.06600982504457932	F	NaN	NaN	NaN
	54077	19.414719079862444	0.06899575487026338	F	NaN	NaN	NaN
	54078	19.434760343735956	0.07207526335831672	F	NaN	NaN	NaN
	54079	19.454922988844466	0.0752888276368553	F	NaN	NaN	NaN
	54080	19.475316927817733	0.0787645541275265	F	NaN	NaN	NaN
	54081	19.49605241229321	0.083339037757839	F	NaN	NaN	NaN
	54082	19.517150938549893	0.08789285506788021	F	NaN	NaN	NaN
	54083	19.53846991640637	0.09296973321629529	F	NaN	NaN	NaN
	54084	19.56003270628777	0.0992625453882311	F	NaN	NaN	NaN
	54085	19.58180816589403	0.1052443763654746	F	NaN	NaN	NaN
	54086	19.60382451156287	0.11218837729780824	F	NaN	NaN	NaN
	54087	19.626040145001266	0.11919585939631223	F	NaN	NaN	NaN
	54088	19.64849332166489	0.12680247573396447	F	NaN	NaN	NaN
	54089	19.671137612061976	0.13547546362711668	F	NaN	NaN	NaN
	54090	19.69400610388351	0.14465216542122722	F	NaN	NaN	NaN
	54091	19.71706288196373	0.15378310352464494	F	NaN	NaN	NaN
	54092	19.74032982550841	0.1634610719718084	F	NaN	NaN	NaN
	54093	19.763782366479113	0.17361734122511535	F	NaN	NaN	NaN
	54094	19.78743145382928	0.1842726309380148	F	NaN	NaN	NaN
	54095	19.811256093357326	0.19536480226866484	F	NaN	NaN	NaN

# FILTER r
#        MJD  MAG  MAGERR  Upperlimit  Instrument  Telescope  Source
	53980	17.68857505048261	0.01649582974557265	F	NaN	NaN	NaN
	53981	17.58952354812707	0.014590756115631907	F	NaN	NaN	NaN
	53982	17.501870388783363	0.015810705056927728	F	NaN	NaN	NaN
	53983	17.42584405672456	0.01820794850446705	F	NaN	NaN	NaN
	53984	17.361084685771537	0.020596079037574544	F	NaN	NaN	NaN
	53985	17.307068627508315	0.02284822210936959	F	NaN	NaN	NaN
	53986	17.263405181396326	0.024621067706025877	F	NaN	NaN	NaN
	53987	17.23153714818175	0.025607743929786306	F	NaN	NaN	NaN
	53988	17.2138593271435	0.02529932112588252	F	NaN	NaN	NaN
	53989	17.20751629480137	0.024909142036378954	F	NaN	NaN	NaN
	53990	17.20941729408864	0.024634744930602363	F	NaN	NaN	NaN
	53991	17.21797515317017	0.024359406111374698	F	NaN	NaN	NaN
	53992	17.237257658365557	0.023859296651701598	F	NaN	NaN	NaN
	53993	17.26538307727338	0.022843799584432084	F	NaN	NaN	NaN
	53994	17.299596396651733	0.020738421653289665	F	NaN	NaN	NaN
	53995	17.34154859079335	0.01803269105745913	F	NaN	NaN	NaN
	53996	17.389429595485577	0.014475435028407426	F	NaN	NaN	NaN
	53997	17.447144489714145	0.012515928722746605	F	NaN	NaN	NaN
	53998	17.509659430372306	0.014746931112041216	F	NaN	NaN	NaN
	53999	17.57254521040629	0.014551693481736211	F	NaN	NaN	NaN
	54000	17.639032401618515	0.013008108719270856	F	NaN	NaN	NaN
	54001	17.707605985739114	0.013091991416140807	F	NaN	NaN	NaN
	54002	17.778177650896396	0.015709391096305866	F	NaN	NaN	NaN
	54003	17.849869062698534	0.017896569509354886	F	NaN	NaN	NaN
	54004	17.92387272888217	0.019244892313016845	F	NaN	NaN	NaN
	54005	17.99935248802699	0.021863764960428418	F	NaN	NaN	NaN
	54006	18.075033020803332	0.023645279918119336	F	NaN	NaN	NaN
	54007	18.150692410412205	0.023602059090025287	F	NaN	NaN	NaN
	54008	18.22663010598041	0.025933983829017355	F	NaN	NaN	NaN
	54009	18.29714571202658	0.028412438392697123	F	NaN	NaN	NaN
	54010	18.364292072854266	0.03126180616864295	F	NaN	NaN	NaN
	54011	18.42972237999718	0.03788796957432472	F	NaN	NaN	NaN
	54012	18.491364533657197	0.0486025781623026	F	NaN	NaN	NaN
	54013	18.54682090930841	0.05862851957378402	F	NaN	NaN	NaN
	54014	18.593679656773784	0.06339260748684095	F	NaN	NaN	NaN
	54015	18.628559081443775	0.06127049915023962	F	NaN	NaN	NaN
	54016	18.65165007725443	0.05490789236567439	F	NaN	NaN	NaN
	54017	18.66857164048265	0.050316342041287765	F	NaN	NaN	NaN
	54018	18.684919509320196	0.05111610770098109	F	NaN	NaN	NaN
	54019	18.706262790799034	0.05457572917866379	F	NaN	NaN	NaN
	54020	18.734300417380965	0.05501790411751896	F	NaN	NaN	NaN
	54021	18.764686868302547	0.05427496363752886	F	NaN	NaN	NaN
	54022	18.797638878184703	0.04991177684358833	F	NaN	NaN	NaN
	54023	18.83121947538403	0.04567493478657969	F	NaN	NaN	NaN
	54024	18.863893586390653	0.04314664765506478	F	NaN	NaN	NaN
	54025	18.894979883662977	0.042397356275205356	F	NaN	NaN	NaN
	54026	18.926906312998437	0.04101999324347809	F	NaN	NaN	NaN
	54027	18.959104388786052	0.041168429286320064	F	NaN	NaN	NaN
	54028	18.990529453716206	0.041991983330633594	F	NaN	NaN	NaN
	54029	19.02012587533357	0.04257369307640593	F	NaN	NaN	NaN
	54030	19.046890360933546	0.043034743441305284	F	NaN	NaN	NaN
	54031	19.070121310143826	0.04184156400500473	F	NaN	NaN	NaN
	54032	19.0908458072376	0.04077443761827078	F	NaN	NaN	NaN
	54033	19.1096777140334	0.04015454811618465	F	NaN	NaN	NaN
	54034	19.127131626554725	0.0419092773953406	F	NaN	NaN	NaN
	54035	19.143823387604865	0.04482947635877838	F	NaN	NaN	NaN
	54036	19.160292307014082	0.04911237508840051	F	NaN	NaN	NaN
	54037	19.177109316870023	0.052699997904903484	F	NaN	NaN	NaN
	54038	19.194858501682408	0.054545276333165915	F	NaN	NaN	NaN
	54039	19.213298271395633	0.05447849695529361	F	NaN	NaN	NaN
	54040	19.23154444507535	0.05393323288886753	F	NaN	NaN	NaN
	54041	19.249554028980267	0.053113339372755974	F	NaN	NaN	NaN
	54042	19.267314663300027	0.05254032232054959	F	NaN	NaN	NaN
	54043	19.284824818233986	0.05174539216771609	F	NaN	NaN	NaN
	54044	19.302070741849775	0.05122731248368683	F	NaN	NaN	NaN
	54045	19.31905235798696	0.05120606758641684	F	NaN	NaN	NaN
	54046	19.335754399554776	0.05170562891124747	F	NaN	NaN	NaN
	54047	19.35218085111585	0.05209492603294701	F	NaN	NaN	NaN
	54048	19.368312513854107	0.052473731244436814	F	NaN	NaN	NaN
	54049	19.38426598138004	0.05259524938022038	F	NaN	NaN	NaN
	54050	19.4001993224445	0.05257847291851379	F	NaN	NaN	NaN
	54051	19.41603963513935	0.053541841495097095	F	NaN	NaN	NaN
	54052	19.4317094492468	0.0553258282283393	F	NaN	NaN	NaN
	54053	19.447130300754832	0.05705775409474598	F	NaN	NaN	NaN
	54054	19.46222525530328	0.058937402560238536	F	NaN	NaN	NaN
	54055	19.476917256738094	0.06047852685914573	F	NaN	NaN	NaN
	54056	19.491129031910653	0.060324412044740455	F	NaN	NaN	NaN
	54057	19.504260078844766	0.059299239847539584	F	NaN	NaN	NaN
	54058	19.5167198907377	0.058040893649152867	F	NaN	NaN	NaN
	54059	19.528361202859877	0.057476813119488615	F	NaN	NaN	NaN
	54060	19.53954528004483	0.05773830948534561	F	NaN	NaN	NaN
	54061	19.55063338712607	0.05894548484021488	F	NaN	NaN	NaN
	54062	19.561986788937133	0.061372639164228776	F	NaN	NaN	NaN
	54063	19.573966750311534	0.06484111471901041	F	NaN	NaN	NaN
	54064	19.586934536082808	0.06859473942287693	F	NaN	NaN	NaN
	54065	19.601251411084466	0.07237370433034483	F	NaN	NaN	NaN
	54066	19.617278640150044	0.07576682379755414	F	NaN	NaN	NaN
	54067	19.635314647000648	0.07841866364648421	F	NaN	NaN	NaN
	54068	19.6558384719115	0.07986770208929451	F	NaN	NaN	NaN
	54069	19.677846275812517	0.08148278657332803	F	NaN	NaN	NaN
	54070	19.699719840283034	0.08315744010312502	F	NaN	NaN	NaN
	54071	19.72145666058825	0.08565969452923598	F	NaN	NaN	NaN
	54072	19.743067668422107	0.08827602681913779	F	NaN	NaN	NaN
	54073	19.764565760751264	0.09135451849081774	F	NaN	NaN	NaN
	54074	19.785960168310794	0.09478646853273509	F	NaN	NaN	NaN
	54075	19.807265105900797	0.09821310990813184	F	NaN	NaN	NaN
	54076	19.828488869548345	0.10222797188347925	F	NaN	NaN	NaN
	54077	19.849646333379663	0.10546175340492098	F	NaN	NaN	NaN
	54078	19.870746033996237	0.10887184659455423	F	NaN	NaN	NaN
	54079	19.891800557513672	0.1128843777496222	F	NaN	NaN	NaN
	54080	19.912821343859175	0.11718566704806023	F	NaN	NaN	NaN
	54081	19.933349343461035	0.12077289352541584	F	NaN	NaN	NaN
	54082	19.95412414976349	0.1265122830833731	F	NaN	NaN	NaN
	54083	19.9746871586461	0.13344553718850005	F	NaN	NaN	NaN
	54084	19.99500212653624	0.1411307357162301	F	NaN	NaN	NaN
	54085	20.01510935976756	0.1497574214055883	F	NaN	NaN	NaN
	54086	20.034994136977847	0.15969258310041534	F	NaN	NaN	NaN
	54087	20.054703809094473	0.17085979305532648	F	NaN	NaN	NaN
	54088	20.07421809828441	0.18444906675538822	F	NaN	NaN	NaN
	54089	20.093585283350837	0.19657105000445424	F	NaN	NaN	NaN
	54090	20.112791927652037	0.21182440311620265	F	NaN	NaN	NaN
	54091	20.131875523260927	0.22693320492076755	F	NaN	NaN	NaN
	54092	20.150833542276835	0.2470611423578863	F	NaN	NaN	NaN
	54093	20.169693251087704	0.2674697954780255	F	NaN	NaN	NaN
	54094	20.188460859354908	0.2890438474440203	F	NaN	NaN	NaN
	54095	20.207158555247048	0.3110615908311897	F	NaN	NaN	NaN