###################### HEADER ######################
# SNNAME:	SN2004gv
###################### HEADER ######################


# FILTER B
#        MJD  MAG  MAGERR  Upperlimit  Instrument  Telescope  Source
	53357	18.297924056126995	0.0233267701424841	F	NaN	NaN	NaN
	53358	18.149139714008932	0.019202580380923782	F	NaN	NaN	NaN
	53359	18.02038992177597	0.017660995545474043	F	NaN	NaN	NaN
	53360	17.911727723610163	0.017975405388361437	F	NaN	NaN	NaN
	53361	17.823108753869704	0.018685463497528997	F	NaN	NaN	NaN
	53362	17.754551341213617	0.01959090231992297	F	NaN	NaN	NaN
	53363	17.706049146237028	0.020099604576461774	F	NaN	NaN	NaN
	53364	17.67865865150403	0.020425957806557603	F	NaN	NaN	NaN
	53365	17.671527692134436	0.02317834454144459	F	NaN	NaN	NaN
	53366	17.687073754188138	0.02350783043376711	F	NaN	NaN	NaN
	53367	17.727244061110362	0.022791678728540717	F	NaN	NaN	NaN
	53368	17.784997915323324	0.022361218614397594	F	NaN	NaN	NaN
	53369	17.853149469097076	0.02208819026021263	F	NaN	NaN	NaN
	53370	17.938876144002872	0.020722839985366778	F	NaN	NaN	NaN
	53371	18.045674257333285	0.02015343317835569	F	NaN	NaN	NaN
	53372	18.155028841067647	0.020075497344229892	F	NaN	NaN	NaN
	53373	18.27321058609376	0.02090844063798085	F	NaN	NaN	NaN
	53374	18.38935247686084	0.021944051971473068	F	NaN	NaN	NaN
	53375	18.51539302770377	0.02500061865811528	F	NaN	NaN	NaN
	53376	18.635523680554403	0.027122072732562327	F	NaN	NaN	NaN
	53377	18.746018401916864	0.026728156537784535	F	NaN	NaN	NaN
	53378	18.85563209406562	0.02748876613088372	F	NaN	NaN	NaN
	53379	18.960231932207694	0.030498745188871246	F	NaN	NaN	NaN
	53380	19.055478036260155	0.03263235424302908	F	NaN	NaN	NaN
	53381	19.141392890827458	0.03168814265286078	F	NaN	NaN	NaN
	53382	19.21979187615459	0.03023291511978342	F	NaN	NaN	NaN
	53383	19.291272007437005	0.028632458214561722	F	NaN	NaN	NaN
	53384	19.356336737469643	0.03101048878438633	F	NaN	NaN	NaN
	53385	19.41443342397171	0.03776019698843129	F	NaN	NaN	NaN
	53386	19.47238424343539	0.04521674788409499	F	NaN	NaN	NaN
	53387	19.523083628095126	0.0554212277690216	F	NaN	NaN	NaN
	53388	19.570066530857993	0.06325158352553899	F	NaN	NaN	NaN
	53389	19.613316373454413	0.0679121920160861	F	NaN	NaN	NaN
	53390	19.652713501036654	0.07037048806451485	F	NaN	NaN	NaN
	53391	19.68813825875698	0.07050966469553013	F	NaN	NaN	NaN
	53392	19.719323412702508	0.06931749030272387	F	NaN	NaN	NaN
	53393	19.746247884242013	0.06727286969188745	F	NaN	NaN	NaN
	53394	19.76883121688217	0.06558247542788637	F	NaN	NaN	NaN
	53395	19.786953755775258	0.06514321205476797	F	NaN	NaN	NaN
	53396	19.80063300295546	0.06672815066927155	F	NaN	NaN	NaN
	53397	19.809953136639578	0.0705086481457538	F	NaN	NaN	NaN
	53398	19.814879516186277	0.07743616642268233	F	NaN	NaN	NaN
	53399	19.81532772399004	0.08662210056167832	F	NaN	NaN	NaN

# FILTER V
#        MJD  MAG  MAGERR  Upperlimit  Instrument  Telescope  Source
	53357	17.925739382436845	0.022021279495933296	F	NaN	NaN	NaN
	53358	17.787636207606344	0.01793336915727632	F	NaN	NaN	NaN
	53359	17.664920872834248	0.015121916611805248	F	NaN	NaN	NaN
	53360	17.557510918182423	0.01382844441597773	F	NaN	NaN	NaN
	53361	17.46525557108045	0.013348059951559741	F	NaN	NaN	NaN
	53362	17.387944657321995	0.013723213315211879	F	NaN	NaN	NaN
	53363	17.32639896428393	0.014176484025935552	F	NaN	NaN	NaN
	53364	17.280989992778252	0.014503816258730071	F	NaN	NaN	NaN
	53365	17.25000187506879	0.014863052594361822	F	NaN	NaN	NaN
	53366	17.23811353589331	0.014727109209669586	F	NaN	NaN	NaN
	53367	17.24713957016568	0.01492957402968229	F	NaN	NaN	NaN
	53368	17.26871028406398	0.016271447008705985	F	NaN	NaN	NaN
	53369	17.29431542853488	0.016940680331071187	F	NaN	NaN	NaN
	53370	17.32588187402594	0.015972325601492934	F	NaN	NaN	NaN
	53371	17.369957223112753	0.015096535831608802	F	NaN	NaN	NaN
	53372	17.421612135070685	0.01565854023578566	F	NaN	NaN	NaN
	53373	17.475753818908878	0.01638079845022874	F	NaN	NaN	NaN
	53374	17.533980896545767	0.016667282776461845	F	NaN	NaN	NaN
	53375	17.599988027213808	0.018008854524787496	F	NaN	NaN	NaN
	53376	17.66784947805814	0.019575368169165636	F	NaN	NaN	NaN
	53377	17.737442181290824	0.01903628319402563	F	NaN	NaN	NaN
	53378	17.81243679892377	0.018732953956149316	F	NaN	NaN	NaN
	53379	17.88918830719757	0.019964115913239946	F	NaN	NaN	NaN
	53380	17.96392776683195	0.02199612778061892	F	NaN	NaN	NaN
	53381	18.032921018374584	0.022436848708607782	F	NaN	NaN	NaN
	53382	18.09271861389579	0.02166269722541208	F	NaN	NaN	NaN
	53383	18.14648434204304	0.02463686467335882	F	NaN	NaN	NaN
	53384	18.20176075872338	0.025549685605628574	F	NaN	NaN	NaN
	53385	18.26231574722662	0.02365153865912456	F	NaN	NaN	NaN
	53386	18.318721588979745	0.033670532408903955	F	NaN	NaN	NaN
	53387	18.366598108932134	0.05041231668434451	F	NaN	NaN	NaN
	53388	18.408304696146295	0.07001958420227376	F	NaN	NaN	NaN
	53389	18.44708716557501	0.0911251207771924	F	NaN	NaN	NaN
	53390	18.486226194161706	0.10469046698224196	F	NaN	NaN	NaN
	53391	18.520879204722647	0.11821119379085676	F	NaN	NaN	NaN
	53392	18.555168035767178	0.1249068475030295	F	NaN	NaN	NaN
	53393	18.59615828003167	0.11385511490102787	F	NaN	NaN	NaN
	53394	18.635233246325697	0.10002577048020815	F	NaN	NaN	NaN
	53395	18.670821342948827	0.08646829004666286	F	NaN	NaN	NaN
	53396	18.702348437773484	0.07256484851042719	F	NaN	NaN	NaN
	53397	18.729268531686092	0.05816446770180507	F	NaN	NaN	NaN
	53398	18.751008337267955	0.044896770197866476	F	NaN	NaN	NaN
	53399	18.767003357719794	0.04283980159625417	F	NaN	NaN	NaN

# FILTER g
#        MJD  MAG  MAGERR  Upperlimit  Instrument  Telescope  Source
	53357	18.059471155994625	0.019100777359192155	F	NaN	NaN	NaN
	53358	17.907963040146445	0.015409155000956947	F	NaN	NaN	NaN
	53359	17.776526674638802	0.01346728542391976	F	NaN	NaN	NaN
	53360	17.66511989267122	0.013006239383172875	F	NaN	NaN	NaN
	53361	17.573603800327863	0.013024451912981787	F	NaN	NaN	NaN
	53362	17.502145475651215	0.013311604039757957	F	NaN	NaN	NaN
	53363	17.450826942158468	0.013454286384317088	F	NaN	NaN	NaN
	53364	17.4235211457083	0.013627161434427474	F	NaN	NaN	NaN
	53365	17.416601822302567	0.016357167341560036	F	NaN	NaN	NaN
	53366	17.425748056545103	0.017083351020415607	F	NaN	NaN	NaN
	53367	17.45624431390275	0.01669245402705808	F	NaN	NaN	NaN
	53368	17.50066533347019	0.016827139627697635	F	NaN	NaN	NaN
	53369	17.55141668376623	0.01682656503019556	F	NaN	NaN	NaN
	53370	17.614079518082676	0.015641748849915527	F	NaN	NaN	NaN
	53371	17.693178065440808	0.014676594495230667	F	NaN	NaN	NaN
	53372	17.77449250966308	0.014322309723441451	F	NaN	NaN	NaN
	53373	17.85850616988904	0.013714622521098873	F	NaN	NaN	NaN
	53374	17.94604604909226	0.014169332371092445	F	NaN	NaN	NaN
	53375	18.042105101671805	0.01579783338819713	F	NaN	NaN	NaN
	53376	18.13656734349603	0.017984764297124867	F	NaN	NaN	NaN
	53377	18.22748546821517	0.01864095912510496	F	NaN	NaN	NaN
	53378	18.320019583297185	0.01969948143470935	F	NaN	NaN	NaN
	53379	18.40993823201183	0.022210821446236317	F	NaN	NaN	NaN
	53380	18.492857395178834	0.02313575330295107	F	NaN	NaN	NaN
	53381	18.56920261734419	0.022593696196167856	F	NaN	NaN	NaN
	53382	18.64046066360899	0.021443949380512972	F	NaN	NaN	NaN
	53383	18.707471688228154	0.020920100945918514	F	NaN	NaN	NaN
	53384	18.77028886379584	0.023093173323192683	F	NaN	NaN	NaN
	53385	18.82884333266352	0.026137635713157824	F	NaN	NaN	NaN
	53386	18.883894471376692	0.027484700436004435	F	NaN	NaN	NaN
	53387	18.93465072817726	0.03039056440354485	F	NaN	NaN	NaN
	53388	18.981856375123634	0.033795238653772895	F	NaN	NaN	NaN
	53389	19.025650833522032	0.03685052794007122	F	NaN	NaN	NaN
	53390	19.06611066920631	0.03942387754714444	F	NaN	NaN	NaN
	53391	19.103312448010318	0.0415593723984211	F	NaN	NaN	NaN
	53392	19.13722380258725	0.04243101378889206	F	NaN	NaN	NaN
	53393	19.168006124499712	0.04261425733260559	F	NaN	NaN	NaN
	53394	19.195766360822514	0.042581220337566374	F	NaN	NaN	NaN
	53395	19.22058107738951	0.04205776880834199	F	NaN	NaN	NaN
	53396	19.242297345453903	0.04156031624563705	F	NaN	NaN	NaN
	53397	19.260749341372968	0.04289922610694397	F	NaN	NaN	NaN
	53398	19.27613230997872	0.045708511859055896	F	NaN	NaN	NaN
	53399	19.28861622504529	0.05226714677023489	F	NaN	NaN	NaN

# FILTER i
#        MJD  MAG  MAGERR  Upperlimit  Instrument  Telescope  Source
	53352	18.28894322588914	0.19207003659377553	F	NaN	NaN	NaN
	53353	18.22731548805022	0.13515384901389108	F	NaN	NaN	NaN
	53354	18.161375714123647	0.08851775649819774	F	NaN	NaN	NaN
	53355	18.081868482540667	0.05244539352505212	F	NaN	NaN	NaN
	53356	17.979291176003542	0.03196068890915525	F	NaN	NaN	NaN
	53357	17.855116980406546	0.025997371978165526	F	NaN	NaN	NaN
	53358	17.723752467460635	0.026465278684511706	F	NaN	NaN	NaN
	53359	17.60245133137942	0.023895621539965245	F	NaN	NaN	NaN
	53360	17.493358718741188	0.020987472966167982	F	NaN	NaN	NaN
	53361	17.398395953700444	0.019279546471413275	F	NaN	NaN	NaN
	53362	17.318779359715045	0.016844112335771103	F	NaN	NaN	NaN
	53363	17.25460071553625	0.01478149664764558	F	NaN	NaN	NaN
	53364	17.20137336214724	0.017775129770168076	F	NaN	NaN	NaN
	53365	17.1583235254993	0.021485438533167714	F	NaN	NaN	NaN
	53366	17.123027588231285	0.021872378426020276	F	NaN	NaN	NaN
	53367	17.09705339754309	0.022143545334686824	F	NaN	NaN	NaN
	53368	17.079148458847946	0.02530506452989771	F	NaN	NaN	NaN
	53369	17.068006959056273	0.027113178793629726	F	NaN	NaN	NaN
	53370	17.064125730990284	0.022267486559348886	F	NaN	NaN	NaN
	53371	17.06756651109604	0.01577208299110166	F	NaN	NaN	NaN
	53372	17.07561597909105	0.013879878455395258	F	NaN	NaN	NaN
	53373	17.08820308784217	0.01389601940137845	F	NaN	NaN	NaN
	53374	17.106392232876484	0.013341306247161119	F	NaN	NaN	NaN
	53375	17.130248787859657	0.016553417427954065	F	NaN	NaN	NaN
	53376	17.15763835481853	0.020516520268910186	F	NaN	NaN	NaN
	53377	17.188438406904144	0.02020013982096053	F	NaN	NaN	NaN
	53378	17.223498062642232	0.018870403662122462	F	NaN	NaN	NaN
	53379	17.26097524099363	0.020944914672903093	F	NaN	NaN	NaN
	53380	17.29897683067742	0.02310996954240411	F	NaN	NaN	NaN
	53381	17.331430766352327	0.025570152179822822	F	NaN	NaN	NaN
	53382	17.36925721341392	0.030383260321217617	F	NaN	NaN	NaN
	53383	17.41443699892297	0.03098383522558832	F	NaN	NaN	NaN
	53384	17.459881108775868	0.02807545830971052	F	NaN	NaN	NaN
	53385	17.508638380352615	0.02232748136708948	F	NaN	NaN	NaN
	53386	17.559690443410044	0.02976076715307456	F	NaN	NaN	NaN
	53387	17.61066810960702	0.048346317798269894	F	NaN	NaN	NaN
	53388	17.659206578389806	0.05835334154282299	F	NaN	NaN	NaN
	53389	17.705557173616302	0.06106138721455291	F	NaN	NaN	NaN
	53390	17.74993860674232	0.060335552873845455	F	NaN	NaN	NaN
	53391	17.792569589223667	0.057868570705273556	F	NaN	NaN	NaN
	53392	17.833622613298836	0.055228543779192535	F	NaN	NaN	NaN
	53393	17.873366005447014	0.05395301332535754	F	NaN	NaN	NaN
	53394	17.91203300249076	0.053027565209214145	F	NaN	NaN	NaN
	53395	17.94984231588589	0.04962222433259622	F	NaN	NaN	NaN
	53396	17.986718038396972	0.04273546013863636	F	NaN	NaN	NaN
	53397	18.02231373785047	0.035807206379869505	F	NaN	NaN	NaN
	53398	18.056554210421776	0.032577966462771134	F	NaN	NaN	NaN
	53399	18.089361972869206	0.0362615290320419	F	NaN	NaN	NaN

# FILTER r
#        MJD  MAG  MAGERR  Upperlimit  Instrument  Telescope  Source
	53357	17.806629736871386	0.02013192529793374	F	NaN	NaN	NaN
	53358	17.676340390585676	0.01636811390181673	F	NaN	NaN	NaN
	53359	17.55851250806362	0.01369337320395423	F	NaN	NaN	NaN
	53360	17.453149698937708	0.012194114146696229	F	NaN	NaN	NaN
	53361	17.360204302227167	0.011699572545633375	F	NaN	NaN	NaN
	53362	17.279969706270702	0.012065477924098875	F	NaN	NaN	NaN
	53363	17.212243468542752	0.012511979070755092	F	NaN	NaN	NaN
	53364	17.158718151669103	0.012755678280535962	F	NaN	NaN	NaN
	53365	17.12161303194522	0.01251660925932831	F	NaN	NaN	NaN
	53366	17.098287655314103	0.012914506824572587	F	NaN	NaN	NaN
	53367	17.085958508759983	0.013958854412803322	F	NaN	NaN	NaN
	53368	17.081954069563963	0.015112573361598075	F	NaN	NaN	NaN
	53369	17.08356040548845	0.01545101428986297	F	NaN	NaN	NaN
	53370	17.09338978248376	0.014512044837184435	F	NaN	NaN	NaN
	53371	17.113639502417648	0.013238154890166626	F	NaN	NaN	NaN
	53372	17.138923499780045	0.012534532223879877	F	NaN	NaN	NaN
	53373	17.16917457757291	0.011709595258037303	F	NaN	NaN	NaN
	53374	17.20732480089264	0.01167732498139445	F	NaN	NaN	NaN
	53375	17.25050353387247	0.012878307943837082	F	NaN	NaN	NaN
	53376	17.295802331424795	0.014508812841475122	F	NaN	NaN	NaN
	53377	17.34341575204944	0.014705271008440908	F	NaN	NaN	NaN
	53378	17.395271676906475	0.014625859555444522	F	NaN	NaN	NaN
	53379	17.449284500620443	0.015523675069074615	F	NaN	NaN	NaN
	53380	17.503298451376253	0.016905583358469478	F	NaN	NaN	NaN
	53381	17.555173402191848	0.017240707694528047	F	NaN	NaN	NaN
	53382	17.60537985513741	0.016020082255604487	F	NaN	NaN	NaN
	53383	17.65530243329345	0.014567579586195721	F	NaN	NaN	NaN
	53384	17.703425045976253	0.014037937060045805	F	NaN	NaN	NaN
	53385	17.750539205781184	0.01514691318065501	F	NaN	NaN	NaN
	53386	17.797804232966453	0.016159442525232236	F	NaN	NaN	NaN
	53387	17.844550232278188	0.017597597218568187	F	NaN	NaN	NaN
	53388	17.89127371635966	0.019630619807568753	F	NaN	NaN	NaN
	53389	17.937554454594654	0.02345620196753652	F	NaN	NaN	NaN
	53390	17.98297321496836	0.028397227915408822	F	NaN	NaN	NaN
	53391	18.02711076546596	0.03344888648664979	F	NaN	NaN	NaN
	53392	18.069473894495488	0.03803370915082789	F	NaN	NaN	NaN
	53393	18.10966650213242	0.0406435893287449	F	NaN	NaN	NaN
	53394	18.147285852061625	0.040752781053710205	F	NaN	NaN	NaN
	53395	18.181912712268293	0.03750317914482249	F	NaN	NaN	NaN
	53396	18.213889400140435	0.03214996529836661	F	NaN	NaN	NaN
	53397	18.243778848470498	0.027614116086173018	F	NaN	NaN	NaN
	53398	18.271181395752972	0.025512247049702078	F	NaN	NaN	NaN
	53399	18.295648251200358	0.029645857282625535	F	NaN	NaN	NaN

# FILTER u
#        MJD  MAG  MAGERR  Upperlimit  Instrument  Telescope  Source
	53357	19.05753727459157	0.052801873716187955	F	NaN	NaN	NaN
	53358	18.85104260216826	0.041453247418149666	F	NaN	NaN	NaN
	53359	18.67862122150724	0.03643022954982551	F	NaN	NaN	NaN
	53360	18.540213537948773	0.035765239479266735	F	NaN	NaN	NaN
	53361	18.43559542438343	0.03704106312356735	F	NaN	NaN	NaN
	53362	18.36457985055489	0.03759732300115057	F	NaN	NaN	NaN
	53363	18.327300282516436	0.03913780517668719	F	NaN	NaN	NaN
	53364	18.326720778369797	0.04198658952727196	F	NaN	NaN	NaN
	53365	18.360866128251057	0.04946282571900895	F	NaN	NaN	NaN
	53366	18.428695185577336	0.050303674833506055	F	NaN	NaN	NaN
	53367	18.53215260209072	0.04897267782558569	F	NaN	NaN	NaN
	53368	18.66451788059089	0.04945084891324199	F	NaN	NaN	NaN
	53369	18.818888727718413	0.05040257907282099	F	NaN	NaN	NaN
	53370	18.998515859296024	0.05175653747386207	F	NaN	NaN	NaN
	53371	19.20481250477419	0.05923870388733979	F	NaN	NaN	NaN
	53372	19.424024162196154	0.06827693559235357	F	NaN	NaN	NaN
	53373	19.66595460571252	0.07959433888919244	F	NaN	NaN	NaN
	53374	19.934070692765253	0.10003042103874127	F	NaN	NaN	NaN
	53375	20.195854485948583	0.12026489924549083	F	NaN	NaN	NaN
	53376	20.418421061872476	0.1315994374497855	F	NaN	NaN	NaN
	53377	20.598268847466144	0.1336689434345531	F	NaN	NaN	NaN
	53378	20.763268112873906	0.13369632691748415	F	NaN	NaN	NaN
	53379	20.913378065844096	0.13744416545713006	F	NaN	NaN	NaN
	53380	21.04795362540272	0.14786417427625967	F	NaN	NaN	NaN
	53381	21.167182970717263	0.1665071535694314	F	NaN	NaN	NaN
	53382	21.270703470032725	0.19901778828037667	F	NaN	NaN	NaN
	53383	21.358974363482737	0.24157405136304505	F	NaN	NaN	NaN
	53384	21.431159592470518	0.29792235277309187	F	NaN	NaN	NaN