###################### HEADER ######################
# SNNAME:	SN2004gk
###################### HEADER ######################


# FILTER R
#        MJD  MAG  MAGERR  Upperlimit  Instrument  Telescope  Source
	53339	13.737916464746279	0.19780356928523132	F	NaN	NaN	NaN
	53340	13.770879048585478	0.17058554223166378	F	NaN	NaN	NaN
	53341	13.803915110345306	0.14599102699559285	F	NaN	NaN	NaN
	53342	13.837079668063264	0.12405568456109971	F	NaN	NaN	NaN
	53343	13.87029024707784	0.10364387152902022	F	NaN	NaN	NaN
	53344	13.903514451029674	0.08481423473161437	F	NaN	NaN	NaN
	53345	13.936720752820277	0.06748094554376766	F	NaN	NaN	NaN
	53346	13.969878239705487	0.051647089553608055	F	NaN	NaN	NaN
	53347	14.002956322117216	0.03732546845583423	F	NaN	NaN	NaN
	53348	14.035920201875577	0.024776953832710214	F	NaN	NaN	NaN
	53349	14.06874353716241	0.014987918685791891	F	NaN	NaN	NaN
	53350	14.101425569388107	0.01197910591683713	F	NaN	NaN	NaN
	53351	14.134097906325495	0.01654742302316699	F	NaN	NaN	NaN
	53352	14.166639805723195	0.023216515860444653	F	NaN	NaN	NaN
	53353	14.198892351362646	0.030517925699246617	F	NaN	NaN	NaN
	53354	14.23079141129098	0.036903487589029144	F	NaN	NaN	NaN
	53355	14.262407369378803	0.04224609567684014	F	NaN	NaN	NaN
	53356	14.293798960787527	0.04663668827919381	F	NaN	NaN	NaN
	53357	14.325041674585647	0.050565125642193405	F	NaN	NaN	NaN
	53358	14.356202538928484	0.05420608941656031	F	NaN	NaN	NaN
	53359	14.387350051155266	0.05802976174210164	F	NaN	NaN	NaN
	53360	14.418431288671112	0.06197158352960272	F	NaN	NaN	NaN
	53361	14.448779943840233	0.0651898003310854	F	NaN	NaN	NaN
	53362	14.478180866489788	0.06750100396544736	F	NaN	NaN	NaN
	53363	14.506976905288644	0.06926874342597115	F	NaN	NaN	NaN
	53364	14.53506046091632	0.07033957689646161	F	NaN	NaN	NaN
	53365	14.562399398251198	0.07075370294791032	F	NaN	NaN	NaN
	53366	14.589024120184863	0.07065557495612129	F	NaN	NaN	NaN
	53367	14.615060870948884	0.07006708350451497	F	NaN	NaN	NaN
	53368	14.64054386330044	0.06916760973065635	F	NaN	NaN	NaN
	53369	14.665507309996709	0.06803000295283254	F	NaN	NaN	NaN
	53370	14.689985423794873	0.0666644358846097	F	NaN	NaN	NaN
	53371	14.713982409601458	0.06530252447859335	F	NaN	NaN	NaN
	53372	14.737509272414567	0.06387888891977957	F	NaN	NaN	NaN
	53373	14.7606753143311	0.06258445587400452	F	NaN	NaN	NaN
	53374	14.783514748108239	0.06139892811340943	F	NaN	NaN	NaN
	53375	14.806061786503163	0.06042469131614238	F	NaN	NaN	NaN
	53376	14.828350642273048	0.059804792114464676	F	NaN	NaN	NaN
	53377	14.850407838730783	0.059523995051647835	F	NaN	NaN	NaN
	53378	14.87225302622457	0.059682681228651585	F	NaN	NaN	NaN
	53379	14.893964543094853	0.06038639155086455	F	NaN	NaN	NaN
	53380	14.91557660209881	0.06169548097056344	F	NaN	NaN	NaN
	53381	14.93712341599362	0.06365809676533107	F	NaN	NaN	NaN
	53382	14.95863919753646	0.06636115297766486	F	NaN	NaN	NaN
	53383	14.980158766824786	0.07000534109880796	F	NaN	NaN	NaN
	53384	15.00173846280049	0.07447713684058707	F	NaN	NaN	NaN
	53385	15.023411638425758	0.08019236791836529	F	NaN	NaN	NaN
	53386	15.045085046488325	0.08651786520768612	F	NaN	NaN	NaN
	53387	15.066441412700902	0.0924242995783729	F	NaN	NaN	NaN
	53388	15.087428483792436	0.09772922602330483	F	NaN	NaN	NaN
	53389	15.108051504107042	0.10241220086104155	F	NaN	NaN	NaN
	53390	15.128319356320281	0.10647203905811217	F	NaN	NaN	NaN
	53391	15.148226472917447	0.11001629802526466	F	NaN	NaN	NaN
	53392	15.167805914094899	0.11277809992877853	F	NaN	NaN	NaN
	53393	15.187065550196957	0.11500404690549432	F	NaN	NaN	NaN
	53394	15.206013251567944	0.11683711002697175	F	NaN	NaN	NaN
	53395	15.224656888552177	0.11809398534139198	F	NaN	NaN	NaN
	53396	15.242966607333877	0.11879775310148816	F	NaN	NaN	NaN
	53397	15.260987509625668	0.11906428470472072	F	NaN	NaN	NaN
	53398	15.27872988004607	0.11879779475360122	F	NaN	NaN	NaN
	53399	15.296201588939391	0.11799746922901717	F	NaN	NaN	NaN
	53400	15.313410506649962	0.11730171618808716	F	NaN	NaN	NaN
	53401	15.330338791978935	0.11579137584399077	F	NaN	NaN	NaN
	53402	15.347013101437545	0.11382533672281639	F	NaN	NaN	NaN
	53403	15.363450152228763	0.11184396639926153	F	NaN	NaN	NaN
	53404	15.37965781469691	0.10946536738898541	F	NaN	NaN	NaN
	53405	15.395643959186303	0.10663660959461387	F	NaN	NaN	NaN
	53406	15.411396263063965	0.10382741380302739	F	NaN	NaN	NaN
	53407	15.42693132703805	0.10064152017460104	F	NaN	NaN	NaN
	53408	15.442261476638077	0.09730583088618486	F	NaN	NaN	NaN
	53409	15.457417098363564	0.09384208221891194	F	NaN	NaN	NaN
	53410	15.47240385216729	0.09026155640425956	F	NaN	NaN	NaN
	53411	15.48720089009108	0.08657481674518067	F	NaN	NaN	NaN
	53412	15.501807157967166	0.08279655731008863	F	NaN	NaN	NaN
	53413	15.516270243189432	0.07901010124201967	F	NaN	NaN	NaN
	53414	15.530595805710659	0.07523589559885463	F	NaN	NaN	NaN
	53415	15.544784105845613	0.07148553564778073	F	NaN	NaN	NaN
	53416	15.558803623747078	0.06782193590057585	F	NaN	NaN	NaN
	53417	15.57271130421545	0.06425906125682586	F	NaN	NaN	NaN
	53418	15.586512807203503	0.060817775598211776	F	NaN	NaN	NaN
	53419	15.600213792664022	0.05751059674192167	F	NaN	NaN	NaN
	53420	15.613791557487248	0.05431214298679403	F	NaN	NaN	NaN
	53421	15.627280964951044	0.0514432745266405	F	NaN	NaN	NaN
	53422	15.640695540155246	0.048837848247296145	F	NaN	NaN	NaN
	53423	15.654040943052635	0.04645860305542771	F	NaN	NaN	NaN
	53424	15.6673116426971	0.044285094815424496	F	NaN	NaN	NaN
	53425	15.68051990890564	0.042541894211662976	F	NaN	NaN	NaN
	53426	15.693684688075312	0.04107038727367632	F	NaN	NaN	NaN
	53427	15.706811640158895	0.03983702336693268	F	NaN	NaN	NaN
	53428	15.719904562886061	0.03884079962794479	F	NaN	NaN	NaN
	53429	15.73296881958867	0.038108041983058505	F	NaN	NaN	NaN
	53430	15.746020934473133	0.03753876149370873	F	NaN	NaN	NaN
	53431	15.75906656749223	0.03705194363550944	F	NaN	NaN	NaN
	53432	15.772109011230421	0.03656362774434513	F	NaN	NaN	NaN
	53433	15.785043067028733	0.036120018965716746	F	NaN	NaN	NaN
	53434	15.79780910611158	0.03572845076033969	F	NaN	NaN	NaN
	53435	15.810398963384316	0.03546291664253397	F	NaN	NaN	NaN
	53436	15.822848778098964	0.03547746816031183	F	NaN	NaN	NaN
	53437	15.835173377241013	0.035670540373922616	F	NaN	NaN	NaN
	53438	15.847387638513716	0.0361411672955307	F	NaN	NaN	NaN
	53439	15.85952160952565	0.03692655449126092	F	NaN	NaN	NaN
	53440	15.871580988282659	0.03801696238936278	F	NaN	NaN	NaN
	53441	15.883597311737493	0.039524032081817886	F	NaN	NaN	NaN
	53442	15.895584128332604	0.041453887032075934	F	NaN	NaN	NaN
	53443	15.907562765156962	0.04370102010880912	F	NaN	NaN	NaN
	53444	15.919552359590377	0.04602831067527359	F	NaN	NaN	NaN
	53445	15.931573980710503	0.048733009261961634	F	NaN	NaN	NaN
	53446	15.943640982982787	0.05161229006902935	F	NaN	NaN	NaN
	53447	15.955782432114692	0.05462106172240804	F	NaN	NaN	NaN
	53448	15.968012874968863	0.05769808142145068	F	NaN	NaN	NaN
	53449	15.980351341899288	0.060781493037853684	F	NaN	NaN	NaN
	53450	15.992816863259927	0.06383802930980623	F	NaN	NaN	NaN
	53451	16.005432222021536	0.06669694389280595	F	NaN	NaN	NaN
	53452	16.01821763793521	0.06941089508267817	F	NaN	NaN	NaN
	53453	16.031188785203863	0.07210419112463004	F	NaN	NaN	NaN
	53454	16.04436469418146	0.07468732389215901	F	NaN	NaN	NaN
	53455	16.057764395221987	0.07697149068070416	F	NaN	NaN	NaN
	53456	16.071419246927714	0.07892878732093773	F	NaN	NaN	NaN
	53457	16.085330925033855	0.08055493735822875	F	NaN	NaN	NaN
	53458	16.099535735076707	0.08187984139217808	F	NaN	NaN	NaN
	53459	16.114038532557316	0.08284778058188128	F	NaN	NaN	NaN
	53460	16.128871152174913	0.08343513288922295	F	NaN	NaN	NaN
	53461	16.144043758196798	0.08354433498305529	F	NaN	NaN	NaN
	53462	16.159582038626777	0.08325514327101777	F	NaN	NaN	NaN
	53463	16.17549537646381	0.08248026813095222	F	NaN	NaN	NaN
	53464	16.191612942706648	0.08149959621384639	F	NaN	NaN	NaN
	53465	16.207801561885674	0.08058943530426725	F	NaN	NaN	NaN
	53466	16.224061510741663	0.07974779414038528	F	NaN	NaN	NaN
	53467	16.240393066015407	0.07881577373116236	F	NaN	NaN	NaN
	53468	16.256800672171774	0.07765036104827423	F	NaN	NaN	NaN
	53469	16.273303756301186	0.0767138694238032	F	NaN	NaN	NaN
	53470	16.289830564232194	0.07578371042281526	F	NaN	NaN	NaN
	53471	16.306471577440675	0.07488403637673444	F	NaN	NaN	NaN
	53472	16.323150656428954	0.07400009992442794	F	NaN	NaN	NaN
	53473	16.339930595841082	0.07315786235197648	F	NaN	NaN	NaN
	53474	16.35676314642462	0.07239428743508453	F	NaN	NaN	NaN
	53475	16.37368300916496	0.07176125905295273	F	NaN	NaN	NaN
	53476	16.39067023188173	0.07107277930322117	F	NaN	NaN	NaN
	53477	16.40773101507486	0.07032374387590228	F	NaN	NaN	NaN
	53478	16.424874110462852	0.06975526608970872	F	NaN	NaN	NaN
	53479	16.442076811233335	0.06931753694019124	F	NaN	NaN	NaN
	53480	16.459376979830534	0.06900891973371451	F	NaN	NaN	NaN
	53481	16.476722595302945	0.06876050428367007	F	NaN	NaN	NaN
	53482	16.494181037647333	0.06873006974569049	F	NaN	NaN	NaN
	53483	16.51167056494624	0.06875969117327992	F	NaN	NaN	NaN
	53484	16.529288481575794	0.06894917354269621	F	NaN	NaN	NaN
	53485	16.54692291782577	0.06915922492720113	F	NaN	NaN	NaN
	53486	16.564701509278475	0.06987891383576567	F	NaN	NaN	NaN
	53487	16.582495072892105	0.07064607174322227	F	NaN	NaN	NaN
	53488	16.60042231841793	0.07183060690845618	F	NaN	NaN	NaN
	53489	16.61837796080611	0.07311263087229264	F	NaN	NaN	NaN
	53490	16.636453106656713	0.07480492019690753	F	NaN	NaN	NaN
	53491	16.654572028357425	0.07665710154048394	F	NaN	NaN	NaN
	53492	16.672796071657377	0.07889324126972673	F	NaN	NaN	NaN
	53493	16.6910794732086	0.08135361387361004	F	NaN	NaN	NaN
	53494	16.70945341108247	0.08415599823578253	F	NaN	NaN	NaN
	53495	16.727902493022192	0.08724551050490617	F	NaN	NaN	NaN
	53496	16.746427322594556	0.09062445692923	F	NaN	NaN	NaN
	53497	16.76504328546076	0.09435013565569107	F	NaN	NaN	NaN
	53498	16.783720003856185	0.09830696925024503	F	NaN	NaN	NaN
	53499	16.802504048186847	0.10250706254205544	F	NaN	NaN	NaN
	53500	16.821333652529905	0.10681041992187627	F	NaN	NaN	NaN
	53501	16.840286978863013	0.11154344910711778	F	NaN	NaN	NaN
	53502	16.859270466278268	0.11638122415536986	F	NaN	NaN	NaN
	53503	16.878394275151805	0.12192633217273674	F	NaN	NaN	NaN
	53504	16.897533889782412	0.12754927672820326	F	NaN	NaN	NaN
	53505	16.91682813471579	0.13372387133711028	F	NaN	NaN	NaN

# FILTER V
#        MJD  MAG  MAGERR  Upperlimit  Instrument  Telescope  Source
	53339	14.020247580591032	0.027408711527517254	F	NaN	NaN	NaN
	53340	14.110370509540955	0.02782365303767665	F	NaN	NaN	NaN
	53341	14.191460681471511	0.03488169228828551	F	NaN	NaN	NaN
	53342	14.2593194397749	0.042169329866491606	F	NaN	NaN	NaN
	53343	14.315462577971832	0.047443014644073266	F	NaN	NaN	NaN
	53344	14.362738395270924	0.052421416360864614	F	NaN	NaN	NaN
	53345	14.40341268687247	0.05632433083099756	F	NaN	NaN	NaN
	53346	14.44025377823624	0.05922614564412754	F	NaN	NaN	NaN
	53347	14.475766260330175	0.05937124627918758	F	NaN	NaN	NaN
	53348	14.512562040144127	0.05535169418519233	F	NaN	NaN	NaN
	53349	14.55321224040739	0.04551327766818365	F	NaN	NaN	NaN
	53350	14.59928930356853	0.027355530788402884	F	NaN	NaN	NaN
	53351	14.649390926889996	0.022559434934808918	F	NaN	NaN	NaN
	53352	14.698342925540587	0.026947263188755885	F	NaN	NaN	NaN
	53353	14.746787537643499	0.028315259656729045	F	NaN	NaN	NaN
	53354	14.791904181909995	0.030565934038523673	F	NaN	NaN	NaN
	53355	14.831594410287105	0.028357425029432955	F	NaN	NaN	NaN
	53356	14.870412725221852	0.028198359817357674	F	NaN	NaN	NaN
	53357	14.911474303929413	0.02796417872495951	F	NaN	NaN	NaN
	53358	14.957113379076791	0.024552892767962353	F	NaN	NaN	NaN
	53359	15.004985248533666	0.02289440495364036	F	NaN	NaN	NaN
	53360	15.053724337410648	0.03030736895756933	F	NaN	NaN	NaN
	53361	15.097282136305278	0.0423907433311415	F	NaN	NaN	NaN
	53362	15.134773767952767	0.05112145057515455	F	NaN	NaN	NaN
	53363	15.167685957720416	0.05756147986952523	F	NaN	NaN	NaN
	53364	15.195331067431837	0.0603128112126618	F	NaN	NaN	NaN
	53365	15.219086893712593	0.06093003509252497	F	NaN	NaN	NaN
	53366	15.239350817454671	0.05979365264101493	F	NaN	NaN	NaN
	53367	15.256124804036082	0.05682739953585598	F	NaN	NaN	NaN
	53368	15.270469228317781	0.052607331795953616	F	NaN	NaN	NaN
	53369	15.28278779899703	0.04780891200004028	F	NaN	NaN	NaN
	53370	15.293367070958068	0.0430620675347776	F	NaN	NaN	NaN
	53371	15.302976501750324	0.03829892286339297	F	NaN	NaN	NaN
	53372	15.312052632329504	0.03502255989067003	F	NaN	NaN	NaN
	53373	15.321113598179792	0.03327332764474635	F	NaN	NaN	NaN
	53374	15.330664443992235	0.03239881206620554	F	NaN	NaN	NaN
	53375	15.341201047434096	0.03225273678547319	F	NaN	NaN	NaN
	53376	15.353420115683264	0.031803245576406666	F	NaN	NaN	NaN
	53377	15.367076261338509	0.03067846049866548	F	NaN	NaN	NaN
	53378	15.38083497958759	0.029551079112868806	F	NaN	NaN	NaN
	53379	15.39381600344989	0.02833029514884238	F	NaN	NaN	NaN
	53380	15.40538749354668	0.026460735449640553	F	NaN	NaN	NaN
	53381	15.415084494354128	0.024357858368968907	F	NaN	NaN	NaN
	53382	15.423906846589261	0.022501562814028576	F	NaN	NaN	NaN
	53383	15.433006716294628	0.021297196905003566	F	NaN	NaN	NaN
	53384	15.443204927011333	0.021020200960327806	F	NaN	NaN	NaN
	53385	15.453373855723013	0.021515498484706932	F	NaN	NaN	NaN
	53386	15.463435523033194	0.023115542114007598	F	NaN	NaN	NaN
	53387	15.473593043737731	0.02499673502118005	F	NaN	NaN	NaN
	53388	15.48404885211262	0.026985302877421145	F	NaN	NaN	NaN
	53389	15.495006353267138	0.02844044365521199	F	NaN	NaN	NaN
	53390	15.506384294867079	0.02935640891043992	F	NaN	NaN	NaN
	53391	15.517791819785216	0.029892700993670182	F	NaN	NaN	NaN
	53392	15.5292333240578	0.03023587683392768	F	NaN	NaN	NaN
	53393	15.540716579496824	0.030177221058530407	F	NaN	NaN	NaN
	53394	15.552246668802406	0.0304896958314366	F	NaN	NaN	NaN
	53395	15.56383072614601	0.030651906532504568	F	NaN	NaN	NaN
	53396	15.575475885699102	0.030966995586926154	F	NaN	NaN	NaN
	53397	15.58719927272125	0.03101895127195159	F	NaN	NaN	NaN
	53398	15.599001076554915	0.031148736841981738	F	NaN	NaN	NaN
	53399	15.610887241358721	0.03140478754630978	F	NaN	NaN	NaN
	53400	15.622864901304135	0.03181229551484492	F	NaN	NaN	NaN
	53401	15.634944351772413	0.03205675915457996	F	NaN	NaN	NaN
	53402	15.647143445168892	0.03248002679533167	F	NaN	NaN	NaN
	53403	15.659457292467637	0.032738848050635	F	NaN	NaN	NaN
	53404	15.67189302784011	0.03309851962459967	F	NaN	NaN	NaN
	53405	15.684457785457766	0.03388004805124253	F	NaN	NaN	NaN
	53406	15.697165598225874	0.03464535891883891	F	NaN	NaN	NaN
	53407	15.710025309250565	0.035238048927588625	F	NaN	NaN	NaN
	53408	15.723043303187515	0.03570681241262298	F	NaN	NaN	NaN
	53409	15.736224149256788	0.03613517460902519	F	NaN	NaN	NaN
	53410	15.749579249674486	0.03644386661584711	F	NaN	NaN	NaN
	53411	15.763080518753958	0.036611785122488624	F	NaN	NaN	NaN
	53412	15.776617845896121	0.03668902841329367	F	NaN	NaN	NaN
	53413	15.790188488398295	0.03676534439938545	F	NaN	NaN	NaN
	53414	15.803795189560892	0.0367826333949081	F	NaN	NaN	NaN
	53415	15.817440692684327	0.036714286314943834	F	NaN	NaN	NaN
	53416	15.831127741069011	0.03663691430126221	F	NaN	NaN	NaN
	53417	15.844859078015359	0.03631931704072005	F	NaN	NaN	NaN
	53418	15.85863744682378	0.03598685010455906	F	NaN	NaN	NaN
	53419	15.872465590794693	0.03557741501702876	F	NaN	NaN	NaN
	53420	15.886349983474126	0.035412448278168314	F	NaN	NaN	NaN
	53421	15.900291399093874	0.03506704883272742	F	NaN	NaN	NaN
	53422	15.914291362653767	0.034603374302011276	F	NaN	NaN	NaN
	53423	15.92835261745421	0.03412899769213648	F	NaN	NaN	NaN
	53424	15.942477906795622	0.03361927135821946	F	NaN	NaN	NaN
	53425	15.956669973978412	0.03301132577021857	F	NaN	NaN	NaN
	53426	15.970931562302992	0.03254724217487575	F	NaN	NaN	NaN
	53427	15.985265415069776	0.032232333405336405	F	NaN	NaN	NaN
	53428	15.999674275579181	0.03188530606825152	F	NaN	NaN	NaN
	53429	16.01416088713162	0.031570447552059726	F	NaN	NaN	NaN
	53430	16.0287279930275	0.03133332158344135	F	NaN	NaN	NaN
	53431	16.043378336567237	0.031132827257712166	F	NaN	NaN	NaN
	53432	16.058113627109837	0.030956887718086353	F	NaN	NaN	NaN
	53433	16.072943224794965	0.030913176832788047	F	NaN	NaN	NaN
	53434	16.0878651565171	0.030725061866602718	F	NaN	NaN	NaN
	53435	16.102882219165874	0.030614201792923026	F	NaN	NaN	NaN
	53436	16.11799720963092	0.03061884177193403	F	NaN	NaN	NaN
	53437	16.133212924801885	0.03070905578001235	F	NaN	NaN	NaN
	53438	16.148532161568387	0.030971046524303332	F	NaN	NaN	NaN
	53439	16.1639585117886	0.031009473887739454	F	NaN	NaN	NaN
	53440	16.179492339377944	0.031039627250892023	F	NaN	NaN	NaN
	53441	16.195139894111893	0.030874972017465356	F	NaN	NaN	NaN
	53442	16.21090224106852	0.030656026300811046	F	NaN	NaN	NaN
	53443	16.226780092772326	0.03060260170346968	F	NaN	NaN	NaN
	53444	16.24278125981763	0.03033807757635327	F	NaN	NaN	NaN
	53445	16.25890457030124	0.03025795688493642	F	NaN	NaN	NaN
	53446	16.275151627703515	0.029979615130353576	F	NaN	NaN	NaN
	53447	16.291482285585772	0.029562935657965972	F	NaN	NaN	NaN
	53448	16.307853289102294	0.02898801341409421	F	NaN	NaN	NaN
	53449	16.32427454591619	0.028263480333906278	F	NaN	NaN	NaN
	53450	16.340755963690565	0.027424079413025382	F	NaN	NaN	NaN
	53451	16.3573092677314	0.02637176756035254	F	NaN	NaN	NaN
	53452	16.37394498493075	0.025806260016290338	F	NaN	NaN	NaN
	53453	16.390671411718486	0.025123012352632146	F	NaN	NaN	NaN
	53454	16.407498455757715	0.024687019857598018	F	NaN	NaN	NaN
	53455	16.424436024711536	0.024383070704480026	F	NaN	NaN	NaN
	53456	16.441498326992406	0.024226212028228892	F	NaN	NaN	NaN
	53457	16.458692063414883	0.02416780146251273	F	NaN	NaN	NaN
	53458	16.47602812367209	0.024018181856504384	F	NaN	NaN	NaN
	53459	16.49351761530838	0.024098812801753307	F	NaN	NaN	NaN
	53460	16.511222571323156	0.024249368939184772	F	NaN	NaN	NaN
	53461	16.529246052739676	0.024231449131054378	F	NaN	NaN	NaN
	53462	16.547442842202344	0.02424920827758146	F	NaN	NaN	NaN
	53463	16.565660630128395	0.024437636505471746	F	NaN	NaN	NaN
	53464	16.58413314569786	0.024484635517940632	F	NaN	NaN	NaN
	53465	16.60304910347947	0.024434617025767033	F	NaN	NaN	NaN
	53466	16.622355124362947	0.024437446548662506	F	NaN	NaN	NaN
	53467	16.641997829237994	0.024221591815174408	F	NaN	NaN	NaN
	53468	16.661924405795347	0.023873682193987257	F	NaN	NaN	NaN
	53469	16.68208066429991	0.02356527661075848	F	NaN	NaN	NaN
	53470	16.702413120585653	0.023220204041660177	F	NaN	NaN	NaN
	53471	16.722868495727884	0.022917921803810616	F	NaN	NaN	NaN
	53472	16.743393510801923	0.022631446688730714	F	NaN	NaN	NaN
	53473	16.76393488688307	0.022414560176698742	F	NaN	NaN	NaN
	53474	16.784439345046653	0.022365685734700314	F	NaN	NaN	NaN
	53475	16.804854802049544	0.022366822548119458	F	NaN	NaN	NaN
	53476	16.82512550103164	0.0222592242601672	F	NaN	NaN	NaN
	53477	16.845198845266207	0.022012780357375777	F	NaN	NaN	NaN
	53478	16.8651258277257	0.021994203846881707	F	NaN	NaN	NaN
	53479	16.885166185307302	0.021985311590713853	F	NaN	NaN	NaN
	53480	16.90532067734277	0.02197507493809498	F	NaN	NaN	NaN
	53481	16.925574776052557	0.021971979507870904	F	NaN	NaN	NaN
	53482	16.945931757837787	0.0219844171472589	F	NaN	NaN	NaN
	53483	16.966368306488324	0.022052050065599123	F	NaN	NaN	NaN
	53484	16.986871452959573	0.022111845093313123	F	NaN	NaN	NaN
	53485	17.007439164879973	0.022169578442843764	F	NaN	NaN	NaN
	53486	17.02805209752457	0.022248821347128134	F	NaN	NaN	NaN
	53487	17.04869861913628	0.022349576586101212	F	NaN	NaN	NaN
	53488	17.069371167123393	0.02247552982006534	F	NaN	NaN	NaN
	53489	17.090054811141048	0.02262287511026216	F	NaN	NaN	NaN
	53490	17.11073903527223	0.022789906256779104	F	NaN	NaN	NaN
	53491	17.13141052525758	0.02312752116170107	F	NaN	NaN	NaN
	53492	17.152059208027296	0.023514690678269626	F	NaN	NaN	NaN
	53493	17.172675871234407	0.023743019145501067	F	NaN	NaN	NaN
	53494	17.193243487954973	0.02396036129294439	F	NaN	NaN	NaN
	53495	17.213752378546367	0.024151765169670488	F	NaN	NaN	NaN
	53496	17.234191142821285	0.024361304396516473	F	NaN	NaN	NaN
	53497	17.254547921927184	0.024609663471079818	F	NaN	NaN	NaN
	53498	17.27483650015261	0.024877361385606298	F	NaN	NaN	NaN
	53499	17.29512768157218	0.025249170030116494	F	NaN	NaN	NaN
	53500	17.315426587772098	0.025667807659253705	F	NaN	NaN	NaN
	53501	17.33573322125702	0.026071143157794935	F	NaN	NaN	NaN
	53502	17.35604738675256	0.026530783054990695	F	NaN	NaN	NaN
	53503	17.376369300965575	0.02712327913375364	F	NaN	NaN	NaN
	53504	17.39669871196859	0.027709686161914854	F	NaN	NaN	NaN
	53505	17.41703571090006	0.028365605270915507	F	NaN	NaN	NaN
	53506	17.43738060277319	0.029169898776192797	F	NaN	NaN	NaN
	53507	17.457732242115018	0.029966777169847553	F	NaN	NaN	NaN
	53508	17.478092164284764	0.03084995919991846	F	NaN	NaN	NaN
	53509	17.498459418266908	0.03173751384044992	F	NaN	NaN	NaN
	53510	17.518833975274802	0.03275366949299208	F	NaN	NaN	NaN
	53511	17.5392158065218	0.03387003427670821	F	NaN	NaN	NaN
	53512	17.559604883221244	0.03506836354086163	F	NaN	NaN	NaN
	53513	17.580001176586496	0.03631035891425295	F	NaN	NaN	NaN
	53514	17.600404657830907	0.03760266051392969	F	NaN	NaN	NaN
	53515	17.620815298167834	0.03903894695736922	F	NaN	NaN	NaN
	53516	17.641233068810628	0.04055110423083333	F	NaN	NaN	NaN
	53517	17.66165846946793	0.0420418592940955	F	NaN	NaN	NaN
	53518	17.682091349134442	0.043713397709047475	F	NaN	NaN	NaN
	53519	17.70253126389408	0.04547100609786816	F	NaN	NaN	NaN
	53520	17.7229781849602	0.04710152460755215	F	NaN	NaN	NaN
	53521	17.743432083546153	0.04888200915022178	F	NaN	NaN	NaN
	53522	17.76389293086529	0.050855195804444156	F	NaN	NaN	NaN
	53523	17.78436069813097	0.05290421670387778	F	NaN	NaN	NaN
	53524	17.80483535655654	0.055028210870275984	F	NaN	NaN	NaN
	53525	17.825316877355355	0.057210312947446426	F	NaN	NaN	NaN
	53526	17.845805284144223	0.059337720136227894	F	NaN	NaN	NaN
	53527	17.866301344918583	0.06183377557431006	F	NaN	NaN	NaN
	53528	17.886804172853452	0.06427672590621057	F	NaN	NaN	NaN

# FILTER r
#        MJD  MAG  MAGERR  Upperlimit  Instrument  Telescope  Source
	53339	13.84882931419598	0.03676821532124537	F	NaN	NaN	NaN
	53340	13.891442373371339	0.0329659782567565	F	NaN	NaN	NaN
	53341	13.933882532951696	0.030029968215296486	F	NaN	NaN	NaN
	53342	13.97611439944361	0.02809263510220339	F	NaN	NaN	NaN
	53343	14.018102579353625	0.02688835196017639	F	NaN	NaN	NaN
	53344	14.059811679188305	0.026077625644063473	F	NaN	NaN	NaN
	53345	14.101206305454195	0.02606434590367724	F	NaN	NaN	NaN
	53346	14.14225106465785	0.02601411931353551	F	NaN	NaN	NaN
	53347	14.182910563305832	0.026088261082706905	F	NaN	NaN	NaN
	53348	14.223149407904687	0.026101420563789543	F	NaN	NaN	NaN
	53349	14.26306076588786	0.02581175990072709	F	NaN	NaN	NaN
	53350	14.302996865544616	0.024802557759716324	F	NaN	NaN	NaN
	53351	14.342135443478108	0.024162581383059656	F	NaN	NaN	NaN
	53352	14.381066450853915	0.023233834717180567	F	NaN	NaN	NaN
	53353	14.419648510712364	0.022266407690243652	F	NaN	NaN	NaN
	53354	14.457508403677357	0.021437848461119787	F	NaN	NaN	NaN
	53355	14.494759861215183	0.020861740069682624	F	NaN	NaN	NaN
	53356	14.532639388291605	0.020513112741280738	F	NaN	NaN	NaN
	53357	14.56973095492733	0.021179088947336555	F	NaN	NaN	NaN
	53358	14.604568621181562	0.02193984787643859	F	NaN	NaN	NaN
	53359	14.637444345921516	0.022511816823149622	F	NaN	NaN	NaN
	53360	14.668939802514613	0.02299481431441357	F	NaN	NaN	NaN
	53361	14.698986751137738	0.02337221982865868	F	NaN	NaN	NaN
	53362	14.727673493688423	0.023641688796510473	F	NaN	NaN	NaN
	53363	14.755088332064217	0.02385331565931134	F	NaN	NaN	NaN
	53364	14.781233323141906	0.02377726321344306	F	NaN	NaN	NaN
	53365	14.806279449440757	0.02400541482158282	F	NaN	NaN	NaN
	53366	14.830333884282163	0.024573707511483765	F	NaN	NaN	NaN
	53367	14.85348492956366	0.025200858434089694	F	NaN	NaN	NaN
	53368	14.87582088718279	0.026049154470714993	F	NaN	NaN	NaN
	53369	14.8974300590371	0.027269253262487542	F	NaN	NaN	NaN
	53370	14.918400747024135	0.0282492820726524	F	NaN	NaN	NaN
	53371	14.93882125304143	0.02945496068432687	F	NaN	NaN	NaN
	53372	14.95876963216156	0.030295435763678616	F	NaN	NaN	NaN
	53373	14.978329638862814	0.030795769784696652	F	NaN	NaN	NaN
	53374	14.997619676311768	0.0312173820966628	F	NaN	NaN	NaN
	53375	15.016728046405976	0.03115891576243878	F	NaN	NaN	NaN
	53376	15.035743051042976	0.03066925624966412	F	NaN	NaN	NaN
	53377	15.05463491189597	0.02968751889765314	F	NaN	NaN	NaN
	53378	15.072980977896513	0.02845121667151483	F	NaN	NaN	NaN
	53379	15.090824587723338	0.026974664251873608	F	NaN	NaN	NaN
	53380	15.108218778400136	0.025318973741636927	F	NaN	NaN	NaN
	53381	15.125009720884277	0.024094570769125252	F	NaN	NaN	NaN
	53382	15.141510931264673	0.023462619544651914	F	NaN	NaN	NaN
	53383	15.15810478331693	0.02338126584348338	F	NaN	NaN	NaN
	53384	15.175012213555272	0.023484338616785852	F	NaN	NaN	NaN
	53385	15.19157365782932	0.023556096153497644	F	NaN	NaN	NaN
	53386	15.207666724760532	0.023815558390487636	F	NaN	NaN	NaN
	53387	15.223334880704973	0.023995839346193027	F	NaN	NaN	NaN
	53388	15.238602564570398	0.024372457819283565	F	NaN	NaN	NaN
	53389	15.25350124759669	0.024604994944340597	F	NaN	NaN	NaN
	53390	15.268027515469656	0.02517919635006831	F	NaN	NaN	NaN
	53391	15.282290895261138	0.02563399415659558	F	NaN	NaN	NaN
	53392	15.29628163805547	0.025932128129639485	F	NaN	NaN	NaN
	53393	15.310030962476436	0.026391095332527315	F	NaN	NaN	NaN
	53394	15.323570087147816	0.026982233928371263	F	NaN	NaN	NaN
	53395	15.336930230693389	0.027622027959701995	F	NaN	NaN	NaN
	53396	15.350142611736935	0.028286821681356773	F	NaN	NaN	NaN
	53397	15.363238448902235	0.02907422275339039	F	NaN	NaN	NaN
	53398	15.376248960813072	0.03005555212594834	F	NaN	NaN	NaN
	53399	15.389205366093224	0.031073315827521025	F	NaN	NaN	NaN
	53400	15.402138883366472	0.032060248252669045	F	NaN	NaN	NaN
	53401	15.415080731256595	0.03312782014298311	F	NaN	NaN	NaN
	53402	15.428062128387376	0.0341249191183919	F	NaN	NaN	NaN
	53403	15.441115178735044	0.03521616745955447	F	NaN	NaN	NaN
	53404	15.454275975932473	0.03616266819102213	F	NaN	NaN	NaN
	53405	15.46757303190243	0.03693133484377422	F	NaN	NaN	NaN
	53406	15.481037565268704	0.03773161865402026	F	NaN	NaN	NaN
	53407	15.494700794655065	0.03857103098448167	F	NaN	NaN	NaN
	53408	15.508593938685301	0.03921474745941021	F	NaN	NaN	NaN
	53409	15.522748215983192	0.03971404338995699	F	NaN	NaN	NaN
	53410	15.537194845172516	0.040080564204925624	F	NaN	NaN	NaN
	53411	15.55186614278881	0.040482012557353286	F	NaN	NaN	NaN
	53412	15.566621332010195	0.04081233828789516	F	NaN	NaN	NaN
	53413	15.581426679033761	0.04086128908236544	F	NaN	NaN	NaN
	53414	15.596291909335482	0.04071589792046058	F	NaN	NaN	NaN
	53415	15.611198117311483	0.04053632935916327	F	NaN	NaN	NaN
	53416	15.626145298900582	0.040340324768164404	F	NaN	NaN	NaN
	53417	15.641157693931621	0.03995090082811169	F	NaN	NaN	NaN
	53418	15.656214817732742	0.039626665811167625	F	NaN	NaN	NaN
	53419	15.671312885353403	0.03927747020579035	F	NaN	NaN	NaN
	53420	15.68646320403346	0.038739624665901695	F	NaN	NaN	NaN
	53421	15.701671140730202	0.038221803823219686	F	NaN	NaN	NaN
	53422	15.716919991452928	0.03772159978584271	F	NaN	NaN	NaN
	53423	15.732209752140454	0.03723681947773148	F	NaN	NaN	NaN
	53424	15.747566793760093	0.03663687459567343	F	NaN	NaN	NaN
	53425	15.762966324655386	0.03596767290733957	F	NaN	NaN	NaN
	53426	15.778406735721925	0.03529034280675399	F	NaN	NaN	NaN
	53427	15.793901484278651	0.03474361035745703	F	NaN	NaN	NaN
	53428	15.809451592417007	0.033994241738657574	F	NaN	NaN	NaN
	53429	15.825042550933057	0.03330333512275492	F	NaN	NaN	NaN
	53430	15.840674919742096	0.03277531728518751	F	NaN	NaN	NaN
	53431	15.85637550219402	0.032125361214720274	F	NaN	NaN	NaN
	53432	15.872116905230083	0.031592754909690206	F	NaN	NaN	NaN
	53433	15.8878991247891	0.03115419193366343	F	NaN	NaN	NaN
	53434	15.90373776144266	0.030762590400023545	F	NaN	NaN	NaN
	53435	15.919629506069239	0.030319486680012865	F	NaN	NaN	NaN
	53436	15.935562037425212	0.029958375206090064	F	NaN	NaN	NaN
	53437	15.951538077619155	0.029765073357435057	F	NaN	NaN	NaN
	53438	15.967580060906748	0.029469284820112553	F	NaN	NaN	NaN
	53439	15.98365790316379	0.029241043828295083	F	NaN	NaN	NaN
	53440	15.999788403729482	0.029101772334582894	F	NaN	NaN	NaN
	53441	16.01596760713707	0.02906194747261009	F	NaN	NaN	NaN
	53442	16.03219550249418	0.02903896141079325	F	NaN	NaN	NaN
	53443	16.048472078908432	0.02900605573539663	F	NaN	NaN	NaN
	53444	16.064797325487447	0.029108859396232506	F	NaN	NaN	NaN
	53445	16.08117123133885	0.029224420678953884	F	NaN	NaN	NaN
	53446	16.097593785570258	0.029326062614159067	F	NaN	NaN	NaN
	53447	16.114064977289296	0.029449996719093277	F	NaN	NaN	NaN
	53448	16.130584795603582	0.029588617839693937	F	NaN	NaN	NaN
	53449	16.147153229620745	0.02973977854937437	F	NaN	NaN	NaN
	53450	16.16377026844841	0.029918568880453085	F	NaN	NaN	NaN
	53451	16.180435901194183	0.029896101057240748	F	NaN	NaN	NaN
	53452	16.19715103148983	0.030005513063872932	F	NaN	NaN	NaN
	53453	16.213916054157657	0.03009352976686968	F	NaN	NaN	NaN
	53454	16.230729637015447	0.029989803446797737	F	NaN	NaN	NaN
	53455	16.247591769170825	0.03001997249346946	F	NaN	NaN	NaN
	53456	16.26450243973141	0.02990397624727508	F	NaN	NaN	NaN
	53457	16.281461637804824	0.029809720161249078	F	NaN	NaN	NaN
	53458	16.298469352498692	0.029696666124757423	F	NaN	NaN	NaN
	53459	16.315525572920635	0.02954515494466122	F	NaN	NaN	NaN
	53460	16.332624256538665	0.029361322060091614	F	NaN	NaN	NaN
	53461	16.349777169412313	0.029033292565179572	F	NaN	NaN	NaN
	53462	16.366980195809013	0.02868621315127634	F	NaN	NaN	NaN
	53463	16.38422965708544	0.028146970109220036	F	NaN	NaN	NaN
	53464	16.401517140219966	0.027348417978873853	F	NaN	NaN	NaN
	53465	16.41883316559509	0.026548220145833974	F	NaN	NaN	NaN
	53466	16.43616844917247	0.025683188784793157	F	NaN	NaN	NaN
	53467	16.453513374660282	0.02509050203255503	F	NaN	NaN	NaN
	53468	16.47085861514208	0.02450166383001099	F	NaN	NaN	NaN
	53469	16.48819477675658	0.024145712891338628	F	NaN	NaN	NaN
	53470	16.50551255996477	0.024085412673296665	F	NaN	NaN	NaN
	53471	16.52280220854482	0.02403950574402696	F	NaN	NaN	NaN
	53472	16.540054234713455	0.02429141151831537	F	NaN	NaN	NaN
	53473	16.556941919024755	0.024489059055032673	F	NaN	NaN	NaN
	53474	16.573080219655253	0.0246655861235434	F	NaN	NaN	NaN
	53475	16.589742685770823	0.0248452027372017	F	NaN	NaN	NaN
	53476	16.606038998430623	0.025163845697598136	F	NaN	NaN	NaN
	53477	16.622319636588145	0.02525372469437661	F	NaN	NaN	NaN
	53478	16.638806571673612	0.025320326445457078	F	NaN	NaN	NaN
	53479	16.654826145924826	0.025288514008666448	F	NaN	NaN	NaN
	53480	16.670405113178546	0.02513637269867225	F	NaN	NaN	NaN
	53481	16.68562293302044	0.025218893091200185	F	NaN	NaN	NaN
	53482	16.70057770858698	0.02533541749217766	F	NaN	NaN	NaN
	53483	16.71533752213595	0.02574224149861826	F	NaN	NaN	NaN
	53484	16.729994793747263	0.026281940537013056	F	NaN	NaN	NaN
	53485	16.744629729502112	0.026924655439935725	F	NaN	NaN	NaN
	53486	16.759324972830125	0.02783848800077912	F	NaN	NaN	NaN
	53487	16.774168159289648	0.02883824907051476	F	NaN	NaN	NaN
	53488	16.789233768223482	0.02953250796032498	F	NaN	NaN	NaN
	53489	16.80461557836372	0.030014941480932478	F	NaN	NaN	NaN
	53490	16.820393420906484	0.03018914961572791	F	NaN	NaN	NaN
	53491	16.836650889644275	0.029990220752840708	F	NaN	NaN	NaN
	53492	16.853471578369618	0.029410428204690642	F	NaN	NaN	NaN
	53493	16.87082914466948	0.028612578413869577	F	NaN	NaN	NaN
	53494	16.888402555052245	0.027975683520148842	F	NaN	NaN	NaN
	53495	16.906017196873314	0.027915466078693232	F	NaN	NaN	NaN
	53496	16.923512969981964	0.028135938887125	F	NaN	NaN	NaN
	53497	16.94073019146666	0.028444521631825898	F	NaN	NaN	NaN
	53498	16.95758654385957	0.028673038456852935	F	NaN	NaN	NaN
	53499	16.97425069863675	0.02894530355712773	F	NaN	NaN	NaN
	53500	16.990765870220358	0.028847565623148115	F	NaN	NaN	NaN
	53501	17.007150157543343	0.029112593823759605	F	NaN	NaN	NaN
	53502	17.023467719789657	0.02902338402588021	F	NaN	NaN	NaN
	53503	17.039731421408185	0.028901517958566228	F	NaN	NaN	NaN
	53504	17.055970590527284	0.028877668207083797	F	NaN	NaN	NaN
	53505	17.072214555275316	0.02876897495871364	F	NaN	NaN	NaN
	53506	17.088497210262826	0.02884453376419588	F	NaN	NaN	NaN
	53507	17.104858704835756	0.028978720729679608	F	NaN	NaN	NaN
	53508	17.12132465245237	0.028978477912519233	F	NaN	NaN	NaN
	53509	17.137924381241035	0.0291069345395012	F	NaN	NaN	NaN
	53510	17.154687219330103	0.02936896572019896	F	NaN	NaN	NaN
	53511	17.17164249484792	0.029668497879201228	F	NaN	NaN	NaN
	53512	17.18881953592285	0.03008091254424075	F	NaN	NaN	NaN
	53513	17.206247670683247	0.030859638290068013	F	NaN	NaN	NaN
	53514	17.223975192463175	0.031105042382897928	F	NaN	NaN	NaN
	53515	17.242054163211378	0.03178408870807624	F	NaN	NaN	NaN
	53516	17.26048388505981	0.03240447820833539	F	NaN	NaN	NaN
	53517	17.279293686136825	0.03279686313555995	F	NaN	NaN	NaN
	53518	17.298512894570784	0.03314710111091139	F	NaN	NaN	NaN
	53519	17.318170838490033	0.03355720295031997	F	NaN	NaN	NaN
	53520	17.33829684602293	0.03390526521231767	F	NaN	NaN	NaN
	53521	17.35892024529784	0.034060325176646616	F	NaN	NaN	NaN
	53522	17.38010169061477	0.03437572949772915	F	NaN	NaN	NaN
	53523	17.40190923204039	0.034703514463780276	F	NaN	NaN	NaN
	53524	17.424134072981342	0.03475433004117174	F	NaN	NaN	NaN
	53525	17.446744182243588	0.03487037909756883	F	NaN	NaN	NaN
	53526	17.46968613623261	0.03490978622368909	F	NaN	NaN	NaN
	53527	17.492963768490146	0.035004644275608565	F	NaN	NaN	NaN
	53528	17.51658091255794	0.03508649486335162	F	NaN	NaN	NaN
	53529	17.540560078672573	0.03528527695418533	F	NaN	NaN	NaN
	53530	17.56485550692229	0.035766058515422666	F	NaN	NaN	NaN
	53531	17.58951860395779	0.036322444019062566	F	NaN	NaN	NaN
	53532	17.614545181607973	0.03714197974677078	F	NaN	NaN	NaN
	53533	17.639926867048725	0.037995964999610776	F	NaN	NaN	NaN
	53534	17.665667380911824	0.039106030017296886	F	NaN	NaN	NaN
	53535	17.691770443829043	0.040492328572307223	F	NaN	NaN	NaN
	53536	17.71823977643217	0.04185862792390347	F	NaN	NaN	NaN
	53537	17.74507909935297	0.04335801699095669	F	NaN	NaN	NaN
	53538	17.772292133223235	0.045383332153066634	F	NaN	NaN	NaN
	53539	17.799882598674746	0.047862744653460236	F	NaN	NaN	NaN
	53540	17.827888369046303	0.05029499230140522	F	NaN	NaN	NaN
	53541	17.856281516482422	0.05285383681350471	F	NaN	NaN	NaN
	53542	17.885063894460036	0.05582515098134667	F	NaN	NaN	NaN
	53543	17.914239223610917	0.05909534889835747	F	NaN	NaN	NaN
	53544	17.943811224566854	0.062400826058888983	F	NaN	NaN	NaN
	53545	17.973783617959626	0.06609104423759357	F	NaN	NaN	NaN
	53546	18.00416012442101	0.07000041197650794	F	NaN	NaN	NaN

# FILTER i
#        MJD  MAG  MAGERR  Upperlimit  Instrument  Telescope  Source
	53334	13.536352784711486	0.22103835993570403	F	NaN	NaN	NaN
	53335	13.603944207839918	0.17303445376023638	F	NaN	NaN	NaN
	53336	13.66786648484819	0.13027424861547476	F	NaN	NaN	NaN
	53337	13.727212420206248	0.093823732978175	F	NaN	NaN	NaN
	53338	13.781074818384068	0.06495472518215152	F	NaN	NaN	NaN
	53339	13.828826640066657	0.04498273839664292	F	NaN	NaN	NaN
	53340	13.872117816936484	0.03597385879298017	F	NaN	NaN	NaN
	53341	13.911855373306674	0.03418178607364045	F	NaN	NaN	NaN
	53342	13.948673893435853	0.03538382039144089	F	NaN	NaN	NaN
	53343	13.983207961582632	0.036235116148874494	F	NaN	NaN	NaN
	53344	14.016092162005641	0.03606023682547501	F	NaN	NaN	NaN
	53345	14.047961078963496	0.03515257304017508	F	NaN	NaN	NaN
	53346	14.079449296714817	0.03443331028572893	F	NaN	NaN	NaN
	53347	14.111191399518223	0.03367630704809559	F	NaN	NaN	NaN
	53348	14.143821971632345	0.033283606743033024	F	NaN	NaN	NaN
	53349	14.177824575313505	0.03256363391195996	F	NaN	NaN	NaN
	53350	14.212386464619476	0.031079891800570143	F	NaN	NaN	NaN
	53351	14.246728371541836	0.02949629421338142	F	NaN	NaN	NaN
	53352	14.281116061897258	0.027779077563479936	F	NaN	NaN	NaN
	53353	14.315412883783262	0.025860390658754256	F	NaN	NaN	NaN
	53354	14.34976235191945	0.023978310852904167	F	NaN	NaN	NaN
	53355	14.384474653412662	0.02250524851671981	F	NaN	NaN	NaN
	53356	14.420343794950593	0.024023118447634252	F	NaN	NaN	NaN
	53357	14.453958928177908	0.026534612943531544	F	NaN	NaN	NaN
	53358	14.483442293416157	0.02887976016063984	F	NaN	NaN	NaN
	53359	14.51234345800607	0.03087064091560173	F	NaN	NaN	NaN
	53360	14.539860836280651	0.03272093373568622	F	NaN	NaN	NaN
	53361	14.56652535599279	0.03412210533766505	F	NaN	NaN	NaN
	53362	14.592383616151883	0.034785358419169125	F	NaN	NaN	NaN
	53363	14.617482215767316	0.03526436738173305	F	NaN	NaN	NaN
	53364	14.641813313602796	0.035832966023575635	F	NaN	NaN	NaN
	53365	14.665476867411325	0.036273584710319086	F	NaN	NaN	NaN
	53366	14.688528616469446	0.03679930585343254	F	NaN	NaN	NaN
	53367	14.711015159786552	0.037628828916359054	F	NaN	NaN	NaN
	53368	14.732983096372031	0.03849182663059036	F	NaN	NaN	NaN
	53369	14.754479025235266	0.039702888346437204	F	NaN	NaN	NaN
	53370	14.775549545385653	0.04091809122342653	F	NaN	NaN	NaN
	53371	14.796241255832578	0.04171973566820276	F	NaN	NaN	NaN
	53372	14.81659275496627	0.04249699322288235	F	NaN	NaN	NaN
	53373	14.836645109928137	0.04275405683570272	F	NaN	NaN	NaN
	53374	14.856466510979796	0.04248872498270395	F	NaN	NaN	NaN
	53375	14.876103557130635	0.04176127231751947	F	NaN	NaN	NaN
	53376	14.895602847390046	0.04027357705035457	F	NaN	NaN	NaN
	53377	14.915015416787611	0.03795030341245111	F	NaN	NaN	NaN
	53378	14.934374776457114	0.03544548271512124	F	NaN	NaN	NaN
	53379	14.95369233247403	0.032729464096654524	F	NaN	NaN	NaN
	53380	14.97269504481082	0.03129081088409399	F	NaN	NaN	NaN
	53381	14.99135519702194	0.03128048415402976	F	NaN	NaN	NaN
	53382	15.010127518369986	0.03275522387790469	F	NaN	NaN	NaN
	53383	15.028990024328278	0.03347886380431157	F	NaN	NaN	NaN
	53384	15.047834632353336	0.03388615692641386	F	NaN	NaN	NaN
	53385	15.066554600229491	0.03390892628903722	F	NaN	NaN	NaN
	53386	15.08504262468401	0.03364525826005712	F	NaN	NaN	NaN
	53387	15.103191452883234	0.03375950670757675	F	NaN	NaN	NaN
	53388	15.120930022946443	0.03373137926565088	F	NaN	NaN	NaN
	53389	15.138526584247279	0.033944483865119265	F	NaN	NaN	NaN
	53390	15.156009169506353	0.034124229004000334	F	NaN	NaN	NaN
	53391	15.173383746897859	0.034268424063843436	F	NaN	NaN	NaN
	53392	15.190651129108392	0.03437489278335353	F	NaN	NaN	NaN
	53393	15.207813506815109	0.03445678391450541	F	NaN	NaN	NaN
	53394	15.224888153100741	0.03439379612118951	F	NaN	NaN	NaN
	53395	15.241881036139485	0.034352854176348285	F	NaN	NaN	NaN
	53396	15.258798124105535	0.03427989348475321	F	NaN	NaN	NaN
	53397	15.275645385173089	0.03418268598936079	F	NaN	NaN	NaN
	53398	15.292428787516345	0.034132355337874884	F	NaN	NaN	NaN
	53399	15.309154299309492	0.03408322734927908	F	NaN	NaN	NaN
	53400	15.325825703640064	0.03404429914756066	F	NaN	NaN	NaN
	53401	15.342447513752536	0.033930699786430304	F	NaN	NaN	NaN
	53402	15.359031709761386	0.033832316644197225	F	NaN	NaN	NaN
	53403	15.37558425984081	0.03383532243799636	F	NaN	NaN	NaN
	53404	15.392111132165006	0.03391354298835901	F	NaN	NaN	NaN
	53405	15.408618294908164	0.03407973480629331	F	NaN	NaN	NaN
	53406	15.425111716244482	0.034338688432576495	F	NaN	NaN	NaN
	53407	15.441597364348159	0.03456885681831447	F	NaN	NaN	NaN
	53408	15.458081455605342	0.034722520558652395	F	NaN	NaN	NaN
	53409	15.474571900032458	0.03518300142447792	F	NaN	NaN	NaN
	53410	15.491074847673417	0.03571793889397039	F	NaN	NaN	NaN
	53411	15.507598577803192	0.03634002607686062	F	NaN	NaN	NaN
	53412	15.524142125462559	0.03698062463317459	F	NaN	NaN	NaN
	53413	15.540715757404385	0.037577330711368664	F	NaN	NaN	NaN
	53414	15.557336077959953	0.03831373124160615	F	NaN	NaN	NaN
	53415	15.573994233128413	0.03908268635347116	F	NaN	NaN	NaN
	53416	15.590692592167938	0.03987748629202247	F	NaN	NaN	NaN
	53417	15.607466003452583	0.040907085806137694	F	NaN	NaN	NaN
	53418	15.624298814308418	0.04194681376619944	F	NaN	NaN	NaN
	53419	15.641189210338057	0.04303037002020126	F	NaN	NaN	NaN
	53420	15.658159021783238	0.04423504559626362	F	NaN	NaN	NaN
	53421	15.675226536504724	0.04531004868280166	F	NaN	NaN	NaN
	53422	15.69236901770276	0.04639370296527366	F	NaN	NaN	NaN
	53423	15.709588834635513	0.04752051670662913	F	NaN	NaN	NaN
	53424	15.726948067219498	0.04850964221302012	F	NaN	NaN	NaN
	53425	15.744402681764205	0.04957589839725123	F	NaN	NaN	NaN
	53426	15.76195201334637	0.050669244882767694	F	NaN	NaN	NaN
	53427	15.779634073954885	0.05168223002965848	F	NaN	NaN	NaN
	53428	15.797460870024548	0.0527203853127529	F	NaN	NaN	NaN
	53429	15.815399764434412	0.053649145515683054	F	NaN	NaN	NaN
	53430	15.833455224213047	0.054401670122060486	F	NaN	NaN	NaN
	53431	15.851714249985942	0.05522723004647809	F	NaN	NaN	NaN
	53432	15.870102755401783	0.05604828272063338	F	NaN	NaN	NaN
	53433	15.888623109718738	0.05683492678937031	F	NaN	NaN	NaN
	53434	15.90733348915055	0.05747923333712111	F	NaN	NaN	NaN
	53435	15.926231653750646	0.058040738068945746	F	NaN	NaN	NaN
	53436	15.945279048554598	0.058534903475965495	F	NaN	NaN	NaN
	53437	15.964489255020526	0.058954598716552085	F	NaN	NaN	NaN
	53438	15.983957126983157	0.0592536784962604	F	NaN	NaN	NaN
	53439	16.00345581826751	0.059429735160971775	F	NaN	NaN	NaN
	53440	16.02287447742291	0.05936779195710824	F	NaN	NaN	NaN
	53441	16.042124687038648	0.0590513482302589	F	NaN	NaN	NaN
	53442	16.06123024690654	0.05850914041192781	F	NaN	NaN	NaN
	53443	16.080214956818423	0.05773249457812526	F	NaN	NaN	NaN
	53444	16.099102616566125	0.05676338622754841	F	NaN	NaN	NaN
	53445	16.117917025941473	0.05570903573683479	F	NaN	NaN	NaN
	53446	16.1366819847363	0.0545647824531499	F	NaN	NaN	NaN
	53447	16.155421292742425	0.05355888989709775	F	NaN	NaN	NaN
	53448	16.174158749751687	0.052377832800422255	F	NaN	NaN	NaN
	53449	16.192918155555905	0.05128405094883555	F	NaN	NaN	NaN
	53450	16.211723309946912	0.0501295506109881	F	NaN	NaN	NaN
	53451	16.23059801271654	0.04903838610836618	F	NaN	NaN	NaN
	53452	16.24956854939141	0.048033395254294745	F	NaN	NaN	NaN
	53453	16.268660887071135	0.04723175718862042	F	NaN	NaN	NaN
	53454	16.2878964689761	0.04626235343010004	F	NaN	NaN	NaN
	53455	16.307299094898145	0.04553780943604178	F	NaN	NaN	NaN
	53456	16.32689256462909	0.044775213041251136	F	NaN	NaN	NaN
	53457	16.34670067796076	0.04419795522505731	F	NaN	NaN	NaN
	53458	16.366747234684993	0.04371110325694394	F	NaN	NaN	NaN
	53459	16.387056034593616	0.043149689216228845	F	NaN	NaN	NaN
	53460	16.407745439264996	0.04257583172538173	F	NaN	NaN	NaN
	53461	16.429272226474644	0.041716009288369195	F	NaN	NaN	NaN
	53462	16.451468540540443	0.040502716057701046	F	NaN	NaN	NaN
	53463	16.474309160246733	0.03917736189358538	F	NaN	NaN	NaN
	53464	16.497690786768356	0.03754413502492176	F	NaN	NaN	NaN
	53465	16.52149806434375	0.03603708466984966	F	NaN	NaN	NaN
	53466	16.545689492028654	0.034537605533693665	F	NaN	NaN	NaN
	53467	16.57012185001481	0.03342390743489204	F	NaN	NaN	NaN
	53468	16.594741970401266	0.03241045518884589	F	NaN	NaN	NaN
	53469	16.61943857583201	0.031658074939520636	F	NaN	NaN	NaN
	53470	16.64412553596611	0.03140620124113935	F	NaN	NaN	NaN
	53471	16.668710877548904	0.031029343476640915	F	NaN	NaN	NaN
	53472	16.69311750280312	0.03078817736136928	F	NaN	NaN	NaN
	53473	16.717216069245406	0.03084175993956926	F	NaN	NaN	NaN
	53474	16.74098298065383	0.031005761693602557	F	NaN	NaN	NaN
	53475	16.76432058028458	0.03099316157950724	F	NaN	NaN	NaN
	53476	16.787431645774763	0.031024092971450885	F	NaN	NaN	NaN
	53477	16.81028844167676	0.030813654093115022	F	NaN	NaN	NaN
	53478	16.833993236120868	0.03054825248191067	F	NaN	NaN	NaN
	53479	16.85910605422563	0.03428249766876862	F	NaN	NaN	NaN
	53480	16.88246151635443	0.036040161409468044	F	NaN	NaN	NaN
	53481	16.90578368646196	0.037227476531523626	F	NaN	NaN	NaN
	53482	16.928887571196665	0.03784396217700414	F	NaN	NaN	NaN
	53483	16.951472449806985	0.03826568050255553	F	NaN	NaN	NaN
	53484	16.97325250675232	0.03842569061049042	F	NaN	NaN	NaN
	53485	16.99393881913001	0.0388357160332758	F	NaN	NaN	NaN
	53486	17.013242464037404	0.03913168425873667	F	NaN	NaN	NaN
	53487	17.030874518571853	0.038856370941278674	F	NaN	NaN	NaN
	53488	17.046967073447703	0.03833159915628426	F	NaN	NaN	NaN
	53489	17.062223951855326	0.037486134137476416	F	NaN	NaN	NaN
	53490	17.07650289478535	0.036388523760083426	F	NaN	NaN	NaN
	53491	17.08959317181325	0.03564033534126448	F	NaN	NaN	NaN
	53492	17.10128405251452	0.03474576362165527	F	NaN	NaN	NaN
	53493	17.111872349196656	0.034603053064416564	F	NaN	NaN	NaN
	53494	17.121614068413937	0.03537682892168502	F	NaN	NaN	NaN
	53495	17.129917080880826	0.036250219004604636	F	NaN	NaN	NaN
	53496	17.13941254213017	0.03814450772414069	F	NaN	NaN	NaN
	53497	17.150033095575505	0.04026611540386332	F	NaN	NaN	NaN
	53498	17.16147400930581	0.04232338371775289	F	NaN	NaN	NaN
	53499	17.173422491382432	0.04412354506701422	F	NaN	NaN	NaN
	53500	17.18557343942977	0.04560945835038589	F	NaN	NaN	NaN
	53501	17.197573792248633	0.04667278416098603	F	NaN	NaN	NaN
	53502	17.20925169205187	0.04737959084154708	F	NaN	NaN	NaN
	53503	17.220641721663686	0.04796387462083582	F	NaN	NaN	NaN
	53504	17.23186847929385	0.048063847567435036	F	NaN	NaN	NaN
	53505	17.2430175243602	0.04818801668618189	F	NaN	NaN	NaN
	53506	17.25418240587996	0.048092938150255254	F	NaN	NaN	NaN
	53507	17.265468100963663	0.04791012254801167	F	NaN	NaN	NaN
	53508	17.276957718082354	0.04772204946367457	F	NaN	NaN	NaN
	53509	17.288736816653877	0.047581713426678815	F	NaN	NaN	NaN
	53510	17.300939512517008	0.04737540661215402	F	NaN	NaN	NaN
	53511	17.31365382779302	0.047202900116685695	F	NaN	NaN	NaN
	53512	17.326939259120667	0.04747398624675499	F	NaN	NaN	NaN
	53513	17.340881365917788	0.04763313948908026	F	NaN	NaN	NaN
	53514	17.35567270875113	0.04817456124810198	F	NaN	NaN	NaN
	53515	17.371348598939885	0.048933490023719134	F	NaN	NaN	NaN
	53516	17.38796279919692	0.04976545354193768	F	NaN	NaN	NaN
	53517	17.405603752332997	0.050595433848744216	F	NaN	NaN	NaN
	53518	17.424466006941085	0.051439798179603244	F	NaN	NaN	NaN
	53519	17.44459760957886	0.052247717978905345	F	NaN	NaN	NaN
	53520	17.466104998293165	0.05286930959206188	F	NaN	NaN	NaN
	53521	17.489069707841153	0.05317217047256939	F	NaN	NaN	NaN
	53522	17.513587248248328	0.05336445235573563	F	NaN	NaN	NaN
	53523	17.539753129540202	0.053079814910950915	F	NaN	NaN	NaN
	53524	17.56733791839072	0.05253534517003139	F	NaN	NaN	NaN
	53525	17.595819401712912	0.05182156101241238	F	NaN	NaN	NaN
	53526	17.62516176292181	0.05122913800001061	F	NaN	NaN	NaN
	53527	17.65536705549021	0.05065256611627468	F	NaN	NaN	NaN
	53528	17.68643733289089	0.0499788790484377	F	NaN	NaN	NaN
	53529	17.718422241345436	0.04941851866829734	F	NaN	NaN	NaN
	53530	17.75119802144714	0.04916090412102485	F	NaN	NaN	NaN
	53531	17.78488485599636	0.048643005714168006	F	NaN	NaN	NaN
	53532	17.819467395398252	0.04843700576973395	F	NaN	NaN	NaN
	53533	17.854916066882428	0.04902440155962661	F	NaN	NaN	NaN
	53534	17.891232863440404	0.05005182528472533	F	NaN	NaN	NaN
	53535	17.928419778063674	0.050888420943731916	F	NaN	NaN	NaN
	53536	17.966478803743744	0.05186379026671557	F	NaN	NaN	NaN
	53537	18.005411933472104	0.053253632420679896	F	NaN	NaN	NaN
	53538	18.045221160240263	0.05543273739338897	F	NaN	NaN	NaN
	53539	18.085908477039712	0.05776946635789565	F	NaN	NaN	NaN
	53540	18.127552548902155	0.060702192591412095	F	NaN	NaN	NaN
	53541	18.17008494210508	0.06356294217783107	F	NaN	NaN	NaN
	53542	18.21350174556363	0.06758865912395183	F	NaN	NaN	NaN
	53543	18.2578049522693	0.07267479610653382	F	NaN	NaN	NaN
	53544	18.3029965552136	0.07808848427268782	F	NaN	NaN	NaN
	53545	18.349078547388025	0.08310557989966263	F	NaN	NaN	NaN
	53546	18.396052921784076	0.08898169503736017	F	NaN	NaN	NaN

# FILTER B
#        MJD  MAG  MAGERR  Upperlimit  Instrument  Telescope  Source
	53339	14.88462077321032	0.08447749334396036	F	NaN	NaN	NaN
	53340	14.983368440114418	0.07537909297540378	F	NaN	NaN	NaN
	53341	15.07911037705026	0.0670795414686568	F	NaN	NaN	NaN
	53342	15.171792763547272	0.059213816572124815	F	NaN	NaN	NaN
	53343	15.261527778935244	0.05198509350009263	F	NaN	NaN	NaN
	53344	15.348211799597848	0.04522195875813906	F	NaN	NaN	NaN
	53345	15.431842096697912	0.039274669730783446	F	NaN	NaN	NaN
	53346	15.512477344994902	0.03439132010680129	F	NaN	NaN	NaN
	53347	15.590065357954009	0.029995748589207852	F	NaN	NaN	NaN
	53348	15.664558942629839	0.026542537083786573	F	NaN	NaN	NaN
	53349	15.73606773578538	0.024648214882252734	F	NaN	NaN	NaN
	53350	15.804455300415126	0.02404067750821308	F	NaN	NaN	NaN
	53351	15.869773642450722	0.024416612845380735	F	NaN	NaN	NaN
	53352	15.931758956000694	0.02553874251716609	F	NaN	NaN	NaN
	53353	15.990409999433256	0.027199204090018695	F	NaN	NaN	NaN
	53354	16.045861427188093	0.029032640619572055	F	NaN	NaN	NaN
	53355	16.098216404345592	0.03085549405026963	F	NaN	NaN	NaN
	53356	16.14760408705526	0.03279352855912549	F	NaN	NaN	NaN
	53357	16.194145295512993	0.03452807270392498	F	NaN	NaN	NaN
	53358	16.237960849914682	0.03634561124021984	F	NaN	NaN	NaN
	53359	16.278081215730655	0.03788778013256981	F	NaN	NaN	NaN
	53360	16.313021642579542	0.03851159650044411	F	NaN	NaN	NaN
	53361	16.342056029715096	0.03795148472994771	F	NaN	NaN	NaN
	53362	16.36576712903884	0.03667501868434026	F	NaN	NaN	NaN
	53363	16.384737692452372	0.03498976461207169	F	NaN	NaN	NaN
	53364	16.399282735894083	0.03314102988532325	F	NaN	NaN	NaN
	53365	16.410272324340426	0.03178372880459887	F	NaN	NaN	NaN
	53366	16.41837077134103	0.03106640833483019	F	NaN	NaN	NaN
	53367	16.42416082879743	0.03147922528513715	F	NaN	NaN	NaN
	53368	16.42822524861121	0.032699580500265876	F	NaN	NaN	NaN
	53369	16.431146782683918	0.034486998420795376	F	NaN	NaN	NaN
	53370	16.433508182917127	0.03671680290700322	F	NaN	NaN	NaN
	53371	16.435892201212397	0.038635773130169124	F	NaN	NaN	NaN
	53372	16.438912635417143	0.03996760864074437	F	NaN	NaN	NaN
	53373	16.443270622386013	0.04048423033115986	F	NaN	NaN	NaN
	53374	16.44950062188141	0.03962616542722135	F	NaN	NaN	NaN
	53375	16.458185385804907	0.037499880415996986	F	NaN	NaN	NaN
	53376	16.469907666058052	0.034161632626544786	F	NaN	NaN	NaN
	53377	16.483372462355174	0.03008904368125482	F	NaN	NaN	NaN
	53378	16.49428937414106	0.0270792400110308	F	NaN	NaN	NaN
	53379	16.505494680915042	0.02578902995048412	F	NaN	NaN	NaN
	53380	16.520234560868055	0.025769648287695228	F	NaN	NaN	NaN
	53381	16.534981275493976	0.026243378724652443	F	NaN	NaN	NaN
	53382	16.549381222960054	0.027116918936424296	F	NaN	NaN	NaN
	53383	16.5640009185651	0.028308011724279707	F	NaN	NaN	NaN
	53384	16.579110138904085	0.029989527303809237	F	NaN	NaN	NaN
	53385	16.593495641866234	0.03144959702453684	F	NaN	NaN	NaN
	53386	16.607264209921304	0.03287614758184263	F	NaN	NaN	NaN
	53387	16.620813542955954	0.03421434977056051	F	NaN	NaN	NaN
	53388	16.6345390778599	0.03570645522785046	F	NaN	NaN	NaN
	53389	16.648841652115046	0.03787698570488426	F	NaN	NaN	NaN
	53390	16.663512782841543	0.040558651305389964	F	NaN	NaN	NaN
	53391	16.677711244624504	0.04330385739552787	F	NaN	NaN	NaN
	53392	16.691471314736724	0.04632848948036129	F	NaN	NaN	NaN
	53393	16.704809745772266	0.04901661929135202	F	NaN	NaN	NaN
	53394	16.717743290325206	0.05172918841369577	F	NaN	NaN	NaN
	53395	16.730288700989608	0.05458433476888305	F	NaN	NaN	NaN
	53396	16.742416337524666	0.05749041101892288	F	NaN	NaN	NaN
	53397	16.754190415526143	0.0603917072445738	F	NaN	NaN	NaN
	53398	16.765630707434802	0.0634940627971142	F	NaN	NaN	NaN
	53399	16.7767539658447	0.0665217161462708	F	NaN	NaN	NaN
	53400	16.787576943349915	0.0694176683256596	F	NaN	NaN	NaN
	53401	16.798088654439706	0.07246653156812406	F	NaN	NaN	NaN
	53402	16.808327882750255	0.07543110503138734	F	NaN	NaN	NaN
	53403	16.818321177951837	0.0785751147437867	F	NaN	NaN	NaN
	53404	16.828085292638512	0.0817408832126027	F	NaN	NaN	NaN
	53405	16.837636979404348	0.08462021797950635	F	NaN	NaN	NaN
	53406	16.846975645056396	0.08777651432271666	F	NaN	NaN	NaN
	53407	16.85612706170282	0.09099897516763844	F	NaN	NaN	NaN
	53408	16.86511510432418	0.0942373676064345	F	NaN	NaN	NaN
	53409	16.87397325571027	0.09750537930041332	F	NaN	NaN	NaN
	53410	16.882713563477754	0.10077452076059219	F	NaN	NaN	NaN
	53411	16.8913339405964	0.10392669069031776	F	NaN	NaN	NaN
	53412	16.89985259460053	0.10704823672579886	F	NaN	NaN	NaN
	53413	16.908308077926637	0.11026985676371968	F	NaN	NaN	NaN
	53414	16.916712438191375	0.11351758070201405	F	NaN	NaN	NaN
	53415	16.925076975147576	0.11662878047162659	F	NaN	NaN	NaN
	53416	16.93341813532798	0.11940096403897629	F	NaN	NaN	NaN
	53417	16.941762845387597	0.12227384392462515	F	NaN	NaN	NaN
	53418	16.950123152943085	0.12511042302559477	F	NaN	NaN	NaN
	53419	16.95851110561111	0.12777837726048413	F	NaN	NaN	NaN
	53420	16.966962610252356	0.13034040228340624	F	NaN	NaN	NaN
	53421	16.975488441838984	0.13278826485777714	F	NaN	NaN	NaN
	53422	16.984096591478725	0.13512278597491645	F	NaN	NaN	NaN
	53423	16.992799106788244	0.13734498424473515	F	NaN	NaN	NaN
	53424	17.001636903119497	0.13945424696559777	F	NaN	NaN	NaN
	53425	17.01063575102664	0.1412979240277446	F	NaN	NaN	NaN
	53426	17.019783637544133	0.14297143611228041	F	NaN	NaN	NaN
	53427	17.02909261028864	0.14448119378026444	F	NaN	NaN	NaN
	53428	17.03859189767524	0.14579852694100637	F	NaN	NaN	NaN
	53429	17.04835565669639	0.14693435332516355	F	NaN	NaN	NaN
	53430	17.058335174885137	0.14792263274564876	F	NaN	NaN	NaN
	53431	17.068542499858136	0.14865577528081225	F	NaN	NaN	NaN
	53432	17.078980646065794	0.1490349014092816	F	NaN	NaN	NaN
	53433	17.08925178856651	0.14964458506211578	F	NaN	NaN	NaN
	53434	17.098943038520698	0.1500885241005875	F	NaN	NaN	NaN
	53435	17.108156071110518	0.15092470320231482	F	NaN	NaN	NaN
	53436	17.116992561518146	0.1514982604904353	F	NaN	NaN	NaN
	53437	17.12555418492575	0.1522904478692659	F	NaN	NaN	NaN
	53438	17.133942616515494	0.15293545900278785	F	NaN	NaN	NaN
	53439	17.14225980319231	0.15377703364488626	F	NaN	NaN	NaN
	53440	17.150606477558004	0.15451031713765173	F	NaN	NaN	NaN
	53441	17.15908720025774	0.15520812472876738	F	NaN	NaN	NaN
	53442	17.167803114972088	0.15591725740185813	F	NaN	NaN	NaN
	53443	17.176848302727063	0.15653922084390703	F	NaN	NaN	NaN
	53444	17.186342195572095	0.1570303907408968	F	NaN	NaN	NaN
	53445	17.196372397291	0.1572240044595926	F	NaN	NaN	NaN
	53446	17.207031606264202	0.15727732970873864	F	NaN	NaN	NaN
	53447	17.218055166606042	0.1570525303883171	F	NaN	NaN	NaN
	53448	17.229088676566338	0.1562283129977008	F	NaN	NaN	NaN
	53449	17.240150019484354	0.15529708934041897	F	NaN	NaN	NaN
	53450	17.251257078699354	0.15391500982535658	F	NaN	NaN	NaN
	53451	17.26242958943641	0.15241575100891963	F	NaN	NaN	NaN
	53452	17.273686552743502	0.1506745652869854	F	NaN	NaN	NaN
	53453	17.285044372643643	0.1488713538153628	F	NaN	NaN	NaN
	53454	17.296520932476113	0.1468800404775425	F	NaN	NaN	NaN
	53455	17.308134115580163	0.14465872416299405	F	NaN	NaN	NaN
	53456	17.31990779786004	0.14257711741046986	F	NaN	NaN	NaN
	53457	17.331856339688265	0.14061514480739987	F	NaN	NaN	NaN
	53458	17.343997970882597	0.1385313273969465	F	NaN	NaN	NaN
	53459	17.356350921260805	0.13666137825798885	F	NaN	NaN	NaN
	53460	17.368933420640655	0.13500751410049006	F	NaN	NaN	NaN
	53461	17.38176567503602	0.13360699372896023	F	NaN	NaN	NaN
	53462	17.394838115045445	0.1322824974346157	F	NaN	NaN	NaN
	53463	17.408082848793168	0.1301579978878655	F	NaN	NaN	NaN
	53464	17.421480629593137	0.1275507521579687	F	NaN	NaN	NaN
	53465	17.435020745976807	0.12464174598315579	F	NaN	NaN	NaN
	53466	17.448691233375687	0.12193568244094877	F	NaN	NaN	NaN
	53467	17.462480127221294	0.11958932193665323	F	NaN	NaN	NaN
	53468	17.47637619938936	0.11796642127473488	F	NaN	NaN	NaN
	53469	17.490393087359347	0.11640982454100303	F	NaN	NaN	NaN
	53470	17.504547397893532	0.11485531414231251	F	NaN	NaN	NaN
	53471	17.51883867883084	0.11326209474324056	F	NaN	NaN	NaN
	53472	17.533266478010194	0.11160370387505511	F	NaN	NaN	NaN
	53473	17.54783034327053	0.10992788632666514	F	NaN	NaN	NaN
	53474	17.56252982245077	0.10822043627750429	F	NaN	NaN	NaN
	53475	17.57737554176704	0.10644503226938795	F	NaN	NaN	NaN
	53476	17.592342601273618	0.10461675726187696	F	NaN	NaN	NaN
	53477	17.60744248877318	0.10265888972329772	F	NaN	NaN	NaN
	53478	17.622674956330624	0.10070966055044242	F	NaN	NaN	NaN
	53479	17.63805188437869	0.09866615953428952	F	NaN	NaN	NaN
	53480	17.65356024732593	0.09657179885006961	F	NaN	NaN	NaN
	53481	17.669199606560284	0.0943617186632017	F	NaN	NaN	NaN
	53482	17.68496952346967	0.09218861487771257	F	NaN	NaN	NaN
	53483	17.700869559442026	0.09007720597717628	F	NaN	NaN	NaN
	53484	17.71689927586528	0.08804718393244036	F	NaN	NaN	NaN
	53485	17.73305823412736	0.08587691548006791	F	NaN	NaN	NaN
	53486	17.749345995616196	0.08391302460383758	F	NaN	NaN	NaN
	53487	17.765770280225205	0.0818323014731036	F	NaN	NaN	NaN
	53488	17.78232662150871	0.07967169274966972	F	NaN	NaN	NaN
	53489	17.799010372925174	0.07764751321810125	F	NaN	NaN	NaN
	53490	17.815821095862525	0.0756604920349773	F	NaN	NaN	NaN
	53491	17.832758351708698	0.07378456719472971	F	NaN	NaN	NaN
	53492	17.84982170185162	0.07194496764014513	F	NaN	NaN	NaN
	53493	17.867005778079662	0.07021453375630392	F	NaN	NaN	NaN
	53494	17.884330991503255	0.06837911416905998	F	NaN	NaN	NaN
	53495	17.90178836406852	0.06665409306853902	F	NaN	NaN	NaN
	53496	17.919377486175268	0.06489372800929283	F	NaN	NaN	NaN
	53497	17.937099633766394	0.06310802816858124	F	NaN	NaN	NaN
	53498	17.954952825035015	0.06135822030781418	F	NaN	NaN	NaN
	53499	17.972939909094617	0.05932401001878701	F	NaN	NaN	NaN
	53500	17.991057330003834	0.05768912398489652	F	NaN	NaN	NaN
	53501	18.00930814678788	0.056120481892481686	F	NaN	NaN	NaN
	53502	18.027690511098875	0.05462826599110679	F	NaN	NaN	NaN
	53503	18.046207396408583	0.053226647189909534	F	NaN	NaN	NaN
	53504	18.064855219247843	0.05211848689548684	F	NaN	NaN	NaN
	53505	18.083636169776362	0.051181118712383775	F	NaN	NaN	NaN
	53506	18.10255610965642	0.05026812318921321	F	NaN	NaN	NaN
	53507	18.121595395468397	0.04918889579754539	F	NaN	NaN	NaN
	53508	18.14078181180582	0.048708687181509426	F	NaN	NaN	NaN
	53509	18.160099089405467	0.04786868225174916	F	NaN	NaN	NaN
	53510	18.17954726670385	0.04736833120683105	F	NaN	NaN	NaN
	53511	18.19912638213747	0.047230025141059076	F	NaN	NaN	NaN
	53512	18.218836474142847	0.047269574807184654	F	NaN	NaN	NaN
	53513	18.238677581156477	0.04750587823771589	F	NaN	NaN	NaN
	53514	18.258649741614875	0.048040838008344564	F	NaN	NaN	NaN
	53515	18.27875299395455	0.04872426256889123	F	NaN	NaN	NaN
	53516	18.29898737661201	0.04932409188500538	F	NaN	NaN	NaN
	53517	18.319363192103573	0.05030997781665288	F	NaN	NaN	NaN
	53518	18.339877498295056	0.051400434756703944	F	NaN	NaN	NaN
	53519	18.360523061973744	0.052798715484043274	F	NaN	NaN	NaN
	53520	18.381299921576144	0.05441009517584182	F	NaN	NaN	NaN
	53521	18.402208115538762	0.056099951215443034	F	NaN	NaN	NaN
	53522	18.42324768229811	0.057951931114135616	F	NaN	NaN	NaN
	53523	18.444418660290697	0.059967424326375085	F	NaN	NaN	NaN
	53524	18.46572108795303	0.06203234847882442	F	NaN	NaN	NaN
	53525	18.487155003721618	0.06437851276093698	F	NaN	NaN	NaN
	53526	18.50872226575021	0.06685357483589963	F	NaN	NaN	NaN
	53527	18.53043686521249	0.06931390272536991	F	NaN	NaN	NaN
	53528	18.552283079950442	0.07187570830117959	F	NaN	NaN	NaN