###################### HEADER ######################
# SNNAME:	SN2004dk
###################### HEADER ######################


# FILTER B
#        MJD  MAG  MAGERR  Upperlimit  Instrument  Telescope  Source
	53220	17.751069649167437	0.5057371361139369	F	NaN	NaN	NaN
	53221	17.535718502325416	0.446440193552341	F	NaN	NaN	NaN
	53222	17.332844128838218	0.39284308074224383	F	NaN	NaN	NaN
	53223	17.142718443209557	0.3416328244159599	F	NaN	NaN	NaN
	53224	16.96578072289641	0.29179147937259614	F	NaN	NaN	NaN
	53225	16.802158426841263	0.2468782075281516	F	NaN	NaN	NaN
	53226	16.651643949390156	0.2067078995846472	F	NaN	NaN	NaN
	53227	16.514009770621588	0.17090843469280467	F	NaN	NaN	NaN
	53228	16.389014866448782	0.13905805763750603	F	NaN	NaN	NaN
	53229	16.276175680451384	0.11047595412439457	F	NaN	NaN	NaN
	53230	16.17549340495706	0.0849717439367092	F	NaN	NaN	NaN
	53231	16.086431346287622	0.06204989603063134	F	NaN	NaN	NaN
	53232	16.00883574940928	0.04242591336477433	F	NaN	NaN	NaN
	53233	15.942543674603296	0.02878347012286628	F	NaN	NaN	NaN
	53234	15.890342554950154	0.026407794920342276	F	NaN	NaN	NaN
	53235	15.852007754528792	0.029259377183141283	F	NaN	NaN	NaN
	53236	15.825308431825647	0.03539345435580193	F	NaN	NaN	NaN
	53237	15.822318263670363	0.034924930247219696	F	NaN	NaN	NaN
	53238	15.838151513709908	0.029868050278247342	F	NaN	NaN	NaN
	53239	15.867227727885117	0.026892298476035918	F	NaN	NaN	NaN
	53240	15.903910743697491	0.03200211985937645	F	NaN	NaN	NaN
	53241	15.942580640702367	0.03938454959391416	F	NaN	NaN	NaN
	53242	15.977630669338957	0.0427911320215372	F	NaN	NaN	NaN
	53243	16.01149576457293	0.04226286035943407	F	NaN	NaN	NaN
	53244	16.055978611972208	0.04498234273181071	F	NaN	NaN	NaN
	53245	16.109410000058773	0.05088175535730889	F	NaN	NaN	NaN
	53246	16.16957247848701	0.059053545725161825	F	NaN	NaN	NaN
	53247	16.23424859691129	0.06815053189694682	F	NaN	NaN	NaN
	53248	16.30122096393344	0.07640784653860108	F	NaN	NaN	NaN
	53249	16.368269885319325	0.08279129292559467	F	NaN	NaN	NaN
	53250	16.433177894241744	0.08514089601477907	F	NaN	NaN	NaN
	53251	16.49372804823208	0.08209098848923478	F	NaN	NaN	NaN
	53252	16.547703404821718	0.07188766588586254	F	NaN	NaN	NaN
	53253	16.59727908668572	0.0578662790956601	F	NaN	NaN	NaN
	53254	16.648624279708944	0.04541273090679908	F	NaN	NaN	NaN
	53255	16.7015775278581	0.03584221600749443	F	NaN	NaN	NaN
	53256	16.75574034992679	0.03232734355966807	F	NaN	NaN	NaN
	53257	16.810751948612506	0.037922440877892816	F	NaN	NaN	NaN
	53258	16.866227487866688	0.05015876965079613	F	NaN	NaN	NaN
	53259	16.92178751619359	0.06731459835144965	F	NaN	NaN	NaN
	53260	16.977052953009576	0.08802641633195542	F	NaN	NaN	NaN
	53261	17.031646137663582	0.11218803825420035	F	NaN	NaN	NaN
	53262	17.085509086534653	0.13824835788175244	F	NaN	NaN	NaN
	53263	17.139026592484594	0.1641590610789495	F	NaN	NaN	NaN
	53264	17.19220323620886	0.19008075576954825	F	NaN	NaN	NaN
	53265	17.245045450486653	0.21551447152921605	F	NaN	NaN	NaN
	53266	17.2975538033976	0.24058749492564008	F	NaN	NaN	NaN
	53267	17.349728272476877	0.2657212542531859	F	NaN	NaN	NaN
	53268	17.401555701036127	0.289906832905836	F	NaN	NaN	NaN
	53269	17.45305101925382	0.31359973719629486	F	NaN	NaN	NaN
	53270	17.50421479520958	0.337568838344865	F	NaN	NaN	NaN
	53271	17.55329182434303	0.35915904810330884	F	NaN	NaN	NaN
	53272	17.602023179459756	0.38038203941926757	F	NaN	NaN	NaN
	53273	17.650754534576482	0.40160503073522635	F	NaN	NaN	NaN
	53274	17.69948588969321	0.4228280220511851	F	NaN	NaN	NaN
	53275	17.748217244809936	0.4440510133671439	F	NaN	NaN	NaN
	53276	17.79694859992666	0.46527400468310265	F	NaN	NaN	NaN
	53277	17.845679955043387	0.4864969959990614	F	NaN	NaN	NaN
	53278	17.894411310160116	0.5077199873150202	F	NaN	NaN	NaN
	53279	17.94314266527684	0.5289429786309789	F	NaN	NaN	NaN
	53280	17.991874020393567	0.5501659699469377	F	NaN	NaN	NaN
	53281	18.040605375510292	0.5713889612628964	F	NaN	NaN	NaN
	53282	18.089336730627018	0.5926119525788551	F	NaN	NaN	NaN
	53283	18.138068085743747	0.6138349438948139	F	NaN	NaN	NaN
	53284	18.18465010326295	0.6327027992929894	F	NaN	NaN	NaN
	53285	18.229023073309186	0.649150091698326	F	NaN	NaN	NaN
	53286	18.27339604335542	0.6655973841036626	F	NaN	NaN	NaN
	53287	18.317769013401655	0.6820446765089991	F	NaN	NaN	NaN
	53288	18.362141983447888	0.6984919689143356	F	NaN	NaN	NaN
	53289	18.406514953494124	0.7149392613196722	F	NaN	NaN	NaN
	53290	18.450887923540357	0.7313865537250088	F	NaN	NaN	NaN
	53291	18.495260893586593	0.7478338461303453	F	NaN	NaN	NaN
	53292	18.53963386363283	0.7642811385356818	F	NaN	NaN	NaN
	53293	18.584006833679062	0.7807284309410184	F	NaN	NaN	NaN
	53294	18.6283798037253	0.797175723346355	F	NaN	NaN	NaN
	53295	18.67275277377153	0.8136230157516915	F	NaN	NaN	NaN
	53296	18.717125743817768	0.8300703081570279	F	NaN	NaN	NaN
	53297	18.760914610391897	0.8459140872656548	F	NaN	NaN	NaN
	53298	18.80103336724004	0.8579657984859932	F	NaN	NaN	NaN
	53299	18.84115212408819	0.8700175097063314	F	NaN	NaN	NaN
	53300	18.881270880936338	0.8820692209266697	F	NaN	NaN	NaN
	53301	18.921389637784486	0.894120932147008	F	NaN	NaN	NaN
	53302	18.961508394632634	0.9061726433673463	F	NaN	NaN	NaN
	53303	19.001627151480783	0.9182243545876845	F	NaN	NaN	NaN
	53304	19.041745908328927	0.9302760658080228	F	NaN	NaN	NaN
	53305	19.081864665177076	0.9423277770283612	F	NaN	NaN	NaN
	53306	19.121983422025224	0.9543794882486996	F	NaN	NaN	NaN
	53307	19.162102178873372	0.9664311994690378	F	NaN	NaN	NaN
	53308	19.20222093572152	0.978482910689376	F	NaN	NaN	NaN
	53309	19.24233969256967	0.9905346219097143	F	NaN	NaN	NaN
	53310	19.282458449417813	1.0025863331300529	F	NaN	NaN	NaN
	53311	19.319334156472	1.0115265797920443	F	NaN	NaN	NaN
	53312	19.355302871994468	1.0195966356814752	F	NaN	NaN	NaN
	53313	19.391271587516936	1.0276666915709058	F	NaN	NaN	NaN
	53314	19.427240303039405	1.0357367474603365	F	NaN	NaN	NaN
	53315	19.46320901856187	1.0438068033497674	F	NaN	NaN	NaN
	53316	19.499177734084338	1.051876859239198	F	NaN	NaN	NaN
	53317	19.535146449606806	1.059946915128629	F	NaN	NaN	NaN
	53318	19.571115165129275	1.0680169710180594	F	NaN	NaN	NaN
	53319	19.60708388065174	1.0760870269074903	F	NaN	NaN	NaN
	53320	19.643052596174208	1.084157082796921	F	NaN	NaN	NaN
	53321	19.679021311696676	1.0922271386863516	F	NaN	NaN	NaN
	53322	19.714990027219145	1.1002971945757822	F	NaN	NaN	NaN
	53323	19.75095874274161	1.1083672504652131	F	NaN	NaN	NaN
	53324	19.785205536224755	1.115006081061992	F	NaN	NaN	NaN
	53325	19.817128382293948	1.1197132955683304	F	NaN	NaN	NaN
	53326	19.84905122836314	1.1244205100746687	F	NaN	NaN	NaN
	53327	19.880974074432334	1.1291277245810072	F	NaN	NaN	NaN
	53328	19.912896920501527	1.1338349390873455	F	NaN	NaN	NaN
	53329	19.94481976657072	1.138542153593684	F	NaN	NaN	NaN
	53330	19.97674261263991	1.1432493681000224	F	NaN	NaN	NaN
	53331	20.008665458709103	1.1479565826063607	F	NaN	NaN	NaN
	53332	20.040588304778296	1.1526637971126992	F	NaN	NaN	NaN
	53333	20.07251115084749	1.1573710116190377	F	NaN	NaN	NaN
	53334	20.104433996916683	1.162078226125376	F	NaN	NaN	NaN
	53335	20.136356842985876	1.1667854406317144	F	NaN	NaN	NaN
	53336	20.16827968905507	1.1714926551380527	F	NaN	NaN	NaN
	53337	20.199927601717985	1.17598279756366	F	NaN	NaN	NaN
	53338	20.227908750206307	1.1775778675434965	F	NaN	NaN	NaN
	53339	20.25588989869463	1.1791729375233326	F	NaN	NaN	NaN
	53340	20.283871047182952	1.1807680075031688	F	NaN	NaN	NaN
	53341	20.31185219567128	1.182363077483005	F	NaN	NaN	NaN
	53342	20.3398333441596	1.1839581474628413	F	NaN	NaN	NaN
	53343	20.367814492647923	1.1855532174426777	F	NaN	NaN	NaN
	53344	20.395795641136246	1.1871482874225139	F	NaN	NaN	NaN
	53345	20.42377678962457	1.18874335740235	F	NaN	NaN	NaN
	53346	20.45175793811289	1.1903384273821862	F	NaN	NaN	NaN
	53347	20.479739086601214	1.1919334973620224	F	NaN	NaN	NaN
	53348	20.507720235089536	1.1935285673418587	F	NaN	NaN	NaN
	53349	20.53570138357786	1.195123637321695	F	NaN	NaN	NaN
	53350	20.56368253206618	1.196718707301531	F	NaN	NaN	NaN
	53351	20.588924070951222	1.1963671267497267	F	NaN	NaN	NaN
	53352	20.613067693731082	1.1952354135223437	F	NaN	NaN	NaN
	53353	20.637211316510943	1.1941037002949604	F	NaN	NaN	NaN
	53354	20.661354939290803	1.1929719870675772	F	NaN	NaN	NaN
	53355	20.68549856207066	1.1918402738401943	F	NaN	NaN	NaN
	53356	20.70964218485052	1.1907085606128112	F	NaN	NaN	NaN
	53357	20.73378580763038	1.189576847385428	F	NaN	NaN	NaN
	53358	20.757929430410236	1.1884451341580449	F	NaN	NaN	NaN
	53359	20.782073053190096	1.1873134209306617	F	NaN	NaN	NaN
	53360	20.806216675969956	1.1861817077032786	F	NaN	NaN	NaN
	53361	20.830360298749817	1.1850499944758954	F	NaN	NaN	NaN
	53362	20.854503921529673	1.1839182812485123	F	NaN	NaN	NaN
	53363	20.878647544309533	1.1827865680211291	F	NaN	NaN	NaN
	53364	20.901454439748385	1.1809548593472026	F	NaN	NaN	NaN
	53365	20.921864708692183	1.177868124624111	F	NaN	NaN	NaN
	53366	20.942274977635986	1.174781389901019	F	NaN	NaN	NaN
	53367	20.962685246579788	1.1716946551779275	F	NaN	NaN	NaN
	53368	20.98309551552359	1.1686079204548356	F	NaN	NaN	NaN
	53369	21.00350578446739	1.1655211857317438	F	NaN	NaN	NaN
	53370	21.02391605341119	1.162434451008652	F	NaN	NaN	NaN
	53371	21.044326322354994	1.1593477162855603	F	NaN	NaN	NaN
	53372	21.064736591298796	1.1562609815624687	F	NaN	NaN	NaN
	53373	21.085146860242595	1.1531742468393769	F	NaN	NaN	NaN
	53374	21.105557129186398	1.150087512116285	F	NaN	NaN	NaN
	53375	21.1259673981302	1.1470007773931934	F	NaN	NaN	NaN
	53376	21.146377667074002	1.1439140426701018	F	NaN	NaN	NaN
	53377	21.166779951817475	1.1408234101761576	F	NaN	NaN	NaN
	53378	21.183561038797624	1.1359649614314917	F	NaN	NaN	NaN
	53379	21.20034212577777	1.131106512686826	F	NaN	NaN	NaN
	53380	21.21712321275792	1.1262480639421601	F	NaN	NaN	NaN
	53381	21.233904299738068	1.1213896151974942	F	NaN	NaN	NaN
	53382	21.250685386718217	1.1165311664528286	F	NaN	NaN	NaN
	53383	21.267466473698367	1.1116727177081627	F	NaN	NaN	NaN
	53384	21.284247560678516	1.1068142689634968	F	NaN	NaN	NaN
	53385	21.301028647658665	1.1019558202188309	F	NaN	NaN	NaN
	53386	21.317809734638814	1.097097371474165	F	NaN	NaN	NaN
	53387	21.334590821618963	1.092238922729499	F	NaN	NaN	NaN
	53388	21.351371908599113	1.0873804739848332	F	NaN	NaN	NaN
	53389	21.368152995579262	1.0825220252401673	F	NaN	NaN	NaN
	53390	21.38493408255941	1.0776635764955016	F	NaN	NaN	NaN
	53391	21.399436779267074	1.0720396750306314	F	NaN	NaN	NaN
	53392	21.412692856155974	1.065996956586575	F	NaN	NaN	NaN
	53393	21.42594893304488	1.0599542381425189	F	NaN	NaN	NaN
	53394	21.43920500993378	1.0539115196984625	F	NaN	NaN	NaN
	53395	21.452461086822684	1.0478688012544062	F	NaN	NaN	NaN
	53396	21.465717163711584	1.0418260828103498	F	NaN	NaN	NaN
	53397	21.47897324060049	1.0357833643662935	F	NaN	NaN	NaN
	53398	21.49222931748939	1.0297406459222371	F	NaN	NaN	NaN
	53399	21.505485394378294	1.0236979274781808	F	NaN	NaN	NaN
	53400	21.518741471267194	1.0176552090341247	F	NaN	NaN	NaN
	53401	21.5319975481561	1.0116124905900683	F	NaN	NaN	NaN
	53402	21.545253625045	1.005569772146012	F	NaN	NaN	NaN
	53403	21.5585097019339	0.9995270537019556	F	NaN	NaN	NaN
	53404	21.57077202532022	0.9933314429570073	F	NaN	NaN	NaN
	53405	21.58060726399028	0.9867624171088525	F	NaN	NaN	NaN
	53406	21.590442502660345	0.9801933912606977	F	NaN	NaN	NaN
	53407	21.600277741330405	0.9736243654125429	F	NaN	NaN	NaN
	53408	21.610112980000466	0.9670553395643882	F	NaN	NaN	NaN
	53409	21.619948218670526	0.9604863137162335	F	NaN	NaN	NaN
	53410	21.629783457340586	0.9539172878680788	F	NaN	NaN	NaN
	53411	21.63961869601065	0.9473482620199238	F	NaN	NaN	NaN
	53412	21.64945393468071	0.9407792361717692	F	NaN	NaN	NaN
	53413	21.65928917335077	0.9342102103236145	F	NaN	NaN	NaN
	53414	21.66912441202083	0.9276411844754597	F	NaN	NaN	NaN
	53415	21.678959650690892	0.9210721586273048	F	NaN	NaN	NaN
	53416	21.688794889360953	0.9145031327791502	F	NaN	NaN	NaN
	53417	21.698630128031017	0.9079341069309954	F	NaN	NaN	NaN
	53418	21.70536544450037	0.9013831371668901	F	NaN	NaN	NaN
	53419	21.711884016823994	0.8948334298701175	F	NaN	NaN	NaN
	53420	21.718402589147622	0.8882837225733449	F	NaN	NaN	NaN
	53421	21.724921161471247	0.8817340152765722	F	NaN	NaN	NaN
	53422	21.731439733794872	0.8751843079797996	F	NaN	NaN	NaN
	53423	21.737958306118497	0.8686346006830272	F	NaN	NaN	NaN
	53424	21.74447687844212	0.8620848933862546	F	NaN	NaN	NaN
	53425	21.75099545076575	0.855535186089482	F	NaN	NaN	NaN
	53426	21.757514023089374	0.8489854787927094	F	NaN	NaN	NaN
	53427	21.764032595413	0.8424357714959367	F	NaN	NaN	NaN
	53428	21.770551167736624	0.8358860641991641	F	NaN	NaN	NaN
	53429	21.77706974006025	0.8293363569023916	F	NaN	NaN	NaN
	53430	21.783588312383877	0.822786649605619	F	NaN	NaN	NaN
	53431	21.788247492905924	0.816944019331321	F	NaN	NaN	NaN
	53432	21.791553570755518	0.8116159378508427	F	NaN	NaN	NaN
	53433	21.794859648605115	0.8062878563703644	F	NaN	NaN	NaN
	53434	21.79816572645471	0.800959774889886	F	NaN	NaN	NaN
	53435	21.801471804304306	0.7956316934094076	F	NaN	NaN	NaN
	53436	21.8047778821539	0.7903036119289293	F	NaN	NaN	NaN
	53437	21.808083960003497	0.7849755304484509	F	NaN	NaN	NaN
	53438	21.81139003785309	0.7796474489679726	F	NaN	NaN	NaN
	53439	21.814696115702688	0.7743193674874942	F	NaN	NaN	NaN
	53440	21.818002193552285	0.7689912860070158	F	NaN	NaN	NaN
	53441	21.82130827140188	0.7636632045265375	F	NaN	NaN	NaN
	53442	21.824614349251476	0.7583351230460591	F	NaN	NaN	NaN
	53443	21.82792042710107	0.7530070415655807	F	NaN	NaN	NaN
	53444	21.830533504426626	0.7480015411032501	F	NaN	NaN	NaN
	53445	21.830731259674597	0.7441203356853119	F	NaN	NaN	NaN
	53446	21.830929014922567	0.7402391302673736	F	NaN	NaN	NaN
	53447	21.83112677017054	0.7363579248494354	F	NaN	NaN	NaN
	53448	21.83132452541851	0.7324767194314972	F	NaN	NaN	NaN
	53449	21.831522280666483	0.7285955140135589	F	NaN	NaN	NaN
	53450	21.831720035914454	0.7247143085956206	F	NaN	NaN	NaN
	53451	21.831917791162425	0.7208331031776823	F	NaN	NaN	NaN
	53452	21.832115546410396	0.7169518977597441	F	NaN	NaN	NaN
	53453	21.832313301658367	0.7130706923418058	F	NaN	NaN	NaN
	53454	21.832511056906338	0.7091894869238675	F	NaN	NaN	NaN
	53455	21.832708812154312	0.7053082815059293	F	NaN	NaN	NaN
	53456	21.832906567402283	0.701427076087991	F	NaN	NaN	NaN
	53457	21.833104322650254	0.6975458706700527	F	NaN	NaN	NaN
	53458	21.83069717880091	0.6956552454743112	F	NaN	NaN	NaN
	53459	21.827890783319663	0.6940697155519208	F	NaN	NaN	NaN
	53460	21.825084387838416	0.6924841856295304	F	NaN	NaN	NaN
	53461	21.82227799235717	0.69089865570714	F	NaN	NaN	NaN
	53462	21.81947159687592	0.6893131257847497	F	NaN	NaN	NaN
	53463	21.816665201394674	0.6877275958623592	F	NaN	NaN	NaN
	53464	21.813858805913426	0.6861420659399688	F	NaN	NaN	NaN
	53465	21.81105241043218	0.6845565360175785	F	NaN	NaN	NaN
	53466	21.80824601495093	0.6829710060951881	F	NaN	NaN	NaN
	53467	21.805439619469684	0.6813854761727978	F	NaN	NaN	NaN
	53468	21.802633223988437	0.6797999462504074	F	NaN	NaN	NaN
	53469	21.79982682850719	0.678214416328017	F	NaN	NaN	NaN
	53470	21.797020433025942	0.6766288864056266	F	NaN	NaN	NaN
	53471	21.79273142335414	0.6764963548552659	F	NaN	NaN	NaN
	53472	21.787025049016083	0.677752875538295	F	NaN	NaN	NaN
	53473	21.781318674678023	0.6790093962213241	F	NaN	NaN	NaN
	53474	21.77561230033996	0.6802659169043531	F	NaN	NaN	NaN
	53475	21.769905926001904	0.6815224375873822	F	NaN	NaN	NaN
	53476	21.764199551663843	0.6827789582704112	F	NaN	NaN	NaN
	53477	21.758493177325786	0.6840354789534403	F	NaN	NaN	NaN
	53478	21.752786802987725	0.6852919996364694	F	NaN	NaN	NaN
	53479	21.747080428649664	0.6865485203194984	F	NaN	NaN	NaN
	53480	21.741374054311606	0.6878050410025275	F	NaN	NaN	NaN
	53481	21.735667679973545	0.6890615616855565	F	NaN	NaN	NaN
	53482	21.729961305635488	0.6903180823685856	F	NaN	NaN	NaN
	53483	21.724254931297427	0.6915746030516147	F	NaN	NaN	NaN
	53484	21.718114088553982	0.6931462479726768	F	NaN	NaN	NaN
	53485	21.709611907231515	0.6964305951552318	F	NaN	NaN	NaN
	53486	21.701109725909046	0.6997149423377869	F	NaN	NaN	NaN
	53487	21.69260754458658	0.7029992895203419	F	NaN	NaN	NaN
	53488	21.684105363264113	0.7062836367028968	F	NaN	NaN	NaN
	53489	21.675603181941646	0.7095679838854518	F	NaN	NaN	NaN
	53490	21.667101000619176	0.7128523310680068	F	NaN	NaN	NaN
	53491	21.65859881929671	0.7161366782505618	F	NaN	NaN	NaN
	53492	21.650096637974244	0.7194210254331168	F	NaN	NaN	NaN
	53493	21.641594456651777	0.7227053726156718	F	NaN	NaN	NaN
	53494	21.633092275329307	0.7259897197982269	F	NaN	NaN	NaN
	53495	21.62459009400684	0.7292740669807819	F	NaN	NaN	NaN
	53496	21.616087912684375	0.7325584141633369	F	NaN	NaN	NaN
	53497	21.607585731361908	0.735842761345892	F	NaN	NaN	NaN
	53498	21.59693145318563	0.7402277763141181	F	NaN	NaN	NaN
	53499	21.585737636751162	0.7448887325713607	F	NaN	NaN	NaN
	53500	21.57454382031669	0.7495496888286033	F	NaN	NaN	NaN
	53501	21.563350003882224	0.7542106450858459	F	NaN	NaN	NaN
	53502	21.552156187447753	0.7588716013430885	F	NaN	NaN	NaN
	53503	21.540962371013286	0.7635325576003311	F	NaN	NaN	NaN
	53504	21.52976855457882	0.7681935138575737	F	NaN	NaN	NaN
	53505	21.51857473814435	0.7728544701148163	F	NaN	NaN	NaN
	53506	21.50738092170988	0.777515426372059	F	NaN	NaN	NaN
	53507	21.49618710527541	0.7821763826293016	F	NaN	NaN	NaN
	53508	21.484993288840943	0.7868373388865442	F	NaN	NaN	NaN
	53509	21.473799472406473	0.7914982951437869	F	NaN	NaN	NaN
	53510	21.462605655972006	0.7961592514010295	F	NaN	NaN	NaN
	53511	21.45026378209812	0.8015495974508724	F	NaN	NaN	NaN
	53512	21.436482502424052	0.8078544342413465	F	NaN	NaN	NaN
	53513	21.42270122274999	0.8141592710318206	F	NaN	NaN	NaN
	53514	21.408919943075926	0.8204641078222947	F	NaN	NaN	NaN
	53515	21.39513866340186	0.8267689446127688	F	NaN	NaN	NaN
	53516	21.381357383727796	0.833073781403243	F	NaN	NaN	NaN
	53517	21.36757610405373	0.8393786181937171	F	NaN	NaN	NaN
	53518	21.353794824379666	0.8456834549841911	F	NaN	NaN	NaN
	53519	21.3400135447056	0.8519882917746652	F	NaN	NaN	NaN
	53520	21.326232265031535	0.8582931285651393	F	NaN	NaN	NaN
	53521	21.31245098535747	0.8645979653556134	F	NaN	NaN	NaN
	53522	21.298669705683405	0.8709028021460875	F	NaN	NaN	NaN
	53523	21.284888426009342	0.8772076389365616	F	NaN	NaN	NaN
	53524	21.27088898918866	0.8835090598796915	F	NaN	NaN	NaN
	53525	21.254624418147404	0.8897750139457028	F	NaN	NaN	NaN
	53526	21.23835984710615	0.8960409680117143	F	NaN	NaN	NaN
	53527	21.222095276064895	0.9023069220777258	F	NaN	NaN	NaN
	53528	21.20583070502364	0.9085728761437372	F	NaN	NaN	NaN
	53529	21.189566133982385	0.9148388302097485	F	NaN	NaN	NaN
	53530	21.17330156294113	0.92110478427576	F	NaN	NaN	NaN
	53531	21.157036991899876	0.9273707383417713	F	NaN	NaN	NaN
	53532	21.14077242085862	0.9336366924077828	F	NaN	NaN	NaN
	53533	21.124507849817366	0.9399026464737942	F	NaN	NaN	NaN
	53534	21.10824327877611	0.9461686005398056	F	NaN	NaN	NaN
	53535	21.091978707734857	0.952434554605817	F	NaN	NaN	NaN
	53536	21.075714136693602	0.9587005086718283	F	NaN	NaN	NaN
	53537	21.059449565652347	0.9649664627378398	F	NaN	NaN	NaN

# FILTER V
#        MJD  MAG  MAGERR  Upperlimit  Instrument  Telescope  Source
	53220	17.068813420294887	0.054972329179078946	F	NaN	NaN	NaN
	53221	16.752804024927052	0.044548561958657903	F	NaN	NaN	NaN
	53222	16.473608261994205	0.04275436214240514	F	NaN	NaN	NaN
	53223	16.226559976043205	0.04464911571450779	F	NaN	NaN	NaN
	53224	16.01328300871316	0.044859386253589977	F	NaN	NaN	NaN
	53225	15.841122831605707	0.043464067055991	F	NaN	NaN	NaN
	53226	15.697622877143589	0.04740729169277413	F	NaN	NaN	NaN
	53227	15.568865240340957	0.05438543059220982	F	NaN	NaN	NaN
	53228	15.44846283908053	0.05691451914604459	F	NaN	NaN	NaN
	53229	15.34343249782053	0.052689869827763844	F	NaN	NaN	NaN
	53230	15.252345543472062	0.04488549492069237	F	NaN	NaN	NaN
	53231	15.172384472367675	0.039848804192497596	F	NaN	NaN	NaN
	53232	15.101206945429352	0.03885909917479022	F	NaN	NaN	NaN
	53233	15.036598774971763	0.038532218756647064	F	NaN	NaN	NaN
	53234	14.974783507195498	0.033048822367998006	F	NaN	NaN	NaN
	53235	14.926200154231227	0.032617435678564066	F	NaN	NaN	NaN
	53236	14.88849884112124	0.03209499598842374	F	NaN	NaN	NaN
	53237	14.86071494403176	0.031188996363550346	F	NaN	NaN	NaN
	53238	14.84327799572825	0.03157849152488109	F	NaN	NaN	NaN
	53239	14.8362365253872	0.03411995480758307	F	NaN	NaN	NaN
	53240	14.837611165603265	0.03952697532513376	F	NaN	NaN	NaN
	53241	14.845250219744848	0.04599530211775216	F	NaN	NaN	NaN
	53242	14.856968845943344	0.05042113864628972	F	NaN	NaN	NaN
	53243	14.874554117020931	0.05166630782665602	F	NaN	NaN	NaN
	53244	14.902649350745996	0.05077223152359232	F	NaN	NaN	NaN
	53245	14.939866652165385	0.0488205615670851	F	NaN	NaN	NaN
	53246	14.984206505440554	0.04731509477956966	F	NaN	NaN	NaN
	53247	15.033669394732943	0.045999762462044916	F	NaN	NaN	NaN
	53248	15.086255804204004	0.04641602172211055	F	NaN	NaN	NaN
	53249	15.139966218015182	0.04741802968907727	F	NaN	NaN	NaN
	53250	15.192801120327928	0.049294957528797784	F	NaN	NaN	NaN
	53251	15.242760995303689	0.05030627327768798	F	NaN	NaN	NaN
	53252	15.287846327103914	0.04954556760509778	F	NaN	NaN	NaN
	53253	15.32959599539036	0.04767651218004346	F	NaN	NaN	NaN
	53254	15.37271213735605	0.043800416965091994	F	NaN	NaN	NaN
	53255	15.41655670218343	0.04005979156652481	F	NaN	NaN	NaN
	53256	15.460048760043664	0.03797001203410077	F	NaN	NaN	NaN
	53257	15.502092936592696	0.03723151981682547	F	NaN	NaN	NaN
	53258	15.54162844385895	0.037019044066396695	F	NaN	NaN	NaN
	53259	15.5790905540665	0.03700885811919499	F	NaN	NaN	NaN
	53260	15.616012961714205	0.03682306971961913	F	NaN	NaN	NaN
	53261	15.65229483032837	0.03699225887437202	F	NaN	NaN	NaN
	53262	15.687887338380106	0.03799434434919529	F	NaN	NaN	NaN
	53263	15.72287169155563	0.039869259121126856	F	NaN	NaN	NaN
	53264	15.757255471732002	0.04242038726989088	F	NaN	NaN	NaN
	53265	15.791037571312408	0.04616101381748893	F	NaN	NaN	NaN
	53266	15.824214158373936	0.050699684084392335	F	NaN	NaN	NaN
	53267	15.856781400993663	0.056306446318998865	F	NaN	NaN	NaN
	53268	15.888714243250993	0.063458737318941	F	NaN	NaN	NaN
	53269	15.920025564511288	0.07215504404228239	F	NaN	NaN	NaN
	53270	15.950715753295727	0.0813258125873704	F	NaN	NaN	NaN

# FILTER R
#        MJD  MAG  MAGERR  Upperlimit  Instrument  Telescope  Source
	53220	16.83166825738632	0.05891528809890649	F	NaN	NaN	NaN
	53221	16.58557695876686	0.0500531320888183	F	NaN	NaN	NaN
	53222	16.355895742917713	0.04373608766042998	F	NaN	NaN	NaN
	53223	16.1417068577622	0.039852931809266766	F	NaN	NaN	NaN
	53224	15.943495063780638	0.03720737002343058	F	NaN	NaN	NaN
	53225	15.763319930274374	0.03588210337573662	F	NaN	NaN	NaN
	53226	15.599553834817689	0.034950760917546085	F	NaN	NaN	NaN
	53227	15.45031924109098	0.03426588673636068	F	NaN	NaN	NaN
	53228	15.313599619303602	0.03358345040368125	F	NaN	NaN	NaN
	53229	15.190941811259908	0.03217359436151718	F	NaN	NaN	NaN
	53230	15.086453135122142	0.03051342948804722	F	NaN	NaN	NaN
	53231	14.997048639947412	0.029282957408891183	F	NaN	NaN	NaN
	53232	14.919314152334524	0.029793844657348266	F	NaN	NaN	NaN
	53233	14.849835498882333	0.031616921318980785	F	NaN	NaN	NaN
	53234	14.785188868761221	0.03314978364464346	F	NaN	NaN	NaN
	53235	14.72703108517276	0.03320939338033811	F	NaN	NaN	NaN
	53236	14.680328011041542	0.034471627482446074	F	NaN	NaN	NaN
	53237	14.640350809928696	0.0359378912982104	F	NaN	NaN	NaN
	53238	14.605788483208732	0.036989876405259005	F	NaN	NaN	NaN
	53239	14.58180842037796	0.038710904051798195	F	NaN	NaN	NaN
	53240	14.56611156503514	0.041001236404645265	F	NaN	NaN	NaN
	53241	14.555869585834023	0.042848202743138934	F	NaN	NaN	NaN
	53242	14.548253926531219	0.043215515456311845	F	NaN	NaN	NaN
	53243	14.544982446534826	0.041928828116905584	F	NaN	NaN	NaN
	53244	14.551487954971211	0.04042146348022921	F	NaN	NaN	NaN
	53245	14.56658581508398	0.038797183386835535	F	NaN	NaN	NaN
	53246	14.58850842438326	0.03747034270183286	F	NaN	NaN	NaN
	53247	14.615488180379185	0.03647512173264271	F	NaN	NaN	NaN
	53248	14.645757480581873	0.03584137902571549	F	NaN	NaN	NaN
	53249	14.677548722501442	0.03565863746208075	F	NaN	NaN	NaN
	53250	14.709094303648017	0.035516797839482195	F	NaN	NaN	NaN
	53251	14.738626621531722	0.03543919825983903	F	NaN	NaN	NaN
	53252	14.76437807366268	0.03517301709483118	F	NaN	NaN	NaN
	53253	14.78790311786823	0.03467936065856801	F	NaN	NaN	NaN
	53254	14.813546879541125	0.03382392048259834	F	NaN	NaN	NaN
	53255	14.841278502752308	0.032951844281916165	F	NaN	NaN	NaN
	53256	14.87083800040303	0.03242534844385759	F	NaN	NaN	NaN
	53257	14.902031439652031	0.03189698950059369	F	NaN	NaN	NaN
	53258	14.934584747419887	0.03148082008871059	F	NaN	NaN	NaN
	53259	14.968261069759885	0.03161080257188368	F	NaN	NaN	NaN
	53260	15.002839459170545	0.032206539649928936	F	NaN	NaN	NaN
	53261	15.038070183310959	0.03369425070697642	F	NaN	NaN	NaN
	53262	15.073489796269108	0.035641251412405595	F	NaN	NaN	NaN
	53263	15.108682920880696	0.038111994062628385	F	NaN	NaN	NaN
	53264	15.143644563587314	0.04085578937176878	F	NaN	NaN	NaN
	53265	15.178375657715286	0.04396790278731142	F	NaN	NaN	NaN
	53266	15.212877136590933	0.0475009517238649	F	NaN	NaN	NaN
	53267	15.245875102400628	0.05145710878979512	F	NaN	NaN	NaN
	53268	15.27871812402291	0.055480738106931764	F	NaN	NaN	NaN
	53269	15.311561145645191	0.05950436742406841	F	NaN	NaN	NaN
	53270	15.344404167267474	0.06352799674120506	F	NaN	NaN	NaN
	53271	15.377247188889754	0.0675516260583417	F	NaN	NaN	NaN
	53272	15.410090210512037	0.07157525537547835	F	NaN	NaN	NaN
	53273	15.442933232134317	0.075598884692615	F	NaN	NaN	NaN
	53274	15.4757762537566	0.07962251400975165	F	NaN	NaN	NaN
	53275	15.50861927537888	0.08364614332688829	F	NaN	NaN	NaN
	53276	15.54146229700116	0.08766977264402494	F	NaN	NaN	NaN
	53277	15.574305318623443	0.09169340196116157	F	NaN	NaN	NaN
	53278	15.607148340245724	0.09571703127829824	F	NaN	NaN	NaN
	53279	15.639991361868006	0.09974066059543488	F	NaN	NaN	NaN
	53280	15.671832519275402	0.10364662732119195	F	NaN	NaN	NaN
	53281	15.701747825483048	0.10732641505042714	F	NaN	NaN	NaN
	53282	15.731663131690697	0.11100620277966236	F	NaN	NaN	NaN
	53283	15.761578437898343	0.11468599050889754	F	NaN	NaN	NaN
	53284	15.79149374410599	0.11836577823813274	F	NaN	NaN	NaN
	53285	15.821409050313637	0.12204556596736794	F	NaN	NaN	NaN
	53286	15.851324356521285	0.12572535369660315	F	NaN	NaN	NaN
	53287	15.881239662728932	0.12940514142583837	F	NaN	NaN	NaN
	53288	15.911154968936579	0.13308492915507356	F	NaN	NaN	NaN
	53289	15.941070275144227	0.13676471688430875	F	NaN	NaN	NaN
	53290	15.970985581351874	0.14044450461354394	F	NaN	NaN	NaN
	53291	16.00090088755952	0.14412429234277915	F	NaN	NaN	NaN
	53292	16.03081619376717	0.14780408007201434	F	NaN	NaN	NaN
	53293	16.060731499974814	0.15148386780124953	F	NaN	NaN	NaN
	53294	16.08848489519748	0.1547106951679298	F	NaN	NaN	NaN
	53295	16.115644068073962	0.15781302195561397	F	NaN	NaN	NaN
	53296	16.142803240950443	0.16091534874329816	F	NaN	NaN	NaN
	53297	16.169962413826923	0.16401767553098237	F	NaN	NaN	NaN
	53298	16.1971215867034	0.16712000231866658	F	NaN	NaN	NaN
	53299	16.22428075957988	0.17022232910635077	F	NaN	NaN	NaN
	53300	16.25143993245636	0.17332465589403495	F	NaN	NaN	NaN
	53301	16.27859910533284	0.17642698268171916	F	NaN	NaN	NaN
	53302	16.305758278209318	0.17952930946940335	F	NaN	NaN	NaN
	53303	16.332917451085798	0.18263163625708756	F	NaN	NaN	NaN
	53304	16.36007662396228	0.18573396304477177	F	NaN	NaN	NaN
	53305	16.38723579683876	0.18883628983245598	F	NaN	NaN	NaN
	53306	16.414394969715236	0.19193861662014017	F	NaN	NaN	NaN
	53307	16.440968483278983	0.1949071250245487	F	NaN	NaN	NaN
	53308	16.46554310490776	0.1974189029010476	F	NaN	NaN	NaN
	53309	16.490117726536536	0.1999306807775465	F	NaN	NaN	NaN
	53310	16.514692348165312	0.2024424586540454	F	NaN	NaN	NaN
	53311	16.539266969794088	0.2049542365305443	F	NaN	NaN	NaN
	53312	16.563841591422864	0.20746601440704318	F	NaN	NaN	NaN
	53313	16.588416213051644	0.20997779228354208	F	NaN	NaN	NaN
	53314	16.61299083468042	0.21248957016004097	F	NaN	NaN	NaN
	53315	16.637565456309197	0.21500134803653986	F	NaN	NaN	NaN
	53316	16.662140077937973	0.21751312591303876	F	NaN	NaN	NaN
	53317	16.68671469956675	0.2200249037895377	F	NaN	NaN	NaN
	53318	16.711289321195526	0.22253668166603657	F	NaN	NaN	NaN
	53319	16.735863942824302	0.2250484595425355	F	NaN	NaN	NaN
	53320	16.760438564453082	0.22756023741903436	F	NaN	NaN	NaN
	53321	16.78339939230482	0.22969123979290684	F	NaN	NaN	NaN
	53322	16.80556104476936	0.23163367630782272	F	NaN	NaN	NaN
	53323	16.827722697233902	0.2335761128227386	F	NaN	NaN	NaN
	53324	16.849884349698442	0.23551854933765448	F	NaN	NaN	NaN
	53325	16.872046002162985	0.23746098585257036	F	NaN	NaN	NaN
	53326	16.89420765462753	0.23940342236748624	F	NaN	NaN	NaN
	53327	16.91636930709207	0.24134585888240212	F	NaN	NaN	NaN
	53328	16.938530959556612	0.243288295397318	F	NaN	NaN	NaN
	53329	16.960692612021152	0.24523073191223388	F	NaN	NaN	NaN
	53330	16.982854264485695	0.24717316842714976	F	NaN	NaN	NaN
	53331	17.005015916950235	0.24911560494206564	F	NaN	NaN	NaN
	53332	17.02717756941478	0.2510580414569815	F	NaN	NaN	NaN
	53333	17.04933922187932	0.2530004779718974	F	NaN	NaN	NaN
	53334	17.071252080377885	0.2548830057533359	F	NaN	NaN	NaN
	53335	17.09117234576166	0.25628572394865773	F	NaN	NaN	NaN
	53336	17.11109261114543	0.25768844214397946	F	NaN	NaN	NaN
	53337	17.131012876529205	0.25909116033930124	F	NaN	NaN	NaN
	53338	17.15093314191298	0.260493878534623	F	NaN	NaN	NaN
	53339	17.17085340729675	0.2618965967299448	F	NaN	NaN	NaN
	53340	17.190773672680525	0.2632993149252666	F	NaN	NaN	NaN
	53341	17.2106939380643	0.2647020331205884	F	NaN	NaN	NaN
	53342	17.23061420344807	0.26610475131591016	F	NaN	NaN	NaN
	53343	17.250534468831844	0.26750746951123194	F	NaN	NaN	NaN
	53344	17.270454734215615	0.2689101877065537	F	NaN	NaN	NaN
	53345	17.29037499959939	0.2703129059018755	F	NaN	NaN	NaN
	53346	17.310295264983164	0.2717156240971973	F	NaN	NaN	NaN
	53347	17.330215530366935	0.273118342292519	F	NaN	NaN	NaN
	53348	17.348990779626195	0.27424048032329873	F	NaN	NaN	NaN
	53349	17.366841240012665	0.2751360037164856	F	NaN	NaN	NaN
	53350	17.384691700399134	0.27603152710967255	F	NaN	NaN	NaN
	53351	17.402542160785604	0.2769270505028594	F	NaN	NaN	NaN
	53352	17.420392621172073	0.2778225738960463	F	NaN	NaN	NaN
	53353	17.438243081558543	0.27871809728923325	F	NaN	NaN	NaN
	53354	17.456093541945013	0.27961362068242007	F	NaN	NaN	NaN
	53355	17.47394400233148	0.280509144075607	F	NaN	NaN	NaN
	53356	17.491794462717948	0.2814046674687939	F	NaN	NaN	NaN
	53357	17.509644923104418	0.28230019086198077	F	NaN	NaN	NaN
	53358	17.527495383490887	0.28319571425516765	F	NaN	NaN	NaN
	53359	17.545345843877357	0.28409123764835453	F	NaN	NaN	NaN
	53360	17.563196304263826	0.28498676104154147	F	NaN	NaN	NaN
	53361	17.581046764650296	0.2858822844347283	F	NaN	NaN	NaN
	53362	17.59700773394833	0.2863066225262807	F	NaN	NaN	NaN
	53363	17.612959971420963	0.2867287831490893	F	NaN	NaN	NaN
	53364	17.628912208893595	0.28715094377189776	F	NaN	NaN	NaN
	53365	17.644864446366228	0.2875731043947063	F	NaN	NaN	NaN
	53366	17.660816683838863	0.2879952650175149	F	NaN	NaN	NaN
	53367	17.676768921311496	0.2884174256403234	F	NaN	NaN	NaN
	53368	17.692721158784128	0.28883958626313194	F	NaN	NaN	NaN
	53369	17.70867339625676	0.2892617468859405	F	NaN	NaN	NaN
	53370	17.724625633729392	0.289683907508749	F	NaN	NaN	NaN
	53371	17.740577871202024	0.29010606813155754	F	NaN	NaN	NaN
	53372	17.756530108674657	0.2905282287543661	F	NaN	NaN	NaN
	53373	17.77248234614729	0.29095038937717466	F	NaN	NaN	NaN
	53374	17.78843458361992	0.2913725499999832	F	NaN	NaN	NaN
	53375	17.80363124306519	0.2916027417694424	F	NaN	NaN	NaN
	53376	17.817856839707453	0.29158621671274815	F	NaN	NaN	NaN
	53377	17.832082436349715	0.2915696916560539	F	NaN	NaN	NaN
	53378	17.846308032991978	0.2915531665993597	F	NaN	NaN	NaN
	53379	17.860533629634237	0.29153664154266545	F	NaN	NaN	NaN
	53380	17.8747592262765	0.2915201164859712	F	NaN	NaN	NaN
	53381	17.88898482291876	0.29150359142927695	F	NaN	NaN	NaN
	53382	17.903210419561024	0.2914870663725827	F	NaN	NaN	NaN
	53383	17.917436016203286	0.2914705413158885	F	NaN	NaN	NaN
	53384	17.93166161284555	0.29145401625919426	F	NaN	NaN	NaN
	53385	17.94588720948781	0.2914374912025	F	NaN	NaN	NaN
	53386	17.960112806130073	0.2914209661458058	F	NaN	NaN	NaN
	53387	17.974338402772336	0.29140444108911157	F	NaN	NaN	NaN
	53388	17.9885639994146	0.2913879160324173	F	NaN	NaN	NaN
	53389	18.001421455371332	0.2910167034277894	F	NaN	NaN	NaN
	53390	18.01409199326669	0.29059703271534076	F	NaN	NaN	NaN
	53391	18.02676253116205	0.2901773620028922	F	NaN	NaN	NaN
	53392	18.039433069057406	0.2897576912904435	F	NaN	NaN	NaN
	53393	18.052103606952766	0.2893380205779949	F	NaN	NaN	NaN
	53394	18.064774144848123	0.2889183498655463	F	NaN	NaN	NaN
	53395	18.077444682743483	0.2884986791530977	F	NaN	NaN	NaN
	53396	18.09011522063884	0.28807900844064904	F	NaN	NaN	NaN
	53397	18.1027857585342	0.28765933772820046	F	NaN	NaN	NaN
	53398	18.11545629642956	0.2872396670157518	F	NaN	NaN	NaN
	53399	18.128126834324917	0.2868199963033032	F	NaN	NaN	NaN
	53400	18.140797372220277	0.2864003255908546	F	NaN	NaN	NaN
	53401	18.153467910115634	0.28598065487840596	F	NaN	NaN	NaN
	53402	18.165692968525367	0.2854430137312829	F	NaN	NaN	NaN
	53403	18.176980029757285	0.28465697520928634	F	NaN	NaN	NaN
	53404	18.188267090989207	0.28387093668728985	F	NaN	NaN	NaN
	53405	18.19955415222113	0.2830848981652933	F	NaN	NaN	NaN
	53406	18.210841213453048	0.2822988596432968	F	NaN	NaN	NaN
	53407	18.22212827468497	0.2815128211213003	F	NaN	NaN	NaN
	53408	18.233415335916888	0.28072678259930384	F	NaN	NaN	NaN
	53409	18.24470239714881	0.2799407440773073	F	NaN	NaN	NaN
	53410	18.25598945838073	0.27915470555531074	F	NaN	NaN	NaN
	53411	18.26727651961265	0.27836866703331425	F	NaN	NaN	NaN
	53412	18.278563580844573	0.2775826285113177	F	NaN	NaN	NaN
	53413	18.28985064207649	0.2767965899893212	F	NaN	NaN	NaN
	53414	18.301137703308413	0.27601055146732467	F	NaN	NaN	NaN
	53415	18.31242476454033	0.2752245129453282	F	NaN	NaN	NaN
	53416	18.322785695934243	0.27409663367808745	F	NaN	NaN	NaN
	53417	18.33286086258619	0.2728632767247311	F	NaN	NaN	NaN
	53418	18.34293602923814	0.2716299197713747	F	NaN	NaN	NaN
	53419	18.35301119589009	0.2703965628180183	F	NaN	NaN	NaN
	53420	18.363086362542038	0.26916320586466197	F	NaN	NaN	NaN
	53421	18.373161529193986	0.26792984891130556	F	NaN	NaN	NaN
	53422	18.383236695845937	0.2666964919579492	F	NaN	NaN	NaN
	53423	18.393311862497885	0.26546313500459284	F	NaN	NaN	NaN
	53424	18.403387029149833	0.2642297780512365	F	NaN	NaN	NaN
	53425	18.413462195801785	0.26299642109788013	F	NaN	NaN	NaN
	53426	18.423537362453732	0.2617630641445237	F	NaN	NaN	NaN
	53427	18.433612529105684	0.26052970719116736	F	NaN	NaN	NaN
	53428	18.44368769575763	0.259296350237811	F	NaN	NaN	NaN
	53429	18.4535481419103	0.25801838578783665	F	NaN	NaN	NaN
	53430	18.462582996065745	0.2565689072423421	F	NaN	NaN	NaN
	53431	18.471617850221186	0.2551194286968476	F	NaN	NaN	NaN
	53432	18.48065270437663	0.2536699501513531	F	NaN	NaN	NaN
	53433	18.489687558532076	0.2522204716058585	F	NaN	NaN	NaN
	53434	18.49872241268752	0.25077099306036393	F	NaN	NaN	NaN
	53435	18.507757266842965	0.24932151451486942	F	NaN	NaN	NaN
	53436	18.516792120998407	0.24787203596937485	F	NaN	NaN	NaN
	53437	18.52582697515385	0.2464225574238803	F	NaN	NaN	NaN
	53438	18.534861829309296	0.24497307887838576	F	NaN	NaN	NaN
	53439	18.54389668346474	0.24352360033289122	F	NaN	NaN	NaN
	53440	18.552931537620186	0.24207412178739668	F	NaN	NaN	NaN
	53441	18.561966391775627	0.24062464324190214	F	NaN	NaN	NaN
	53442	18.571001245931072	0.23917516469640757	F	NaN	NaN	NaN
	53443	18.57947264154062	0.23764652398953684	F	NaN	NaN	NaN
	53444	18.587638765283025	0.23607499462477596	F	NaN	NaN	NaN
	53445	18.59580488902543	0.2345034652600151	F	NaN	NaN	NaN
	53446	18.603971012767836	0.2329319358952542	F	NaN	NaN	NaN
	53447	18.612137136510242	0.23136040653049333	F	NaN	NaN	NaN
	53448	18.620303260252648	0.22978887716573246	F	NaN	NaN	NaN
	53449	18.628469383995053	0.22821734780097158	F	NaN	NaN	NaN
	53450	18.63663550773746	0.2266458184362107	F	NaN	NaN	NaN
	53451	18.644801631479865	0.22507428907144983	F	NaN	NaN	NaN
	53452	18.65296775522227	0.22350275970668895	F	NaN	NaN	NaN
	53453	18.661133878964677	0.22193123034192808	F	NaN	NaN	NaN
	53454	18.669300002707082	0.2203597009771672	F	NaN	NaN	NaN
	53455	18.677466126449488	0.21878817161240632	F	NaN	NaN	NaN
	53456	18.68556894912357	0.2171953905386959	F	NaN	NaN	NaN
	53457	18.6930379245364	0.21538981151589545	F	NaN	NaN	NaN
	53458	18.700506899949232	0.21358423249309505	F	NaN	NaN	NaN
	53459	18.707975875362067	0.21177865347029462	F	NaN	NaN	NaN
	53460	18.715444850774897	0.20997307444749416	F	NaN	NaN	NaN
	53461	18.72291382618773	0.20816749542469376	F	NaN	NaN	NaN
	53462	18.730382801600562	0.20636191640189328	F	NaN	NaN	NaN
	53463	18.737851777013393	0.20455633737909287	F	NaN	NaN	NaN
	53464	18.745320752426228	0.20275075835629247	F	NaN	NaN	NaN
	53465	18.75278972783906	0.20094517933349199	F	NaN	NaN	NaN
	53466	18.760258703251893	0.19913960031069158	F	NaN	NaN	NaN
	53467	18.767727678664723	0.19733402128789113	F	NaN	NaN	NaN
	53468	18.775196654077558	0.1955284422650907	F	NaN	NaN	NaN
	53469	18.78266562949039	0.1937228632422903	F	NaN	NaN	NaN
	53470	18.78985447809405	0.19191319040431953	F	NaN	NaN	NaN
	53471	18.796797887260777	0.19009993067763475	F	NaN	NaN	NaN
	53472	18.803741296427503	0.18828667095095	F	NaN	NaN	NaN
	53473	18.81068470559423	0.18647341122426522	F	NaN	NaN	NaN
	53474	18.817628114760957	0.18466015149758047	F	NaN	NaN	NaN
	53475	18.824571523927684	0.1828468917708957	F	NaN	NaN	NaN
	53476	18.83151493309441	0.1810336320442109	F	NaN	NaN	NaN
	53477	18.838458342261138	0.17922037231752616	F	NaN	NaN	NaN
	53478	18.845401751427865	0.17740711259084138	F	NaN	NaN	NaN
	53479	18.85234516059459	0.17559385286415663	F	NaN	NaN	NaN
	53480	18.859288569761322	0.17378059313747185	F	NaN	NaN	NaN
	53481	18.86623197892805	0.1719673334107871	F	NaN	NaN	NaN
	53482	18.873175388094776	0.17015407368410235	F	NaN	NaN	NaN
	53483	18.880118797261503	0.16834081395741757	F	NaN	NaN	NaN
	53484	18.88671700107282	0.1664241690262143	F	NaN	NaN	NaN
	53485	18.893306426076908	0.16450489493886666	F	NaN	NaN	NaN
	53486	18.899895851080995	0.16258562085151904	F	NaN	NaN	NaN
	53487	18.906485276085082	0.1606663467641714	F	NaN	NaN	NaN
	53488	18.91307470108917	0.15874707267682378	F	NaN	NaN	NaN
	53489	18.919664126093252	0.15682779858947615	F	NaN	NaN	NaN
	53490	18.92625355109734	0.15490852450212853	F	NaN	NaN	NaN
	53491	18.932842976101426	0.1529892504147809	F	NaN	NaN	NaN
	53492	18.939432401105513	0.15106997632743327	F	NaN	NaN	NaN
	53493	18.9460218261096	0.14915070224008564	F	NaN	NaN	NaN
	53494	18.952611251113687	0.14723142815273801	F	NaN	NaN	NaN
	53495	18.959200676117774	0.1453121540653904	F	NaN	NaN	NaN
	53496	18.965790101121858	0.14339287997804276	F	NaN	NaN	NaN
	53497	18.972303391498098	0.14163994638249514	F	NaN	NaN	NaN
	53498	18.978710414423013	0.14011918808767415	F	NaN	NaN	NaN
	53499	18.985117437347924	0.13859842979285317	F	NaN	NaN	NaN
	53500	18.99152446027284	0.1370776714980322	F	NaN	NaN	NaN
	53501	18.99793148319775	0.13555691320321123	F	NaN	NaN	NaN
	53502	19.004338506122664	0.13403615490839024	F	NaN	NaN	NaN
	53503	19.010745529047576	0.13251539661356926	F	NaN	NaN	NaN
	53504	19.01715255197249	0.1309946383187483	F	NaN	NaN	NaN
	53505	19.0235595748974	0.1294738800239273	F	NaN	NaN	NaN
	53506	19.029966597822316	0.12795312172910633	F	NaN	NaN	NaN
	53507	19.03637362074723	0.12643236343428532	F	NaN	NaN	NaN
	53508	19.042780643672142	0.12491160513946437	F	NaN	NaN	NaN
	53509	19.049187666597057	0.12339084684464338	F	NaN	NaN	NaN
	53510	19.055594689521968	0.1218700885498224	F	NaN	NaN	NaN
	53511	19.061992411578572	0.12086887469799618	F	NaN	NaN	NaN
	53512	19.06838861450778	0.11995251896599171	F	NaN	NaN	NaN
	53513	19.074784817436985	0.11903616323398725	F	NaN	NaN	NaN
	53514	19.08118102036619	0.1181198075019828	F	NaN	NaN	NaN
	53515	19.087577223295394	0.11720345176997832	F	NaN	NaN	NaN
	53516	19.0939734262246	0.11628709603797388	F	NaN	NaN	NaN
	53517	19.100369629153807	0.1153707403059694	F	NaN	NaN	NaN
	53518	19.106765832083013	0.11445438457396495	F	NaN	NaN	NaN
	53519	19.11316203501222	0.1135380288419605	F	NaN	NaN	NaN
	53520	19.119558237941426	0.11262167310995602	F	NaN	NaN	NaN
	53521	19.125954440870633	0.11170531737795159	F	NaN	NaN	NaN
	53522	19.13235064379984	0.1107889616459471	F	NaN	NaN	NaN
	53523	19.138746846729045	0.10987260591394266	F	NaN	NaN	NaN
	53524	19.145191567656337	0.10926983083826383	F	NaN	NaN	NaN
	53525	19.1517485326733	0.10939250975279513	F	NaN	NaN	NaN
	53526	19.158305497690264	0.10951518866732643	F	NaN	NaN	NaN
	53527	19.16486246270723	0.10963786758185774	F	NaN	NaN	NaN
	53528	19.171419427724196	0.10976054649638907	F	NaN	NaN	NaN
	53529	19.17797639274116	0.10988322541092038	F	NaN	NaN	NaN
	53530	19.184533357758127	0.11000590432545168	F	NaN	NaN	NaN
	53531	19.19109032277509	0.11012858323998298	F	NaN	NaN	NaN
	53532	19.197647287792055	0.11025126215451429	F	NaN	NaN	NaN
	53533	19.20420425280902	0.1103739410690456	F	NaN	NaN	NaN
	53534	19.210761217825986	0.1104966199835769	F	NaN	NaN	NaN
	53535	19.217318182842952	0.1106192988981082	F	NaN	NaN	NaN
	53536	19.223875147859918	0.11074197781263953	F	NaN	NaN	NaN
	53537	19.23043211287688	0.11086465672717084	F	NaN	NaN	NaN

# FILTER I
#        MJD  MAG  MAGERR  Upperlimit  Instrument  Telescope  Source
	53220	16.627520402092433	0.039079072070299314	F	NaN	NaN	NaN
	53221	16.45234627260211	0.03611928431144493	F	NaN	NaN	NaN
	53222	16.284069060578858	0.03291475342660721	F	NaN	NaN	NaN
	53223	16.12269170059772	0.02968742345929076	F	NaN	NaN	NaN
	53224	15.968259451800519	0.026445479321261057	F	NaN	NaN	NaN
	53225	15.82073194525088	0.023817359058713232	F	NaN	NaN	NaN
	53226	15.680144881709847	0.021770368593755956	F	NaN	NaN	NaN
	53227	15.54654035711335	0.020798764662011665	F	NaN	NaN	NaN
	53228	15.420117640757471	0.022039488475081123	F	NaN	NaN	NaN
	53229	15.300967891412066	0.023766503689957853	F	NaN	NaN	NaN
	53230	15.189048727862724	0.025556162460577816	F	NaN	NaN	NaN
	53231	15.084001764714083	0.027569370404616045	F	NaN	NaN	NaN
	53232	14.985695622719236	0.029973660686009873	F	NaN	NaN	NaN
	53233	14.893979995981848	0.03318993390242314	F	NaN	NaN	NaN
	53234	14.808478545076008	0.03755995219334407	F	NaN	NaN	NaN
	53235	14.730105106610768	0.04281135354946476	F	NaN	NaN	NaN
	53236	14.659557290774396	0.047488732790249344	F	NaN	NaN	NaN
	53237	14.595205817750912	0.05222915274084704	F	NaN	NaN	NaN
	53238	14.537509662547292	0.057100199711632146	F	NaN	NaN	NaN
	53239	14.49047754317485	0.060950731710165656	F	NaN	NaN	NaN
	53240	14.453192729024105	0.06383592382519077	F	NaN	NaN	NaN
	53241	14.424482927348478	0.06587812324451128	F	NaN	NaN	NaN
	53242	14.403181760371206	0.06733502961495108	F	NaN	NaN	NaN
	53243	14.388120001193082	0.06822469512533585	F	NaN	NaN	NaN
	53244	14.378134808605898	0.06868496181982603	F	NaN	NaN	NaN
	53245	14.372061313161412	0.06894396848595977	F	NaN	NaN	NaN
	53246	14.368732419286099	0.06908874093190567	F	NaN	NaN	NaN
	53247	14.366981031406434	0.06925900199234533	F	NaN	NaN	NaN
	53248	14.367512600906712	0.06885672253102176	F	NaN	NaN	NaN
	53249	14.373254593977391	0.0670424352548249	F	NaN	NaN	NaN
	53250	14.383988675347359	0.0638276757487036	F	NaN	NaN	NaN
	53251	14.399367526303394	0.059557630405891585	F	NaN	NaN	NaN
	53252	14.419043828132278	0.054696911860634884	F	NaN	NaN	NaN
	53253	14.44266591466887	0.04937127007633853	F	NaN	NaN	NaN
	53254	14.469895123775398	0.04395341692539613	F	NaN	NaN	NaN
	53255	14.50039457753753	0.038724727798238864	F	NaN	NaN	NaN
	53256	14.5337729367304	0.03406057718827847	F	NaN	NaN	NaN
	53257	14.569728695839379	0.030309612047723693	F	NaN	NaN	NaN
	53258	14.60790539230992	0.02749486494191619	F	NaN	NaN	NaN
	53259	14.64861047467185	0.025178606520681712	F	NaN	NaN	NaN
	53260	14.692882742309724	0.02288448594062262	F	NaN	NaN	NaN
	53261	14.740701156175366	0.0206254249797888	F	NaN	NaN	NaN
	53262	14.792086291711746	0.01874607721409592	F	NaN	NaN	NaN
	53263	14.84698134218193	0.01762929286035993	F	NaN	NaN	NaN
	53264	14.905402642605672	0.01774666738602549	F	NaN	NaN	NaN
	53265	14.967274126693493	0.019264851423007427	F	NaN	NaN	NaN
	53266	15.032578871090928	0.021567678609700713	F	NaN	NaN	NaN
	53267	15.101308536820419	0.024888228225092797	F	NaN	NaN	NaN
	53268	15.173580957771932	0.028876494500274436	F	NaN	NaN	NaN
	53269	15.249234474001335	0.033325124490552624	F	NaN	NaN	NaN
	53270	15.328252162154165	0.03802133752391963	F	NaN	NaN	NaN
	53271	15.404307589747562	0.04282949809771073	F	NaN	NaN	NaN
	53272	15.47959151466423	0.047645311362209994	F	NaN	NaN	NaN
	53273	15.554875439580899	0.05246112462670925	F	NaN	NaN	NaN
	53274	15.630159364497569	0.057276937891208524	F	NaN	NaN	NaN
	53275	15.705443289414237	0.06209275115570778	F	NaN	NaN	NaN
	53276	15.780727214330906	0.06690856442020704	F	NaN	NaN	NaN
	53277	15.856011139247574	0.07172437768470633	F	NaN	NaN	NaN
	53278	15.931295064164244	0.07654019094920557	F	NaN	NaN	NaN
	53279	16.00657898908091	0.08135600421370484	F	NaN	NaN	NaN
	53280	16.081862913997583	0.0861718174782041	F	NaN	NaN	NaN
	53281	16.15714683891425	0.09098763074270336	F	NaN	NaN	NaN
	53282	16.23243076383092	0.09580344400720264	F	NaN	NaN	NaN
	53283	16.307714688747588	0.10061925727170189	F	NaN	NaN	NaN
	53284	16.377405942101483	0.10525507058638722	F	NaN	NaN	NaN
	53285	16.44136408418557	0.10970636390391902	F	NaN	NaN	NaN
	53286	16.505322226269655	0.11415765722145083	F	NaN	NaN	NaN
	53287	16.56928036835374	0.11860895053898261	F	NaN	NaN	NaN
	53288	16.633238510437828	0.1230602438565144	F	NaN	NaN	NaN
	53289	16.69719665252191	0.1275115371740462	F	NaN	NaN	NaN
	53290	16.761154794605996	0.131962830491578	F	NaN	NaN	NaN
	53291	16.825112936690083	0.1364141238091098	F	NaN	NaN	NaN
	53292	16.88907107877417	0.14086541712664158	F	NaN	NaN	NaN
	53293	16.953029220858255	0.14531671044417338	F	NaN	NaN	NaN
	53294	17.01698736294234	0.14976800376170518	F	NaN	NaN	NaN
	53295	17.080945505026428	0.15421929707923698	F	NaN	NaN	NaN
	53296	17.14490364711051	0.15867059039676878	F	NaN	NaN	NaN
	53297	17.20742802496418	0.16305395135793802	F	NaN	NaN	NaN
	53298	17.26089008922718	0.1670079360637574	F	NaN	NaN	NaN
	53299	17.314352153490177	0.17096192076957678	F	NaN	NaN	NaN
	53300	17.367814217753175	0.17491590547539618	F	NaN	NaN	NaN
	53301	17.42127628201617	0.17886989018121555	F	NaN	NaN	NaN
	53302	17.474738346279167	0.18282387488703494	F	NaN	NaN	NaN
	53303	17.528200410542166	0.1867778595928543	F	NaN	NaN	NaN
	53304	17.58166247480516	0.1907318442986737	F	NaN	NaN	NaN
	53305	17.63512453906816	0.19468582900449308	F	NaN	NaN	NaN
	53306	17.688586603331157	0.19863981371031245	F	NaN	NaN	NaN
	53307	17.742048667594155	0.20259379841613182	F	NaN	NaN	NaN
	53308	17.79551073185715	0.20654778312195118	F	NaN	NaN	NaN
	53309	17.848972796120147	0.21050176782777058	F	NaN	NaN	NaN
	53310	17.902434860383146	0.21445575253358995	F	NaN	NaN	NaN
	53311	17.94836295367835	0.21827598392843184	F	NaN	NaN	NaN
	53312	17.992158645131756	0.2220583580222707	F	NaN	NaN	NaN
	53313	18.035954336585164	0.22584073211610955	F	NaN	NaN	NaN
	53314	18.079750028038568	0.2296231062099484	F	NaN	NaN	NaN
	53315	18.123545719491972	0.2334054803037873	F	NaN	NaN	NaN
	53316	18.16734141094538	0.23718785439762613	F	NaN	NaN	NaN
	53317	18.211137102398784	0.24097022849146504	F	NaN	NaN	NaN
	53318	18.254932793852188	0.24475260258530387	F	NaN	NaN	NaN
	53319	18.298728485305595	0.24853497667914276	F	NaN	NaN	NaN
	53320	18.342524176759	0.2523173507729816	F	NaN	NaN	NaN
	53321	18.386319868212404	0.2560997248668204	F	NaN	NaN	NaN
	53322	18.43011555966581	0.25988209896065934	F	NaN	NaN	NaN
	53323	18.473911251119215	0.26366447305449825	F	NaN	NaN	NaN
	53324	18.51397610142826	0.26735548989003893	F	NaN	NaN	NaN
	53325	18.54893512508357	0.27092148014139106	F	NaN	NaN	NaN
	53326	18.583894148738885	0.2744874703927431	F	NaN	NaN	NaN
	53327	18.6188531723942	0.2780534606440952	F	NaN	NaN	NaN
	53328	18.65381219604951	0.2816194508954473	F	NaN	NaN	NaN
	53329	18.688771219704826	0.2851854411467994	F	NaN	NaN	NaN
	53330	18.72373024336014	0.28875143139815146	F	NaN	NaN	NaN
	53331	18.758689267015452	0.2923174216495036	F	NaN	NaN	NaN
	53332	18.793648290670767	0.29588341190085565	F	NaN	NaN	NaN
	53333	18.82860731432608	0.2994494021522078	F	NaN	NaN	NaN
	53334	18.863566337981393	0.30301539240355985	F	NaN	NaN	NaN
	53335	18.898525361636707	0.3065813826549119	F	NaN	NaN	NaN
	53336	18.933484385292022	0.31014737290626404	F	NaN	NaN	NaN
	53337	18.967922956366188	0.31370179948654564	F	NaN	NaN	NaN
	53338	18.994875017234907	0.31708988710605057	F	NaN	NaN	NaN
	53339	19.021827078103627	0.3204779747255555	F	NaN	NaN	NaN
	53340	19.048779138972343	0.32386606234506043	F	NaN	NaN	NaN
	53341	19.075731199841062	0.32725414996456537	F	NaN	NaN	NaN
	53342	19.10268326070978	0.3306422375840703	F	NaN	NaN	NaN
	53343	19.1296353215785	0.33403032520357523	F	NaN	NaN	NaN
	53344	19.15658738244722	0.33741841282308016	F	NaN	NaN	NaN
	53345	19.18353944331594	0.3408065004425851	F	NaN	NaN	NaN
	53346	19.21049150418466	0.34419458806209	F	NaN	NaN	NaN
	53347	19.23744356505338	0.34758267568159495	F	NaN	NaN	NaN
	53348	19.264395625922095	0.3509707633010999	F	NaN	NaN	NaN
	53349	19.291347686790814	0.3543588509206048	F	NaN	NaN	NaN
	53350	19.318299747659534	0.35774693854010975	F	NaN	NaN	NaN
	53351	19.34017174547501	0.36114236947144585	F	NaN	NaN	NaN
	53352	19.359946548568633	0.36454083193106257	F	NaN	NaN	NaN
	53353	19.37972135166225	0.3679392943906793	F	NaN	NaN	NaN
	53354	19.399496154755873	0.37133775685029613	F	NaN	NaN	NaN
	53355	19.41927095784949	0.37473621930991285	F	NaN	NaN	NaN
	53356	19.439045760943113	0.3781346817695296	F	NaN	NaN	NaN
	53357	19.45882056403673	0.3815331442291463	F	NaN	NaN	NaN
	53358	19.478595367130353	0.38493160668876303	F	NaN	NaN	NaN
	53359	19.49837017022397	0.38833006914837986	F	NaN	NaN	NaN
	53360	19.518144973317593	0.39172853160799653	F	NaN	NaN	NaN
	53361	19.537919776411215	0.3951269940676133	F	NaN	NaN	NaN
	53362	19.557694579504833	0.39852545652723004	F	NaN	NaN	NaN
	53363	19.577469382598455	0.40192391898684676	F	NaN	NaN	NaN
	53364	19.595018733693124	0.4053314415116478	F	NaN	NaN	NaN
	53365	19.60844598402314	0.408755745571904	F	NaN	NaN	NaN
	53366	19.62187323435316	0.41218004963216004	F	NaN	NaN	NaN
	53367	19.635300484683178	0.4156043536924162	F	NaN	NaN	NaN
	53368	19.648727735013196	0.4190286577526723	F	NaN	NaN	NaN
	53369	19.662154985343214	0.42245296181292835	F	NaN	NaN	NaN
	53370	19.675582235673232	0.4258772658731845	F	NaN	NaN	NaN
	53371	19.68900948600325	0.4293015699334406	F	NaN	NaN	NaN
	53372	19.70243673633327	0.4327258739936967	F	NaN	NaN	NaN
	53373	19.715863986663287	0.43615017805395284	F	NaN	NaN	NaN
	53374	19.729291236993305	0.43957448211420896	F	NaN	NaN	NaN
	53375	19.742718487323323	0.4429987861744651	F	NaN	NaN	NaN
	53376	19.75614573765334	0.4464230902347212	F	NaN	NaN	NaN
	53377	19.76957298798336	0.44984739429497733	F	NaN	NaN	NaN
	53378	19.777518808356437	0.4534951018956967	F	NaN	NaN	NaN
	53379	19.78542821093435	0.4571442937558958	F	NaN	NaN	NaN
	53380	19.79333761351226	0.4607934856160949	F	NaN	NaN	NaN
	53381	19.801247016090173	0.464442677476294	F	NaN	NaN	NaN
	53382	19.809156418668085	0.4680918693364931	F	NaN	NaN	NaN
	53383	19.817065821246	0.4717410611966923	F	NaN	NaN	NaN
	53384	19.824975223823913	0.4753902530568914	F	NaN	NaN	NaN
	53385	19.832884626401825	0.4790394449170905	F	NaN	NaN	NaN
	53386	19.840794028979737	0.48268863677728957	F	NaN	NaN	NaN
	53387	19.84870343155765	0.4863378286374887	F	NaN	NaN	NaN
	53388	19.85661283413556	0.4899870204976879	F	NaN	NaN	NaN
	53389	19.864522236713473	0.493636212357887	F	NaN	NaN	NaN
	53390	19.872431639291385	0.4972854042180861	F	NaN	NaN	NaN
	53391	19.87735844545772	0.5014740594439673	F	NaN	NaN	NaN
	53392	19.880579705295023	0.5059711974935432	F	NaN	NaN	NaN
	53393	19.88380096513233	0.510468335543119	F	NaN	NaN	NaN
	53394	19.887022224969634	0.5149654735926948	F	NaN	NaN	NaN
	53395	19.89024348480694	0.5194626116422707	F	NaN	NaN	NaN
	53396	19.89346474464425	0.5239597496918464	F	NaN	NaN	NaN
	53397	19.896686004481552	0.5284568877414223	F	NaN	NaN	NaN
	53398	19.89990726431886	0.5329540257909982	F	NaN	NaN	NaN
	53399	19.903128524156163	0.5374511638405739	F	NaN	NaN	NaN
	53400	19.90634978399347	0.5419483018901498	F	NaN	NaN	NaN
	53401	19.909571043830773	0.5464454399397256	F	NaN	NaN	NaN
	53402	19.91279230366808	0.5509425779893014	F	NaN	NaN	NaN
	53403	19.916013563505384	0.5554397160388773	F	NaN	NaN	NaN
	53404	19.91815831921626	0.560012882513458	F	NaN	NaN	NaN
	53405	19.917521141324457	0.5647825238784621	F	NaN	NaN	NaN
	53406	19.916883963432653	0.5695521652434659	F	NaN	NaN	NaN
	53407	19.91624678554085	0.5743218066084699	F	NaN	NaN	NaN
	53408	19.915609607649046	0.5790914479734737	F	NaN	NaN	NaN
	53409	19.914972429757242	0.5838610893384777	F	NaN	NaN	NaN
	53410	19.914335251865438	0.5886307307034815	F	NaN	NaN	NaN
	53411	19.913698073973634	0.5934003720684854	F	NaN	NaN	NaN
	53412	19.91306089608183	0.5981700134334893	F	NaN	NaN	NaN
	53413	19.912423718190027	0.6029396547984932	F	NaN	NaN	NaN
	53414	19.911786540298223	0.6077092961634971	F	NaN	NaN	NaN
	53415	19.91114936240642	0.612478937528501	F	NaN	NaN	NaN
	53416	19.910512184514616	0.6172485788935049	F	NaN	NaN	NaN
	53417	19.909875006622812	0.6220182202585088	F	NaN	NaN	NaN
	53418	19.9064459429119	0.6274141433557254	F	NaN	NaN	NaN
	53419	19.90278003230248	0.6328631964501829	F	NaN	NaN	NaN
	53420	19.899114121693064	0.6383122495446402	F	NaN	NaN	NaN
	53421	19.895448211083647	0.6437613026390976	F	NaN	NaN	NaN
	53422	19.89178230047423	0.6492103557335549	F	NaN	NaN	NaN
	53423	19.888116389864813	0.6546594088280124	F	NaN	NaN	NaN
	53424	19.884450479255392	0.6601084619224697	F	NaN	NaN	NaN
	53425	19.880784568645975	0.6655575150169272	F	NaN	NaN	NaN
	53426	19.877118658036558	0.6710065681113846	F	NaN	NaN	NaN
	53427	19.87345274742714	0.676455621205842	F	NaN	NaN	NaN
	53428	19.86978683681772	0.6819046743002993	F	NaN	NaN	NaN
	53429	19.866120926208303	0.6873537273947568	F	NaN	NaN	NaN
	53430	19.862455015598886	0.6928027804892141	F	NaN	NaN	NaN
	53431	19.857547533946583	0.6986982003090259	F	NaN	NaN	NaN
	53432	19.85168259563105	0.7049378427151203	F	NaN	NaN	NaN
	53433	19.845817657315518	0.7111774851212146	F	NaN	NaN	NaN
	53434	19.83995271899998	0.717417127527309	F	NaN	NaN	NaN
	53435	19.83408778068445	0.7236567699334033	F	NaN	NaN	NaN
	53436	19.828222842368913	0.7298964123394978	F	NaN	NaN	NaN
	53437	19.82235790405338	0.7361360547455922	F	NaN	NaN	NaN
	53438	19.816492965737847	0.7423756971516865	F	NaN	NaN	NaN
	53439	19.81062802742231	0.7486153395577809	F	NaN	NaN	NaN
	53440	19.80476308910678	0.7548549819638752	F	NaN	NaN	NaN
	53441	19.798898150791246	0.7610946243699697	F	NaN	NaN	NaN
	53442	19.79303321247571	0.7673342667760641	F	NaN	NaN	NaN
	53443	19.787168274160177	0.7735739091821583	F	NaN	NaN	NaN
	53444	19.78101933831778	0.7799973735801586	F	NaN	NaN	NaN
	53445	19.773785077307625	0.787123332244239	F	NaN	NaN	NaN
	53446	19.766550816297475	0.7942492909083197	F	NaN	NaN	NaN
	53447	19.75931655528732	0.8013752495724005	F	NaN	NaN	NaN
	53448	19.752082294277166	0.8085012082364811	F	NaN	NaN	NaN
	53449	19.744848033267015	0.8156271669005617	F	NaN	NaN	NaN
	53450	19.73761377225686	0.8227531255646424	F	NaN	NaN	NaN
	53451	19.730379511246706	0.8298790842287231	F	NaN	NaN	NaN
	53452	19.723145250236556	0.8370050428928038	F	NaN	NaN	NaN
	53453	19.7159109892264	0.8441310015568843	F	NaN	NaN	NaN
	53454	19.708676728216247	0.851256960220965	F	NaN	NaN	NaN
	53455	19.701442467206096	0.8583829188850456	F	NaN	NaN	NaN
	53456	19.694208206195942	0.8655088775491262	F	NaN	NaN	NaN
	53457	19.686973945185787	0.8726348362132069	F	NaN	NaN	NaN
	53458	19.679280901221446	0.8805835285350905	F	NaN	NaN	NaN
	53459	19.671507022528168	0.88867718145676	F	NaN	NaN	NaN
	53460	19.663733143834893	0.8967708343784295	F	NaN	NaN	NaN
	53461	19.655959265141618	0.904864487300099	F	NaN	NaN	NaN
	53462	19.648185386448343	0.9129581402217686	F	NaN	NaN	NaN
	53463	19.64041150775507	0.9210517931434381	F	NaN	NaN	NaN
	53464	19.632637629061794	0.9291454460651076	F	NaN	NaN	NaN
	53465	19.624863750368515	0.9372390989867772	F	NaN	NaN	NaN
	53466	19.61708987167524	0.9453327519084467	F	NaN	NaN	NaN
	53467	19.609315992981966	0.9534264048301162	F	NaN	NaN	NaN
	53468	19.60154211428869	0.9615200577517857	F	NaN	NaN	NaN
	53469	19.593768235595416	0.9696137106734553	F	NaN	NaN	NaN
	53470	19.58599435690214	0.9777073635951248	F	NaN	NaN	NaN
	53471	19.578363491261754	0.9863123411546904	F	NaN	NaN	NaN
	53472	19.570879699896853	0.99544316372726	F	NaN	NaN	NaN
	53473	19.563395908531955	1.0045739862998297	F	NaN	NaN	NaN
	53474	19.555912117167054	1.0137048088723994	F	NaN	NaN	NaN
	53475	19.548428325802153	1.0228356314449694	F	NaN	NaN	NaN
	53476	19.540944534437255	1.0319664540175388	F	NaN	NaN	NaN
	53477	19.533460743072354	1.0410972765901088	F	NaN	NaN	NaN
	53478	19.525976951707452	1.0502280991626785	F	NaN	NaN	NaN
	53479	19.51849316034255	1.0593589217352481	F	NaN	NaN	NaN
	53480	19.511009368977653	1.0684897443078178	F	NaN	NaN	NaN
	53481	19.503525577612752	1.0776205668803875	F	NaN	NaN	NaN
	53482	19.49604178624785	1.0867513894529572	F	NaN	NaN	NaN
	53483	19.488557994882953	1.095882212025527	F	NaN	NaN	NaN
	53484	19.48122627131781	1.1052023818569034	F	NaN	NaN	NaN
	53485	19.474862272292782	1.115727514140824	F	NaN	NaN	NaN
	53486	19.468498273267755	1.1262526464247449	F	NaN	NaN	NaN
	53487	19.462134274242725	1.1367777787086655	F	NaN	NaN	NaN
	53488	19.4557702752177	1.147302910992586	F	NaN	NaN	NaN
	53489	19.44940627619267	1.1578280432765071	F	NaN	NaN	NaN
	53490	19.443042277167642	1.1683531755604277	F	NaN	NaN	NaN
	53491	19.43667827814261	1.1788783078443485	F	NaN	NaN	NaN
	53492	19.430314279117585	1.1894034401282692	F	NaN	NaN	NaN
	53493	19.423950280092555	1.19992857241219	F	NaN	NaN	NaN
	53494	19.41758628106753	1.2104537046961106	F	NaN	NaN	NaN
	53495	19.411222282042498	1.2209788369800312	F	NaN	NaN	NaN
	53496	19.40485828301747	1.2315039692639522	F	NaN	NaN	NaN
	53497	19.398494283992445	1.2420291015478728	F	NaN	NaN	NaN
	53498	19.393648163605203	1.2532212480950058	F	NaN	NaN	NaN
	53499	19.38923366193154	1.2646030645084	F	NaN	NaN	NaN
	53500	19.384819160257884	1.2759848809217942	F	NaN	NaN	NaN
	53501	19.380404658584226	1.287366697335188	F	NaN	NaN	NaN
	53502	19.375990156910564	1.2987485137485821	F	NaN	NaN	NaN
	53503	19.371575655236906	1.3101303301619764	F	NaN	NaN	NaN
	53504	19.36716115356325	1.3215121465753705	F	NaN	NaN	NaN
	53505	19.362746651889587	1.3328939629887646	F	NaN	NaN	NaN
	53506	19.35833215021593	1.3442757794021587	F	NaN	NaN	NaN
	53507	19.35391764854227	1.3556575958155528	F	NaN	NaN	NaN
	53508	19.34950314686861	1.3670394122289469	F	NaN	NaN	NaN
	53509	19.345088645194952	1.378421228642341	F	NaN	NaN	NaN
	53510	19.340674143521294	1.389803045055735	F	NaN	NaN	NaN
	53511	19.337430797723343	1.4016908153537322	F	NaN	NaN	NaN
	53512	19.33579549841255	1.4142732817068597	F	NaN	NaN	NaN
	53513	19.33416019910176	1.4268557480599877	F	NaN	NaN	NaN
	53514	19.332524899790968	1.4394382144131155	F	NaN	NaN	NaN
	53515	19.330889600480173	1.4520206807662432	F	NaN	NaN	NaN
	53516	19.32925430116938	1.464603147119371	F	NaN	NaN	NaN
	53517	19.32761900185859	1.477185613472499	F	NaN	NaN	NaN
	53518	19.3259837025478	1.4897680798256265	F	NaN	NaN	NaN
	53519	19.324348403237007	1.5023505461787543	F	NaN	NaN	NaN
	53520	19.322713103926212	1.5149330125318823	F	NaN	NaN	NaN
	53521	19.32107780461542	1.52751547888501	F	NaN	NaN	NaN
	53522	19.31944250530463	1.5400979452381376	F	NaN	NaN	NaN
	53523	19.317807205993837	1.5526804115912656	F	NaN	NaN	NaN
	53524	19.316403598536482	1.5653962003982742	F	NaN	NaN	NaN
	53525	19.31837720660005	1.5800553404878435	F	NaN	NaN	NaN
	53526	19.320350814663623	1.5947144805774127	F	NaN	NaN	NaN
	53527	19.322324422727196	1.6093736206669815	F	NaN	NaN	NaN
	53528	19.324298030790764	1.6240327607565508	F	NaN	NaN	NaN
	53529	19.326271638854337	1.6386919008461198	F	NaN	NaN	NaN
	53530	19.328245246917906	1.653351040935689	F	NaN	NaN	NaN
	53531	19.330218854981478	1.668010181025258	F	NaN	NaN	NaN
	53532	19.33219246304505	1.6826693211148274	F	NaN	NaN	NaN
	53533	19.33416607110862	1.6973284612043966	F	NaN	NaN	NaN
	53534	19.33613967917219	1.7119876012939654	F	NaN	NaN	NaN
	53535	19.33811328723576	1.7266467413835347	F	NaN	NaN	NaN
	53536	19.340086895299333	1.7413058814731035	F	NaN	NaN	NaN
	53537	19.3420605033629	1.7559650215626728	F	NaN	NaN	NaN