###################### HEADER ######################
# SNNAME:	SN2004dn
###################### HEADER ######################


# FILTER B
#        MJD  MAG  MAGERR  Upperlimit  Instrument  Telescope  Source
	53221	18.84688266882375	0.24168211501617898	F	NaN	NaN	NaN
	53222	18.781318228785874	0.21272081146829866	F	NaN	NaN	NaN
	53223	18.728474310273015	0.18921544732022177	F	NaN	NaN	NaN
	53224	18.68825571623166	0.17198423133975174	F	NaN	NaN	NaN
	53225	18.66051970710557	0.16262312305015666	F	NaN	NaN	NaN
	53226	18.645198023703976	0.15856352575231336	F	NaN	NaN	NaN
	53227	18.642192850379395	0.1560243841379221	F	NaN	NaN	NaN
	53228	18.652126866402234	0.15753472767787774	F	NaN	NaN	NaN
	53229	18.676414769995972	0.15557212897055184	F	NaN	NaN	NaN
	53230	18.714150629074897	0.15287719267648064	F	NaN	NaN	NaN
	53231	18.764689165199346	0.14960121003099966	F	NaN	NaN	NaN
	53232	18.826772146345046	0.1459389632569248	F	NaN	NaN	NaN
	53233	18.899390718309263	0.14238772076789172	F	NaN	NaN	NaN
	53234	18.981762160229323	0.13831173831470175	F	NaN	NaN	NaN
	53235	19.074439067528452	0.13066212458132345	F	NaN	NaN	NaN
	53236	19.18023840225886	0.12290751801011152	F	NaN	NaN	NaN
	53237	19.287754303415667	0.12418310241933797	F	NaN	NaN	NaN
	53238	19.388114047957522	0.12785436939194308	F	NaN	NaN	NaN
	53239	19.4876210791393	0.13698175861097292	F	NaN	NaN	NaN
	53240	19.585846712945905	0.15488628245883312	F	NaN	NaN	NaN
	53241	19.67795927436585	0.17686500049818568	F	NaN	NaN	NaN
	53242	19.764449507464924	0.19905623742005119	F	NaN	NaN	NaN
	53243	19.846105738480755	0.2233450807610472	F	NaN	NaN	NaN
	53244	19.923854449325727	0.2490488296094282	F	NaN	NaN	NaN
	53245	19.99852536970737	0.2750990992876019	F	NaN	NaN	NaN
	53246	20.070899422869076	0.30365065750880926	F	NaN	NaN	NaN
	53247	20.14187234694792	0.33705743075052297	F	NaN	NaN	NaN
	53248	20.21227225040818	0.3731660873008936	F	NaN	NaN	NaN
	53249	20.281322747536517	0.4089883151080569	F	NaN	NaN	NaN
	53250	20.34729503925799	0.44676789905210856	F	NaN	NaN	NaN
	53251	20.409565719916912	0.4789017817556018	F	NaN	NaN	NaN
	53252	20.46820608858409	0.5065814563986556	F	NaN	NaN	NaN
	53253	20.523287444330293	0.5340728905533831	F	NaN	NaN	NaN
	53254	20.574881086226362	0.556001721104754	F	NaN	NaN	NaN
	53255	20.62305831334309	0.5776175005339241	F	NaN	NaN	NaN
	53256	20.667890424751278	0.5980093854233347	F	NaN	NaN	NaN
	53257	20.709114833063172	0.6138398508813412	F	NaN	NaN	NaN
	53258	20.747143672669328	0.6255370341234447	F	NaN	NaN	NaN
	53259	20.78205855398169	0.6361922806246765	F	NaN	NaN	NaN
	53260	20.813930776071054	0.6450758291976015	F	NaN	NaN	NaN
	53261	20.842831638008224	0.6520581023313737	F	NaN	NaN	NaN
	53262	20.868832438864008	0.6573733966223486	F	NaN	NaN	NaN
	53263	20.892004477709207	0.6602688044668394	F	NaN	NaN	NaN
	53264	20.912419053614617	0.6611698576744187	F	NaN	NaN	NaN
	53265	20.93014746565105	0.6628514222154014	F	NaN	NaN	NaN
	53266	20.945261012889308	0.6658776544762915	F	NaN	NaN	NaN
	53267	20.957830994400183	0.6703085345668958	F	NaN	NaN	NaN
	53268	20.967746018360373	0.671001743119835	F	NaN	NaN	NaN
	53269	20.975199870781765	0.6703785122118349	F	NaN	NaN	NaN
	53270	20.980341314890524	0.6708555464815105	F	NaN	NaN	NaN
	53271	20.983465072559493	0.6710972143226813	F	NaN	NaN	NaN
	53272	20.984251663007463	0.6738798656981149	F	NaN	NaN	NaN
	53273	20.98282340307611	0.6794134079870422	F	NaN	NaN	NaN
	53274	20.979427325465345	0.6908141763381589	F	NaN	NaN	NaN
	53275	20.97408229527206	0.7090398463319249	F	NaN	NaN	NaN
	53276	20.96673565763876	0.7269550642752984	F	NaN	NaN	NaN
	53277	20.957634001162596	0.7530421590415558	F	NaN	NaN	NaN
	53278	20.946816450172783	0.7860653237961157	F	NaN	NaN	NaN
	53279	20.934214465695256	0.8203682811405084	F	NaN	NaN	NaN
	53280	20.920070261211407	0.8615631848488731	F	NaN	NaN	NaN
	53281	20.904439289269796	0.9030694834203008	F	NaN	NaN	NaN
	53282	20.887244988805755	0.9579873114089009	F	NaN	NaN	NaN
	53283	20.869252742986955	1.0173356717889281	F	NaN	NaN	NaN

# FILTER R
#        MJD  MAG  MAGERR  Upperlimit  Instrument  Telescope  Source
	53221	17.732980446196418	0.07614709645810375	F	NaN	NaN	NaN
	53222	17.646296945959282	0.061741532227951416	F	NaN	NaN	NaN
	53223	17.56835400850903	0.05204281015020005	F	NaN	NaN	NaN
	53224	17.499734143119003	0.04660395229777843	F	NaN	NaN	NaN
	53225	17.440424131013753	0.045457304884441906	F	NaN	NaN	NaN
	53226	17.389870894069986	0.04684215268252644	F	NaN	NaN	NaN
	53227	17.347473844276685	0.049180225082087525	F	NaN	NaN	NaN
	53228	17.31260107498131	0.0521646661831963	F	NaN	NaN	NaN
	53229	17.286215140778435	0.0545566489252078	F	NaN	NaN	NaN
	53230	17.270578205980694	0.05456090684560995	F	NaN	NaN	NaN
	53231	17.264960654919992	0.05302203753845872	F	NaN	NaN	NaN
	53232	17.26837237441715	0.05110804184303318	F	NaN	NaN	NaN
	53233	17.279204872978603	0.04836549365153553	F	NaN	NaN	NaN
	53234	17.296106601583258	0.04673849648568125	F	NaN	NaN	NaN
	53235	17.31779746103128	0.04644210694025852	F	NaN	NaN	NaN
	53236	17.34304945522672	0.04655921546403748	F	NaN	NaN	NaN
	53237	17.370500602837705	0.04684332125580996	F	NaN	NaN	NaN
	53238	17.398801018007124	0.045986570819252	F	NaN	NaN	NaN
	53239	17.427903315692298	0.04481951637912117	F	NaN	NaN	NaN
	53240	17.460608557989982	0.042839147736214944	F	NaN	NaN	NaN
	53241	17.49722942604901	0.04156670908845647	F	NaN	NaN	NaN
	53242	17.536082691677947	0.0434649358080631	F	NaN	NaN	NaN
	53243	17.576295069551612	0.056164916824602285	F	NaN	NaN	NaN
	53244	17.62406033521709	0.06062562999924324	F	NaN	NaN	NaN
	53245	17.673724841277195	0.0629556505274796	F	NaN	NaN	NaN
	53246	17.72329920763119	0.06634908984863486	F	NaN	NaN	NaN
	53247	17.77219875706174	0.0700726378600461	F	NaN	NaN	NaN
	53248	17.819851760484642	0.07224603324961729	F	NaN	NaN	NaN
	53249	17.865977353642783	0.07348137333009584	F	NaN	NaN	NaN
	53250	17.911332339068235	0.07489901407772456	F	NaN	NaN	NaN
	53251	17.95590939796615	0.07656104873759745	F	NaN	NaN	NaN
	53252	17.999679357183226	0.07775543983457595	F	NaN	NaN	NaN
	53253	18.042641149033532	0.07924337474836576	F	NaN	NaN	NaN
	53254	18.084772120722384	0.08009842071657708	F	NaN	NaN	NaN
	53255	18.126049619455106	0.08084138536834325	F	NaN	NaN	NaN
	53256	18.166450992437017	0.08178015237595794	F	NaN	NaN	NaN
	53257	18.205928950754814	0.0823826828723235	F	NaN	NaN	NaN
	53258	18.24446117775425	0.08322509263242046	F	NaN	NaN	NaN
	53259	18.282046756413617	0.08422933764421218	F	NaN	NaN	NaN
	53260	18.3185537659771	0.08498728162564426	F	NaN	NaN	NaN
	53261	18.354147876585532	0.08619578816787296	F	NaN	NaN	NaN
	53262	18.38873961694715	0.08747712955375284	F	NaN	NaN	NaN
	53263	18.422307350531018	0.08861623005394016	F	NaN	NaN	NaN
	53264	18.454829440806204	0.089935368065644	F	NaN	NaN	NaN
	53265	18.48628425124179	0.09144609939774517	F	NaN	NaN	NaN
	53266	18.516502568912617	0.09315564595914225	F	NaN	NaN	NaN
	53267	18.54555783780702	0.09508969919914002	F	NaN	NaN	NaN
	53268	18.57347194184335	0.09702315193180863	F	NaN	NaN	NaN
	53269	18.60022324449067	0.09928007772288167	F	NaN	NaN	NaN
	53270	18.625790109218055	0.10171845800576566	F	NaN	NaN	NaN
	53271	18.65015089949457	0.10419762184301345	F	NaN	NaN	NaN
	53272	18.67328397878928	0.10701212548804871	F	NaN	NaN	NaN
	53273	18.695167710571255	0.11041641990099887	F	NaN	NaN	NaN
	53274	18.715568800958852	0.11386514982885912	F	NaN	NaN	NaN
	53275	18.73465663983027	0.11742093802635256	F	NaN	NaN	NaN
	53276	18.752421246170492	0.12140788776157664	F	NaN	NaN	NaN
	53277	18.768840983448584	0.12693094772855212	F	NaN	NaN	NaN
	53278	18.783894215133607	0.13371094980541742	F	NaN	NaN	NaN
	53279	18.797559304694637	0.1407988010321674	F	NaN	NaN	NaN
	53280	18.809814615600747	0.14788353676498947	F	NaN	NaN	NaN
	53281	18.82060707343784	0.15470438803011766	F	NaN	NaN	NaN
	53282	18.82972238855155	0.1632635983669255	F	NaN	NaN	NaN
	53283	18.83890302248594	0.1721107071017743	F	NaN	NaN	NaN
	53284	18.84869688140465	0.18128180274503056	F	NaN	NaN	NaN
	53285	18.859730859676027	0.19102386960286277	F	NaN	NaN	NaN
	53286	18.872101447012632	0.20316966400319586	F	NaN	NaN	NaN
	53287	18.88521875101488	0.21598470011880733	F	NaN	NaN	NaN
	53288	18.89935185492586	0.22906736150542484	F	NaN	NaN	NaN
	53289	18.914484989481117	0.24308398598962752	F	NaN	NaN	NaN
	53290	18.93018349207578	0.25820453740372423	F	NaN	NaN	NaN
	53291	18.946656623149053	0.27553313253655853	F	NaN	NaN	NaN
	53292	18.963810058431843	0.2950581056529136	F	NaN	NaN	NaN
	53293	18.98134751312781	0.3154343848739849	F	NaN	NaN	NaN
	53294	18.999401572886065	0.33635709749730275	F	NaN	NaN	NaN
	53295	19.017833062405266	0.3615821831132808	F	NaN	NaN	NaN
	53296	19.03646722271142	0.3891739615489423	F	NaN	NaN	NaN
	53297	19.055343112677328	0.41970481555006195	F	NaN	NaN	NaN
	53298	19.07431040994182	0.4503182210890596	F	NaN	NaN	NaN
	53299	19.093299029367035	0.48172899020859616	F	NaN	NaN	NaN
	53300	19.112237651063296	0.5159712994767196	F	NaN	NaN	NaN
	53301	19.13099850958197	0.5528754024489521	F	NaN	NaN	NaN
	53302	19.149599341635135	0.5911135098313846	F	NaN	NaN	NaN
	53303	19.167841596584424	0.6302130681261908	F	NaN	NaN	NaN
	53304	19.185653769866153	0.6717863371517248	F	NaN	NaN	NaN
	53305	19.203124568056143	0.7142876095492068	F	NaN	NaN	NaN
	53306	19.219911357781154	0.7556132497910277	F	NaN	NaN	NaN
	53307	19.236032599334827	0.8002993412154877	F	NaN	NaN	NaN
	53308	19.251631117170525	0.8460789850768711	F	NaN	NaN	NaN
	53309	19.26620334319394	0.8880206189861043	F	NaN	NaN	NaN
	53310	19.27989140652843	0.9331223354763492	F	NaN	NaN	NaN
	53311	19.292875397518717	0.9801611437442267	F	NaN	NaN	NaN
	53312	19.304473961363218	1.0280626765817809	F	NaN	NaN	NaN

# FILTER V
#        MJD  MAG  MAGERR  Upperlimit  Instrument  Telescope  Source
	53221	18.28283513840611	0.12268148344424887	F	NaN	NaN	NaN
	53222	18.178875367984624	0.10474708197030505	F	NaN	NaN	NaN
	53223	18.08668793520589	0.09674823074523578	F	NaN	NaN	NaN
	53224	18.006617936756815	0.0949115748250513	F	NaN	NaN	NaN
	53225	17.938944274740518	0.0984490572212348	F	NaN	NaN	NaN
	53226	17.883073103914718	0.10371918144420555	F	NaN	NaN	NaN
	53227	17.83832020584143	0.1090513824765359	F	NaN	NaN	NaN
	53228	17.806942085972235	0.11185660375726215	F	NaN	NaN	NaN
	53229	17.793872478243802	0.11028354729133777	F	NaN	NaN	NaN
	53230	17.79749098469398	0.1053300032238808	F	NaN	NaN	NaN
	53231	17.814995023581343	0.09771838287159257	F	NaN	NaN	NaN
	53232	17.84358201316448	0.09030494542858143	F	NaN	NaN	NaN
	53233	17.88044937170195	0.08374501954220097	F	NaN	NaN	NaN
	53234	17.922794517452306	0.07851134388232356	F	NaN	NaN	NaN
	53235	17.967814868674115	0.07546630046558787	F	NaN	NaN	NaN
	53236	18.012707843625957	0.07469438209487612	F	NaN	NaN	NaN
	53237	18.054670860566386	0.07365792909670357	F	NaN	NaN	NaN
	53238	18.093322954367277	0.07160611663918483	F	NaN	NaN	NaN
	53239	18.133788853567374	0.07024258942916738	F	NaN	NaN	NaN
	53240	18.176773352903844	0.07073752092537869	F	NaN	NaN	NaN
	53241	18.222248938605723	0.07410160905035115	F	NaN	NaN	NaN
	53242	18.27019262896788	0.08255649993030682	F	NaN	NaN	NaN
	53243	18.32082186256345	0.09601908927908424	F	NaN	NaN	NaN
	53244	18.37439996018944	0.11542986773742184	F	NaN	NaN	NaN
	53245	18.429342359702055	0.13858385887104954	F	NaN	NaN	NaN
	53246	18.483900489582027	0.16026245797614028	F	NaN	NaN	NaN
	53247	18.53632577831006	0.1754557910303186	F	NaN	NaN	NaN
	53248	18.586212421514862	0.1821725752723053	F	NaN	NaN	NaN
	53249	18.636290595763327	0.1845578443863656	F	NaN	NaN	NaN
	53250	18.687851165582156	0.18602637952573062	F	NaN	NaN	NaN
	53251	18.74045838731975	0.18508796883139694	F	NaN	NaN	NaN
	53252	18.79336077306527	0.18780308010580232	F	NaN	NaN	NaN
	53253	18.845845022494352	0.19486481804964342	F	NaN	NaN	NaN
	53254	18.897222170783625	0.2041963505080206	F	NaN	NaN	NaN
	53255	18.946803253109692	0.21521307950040564	F	NaN	NaN	NaN
	53256	18.993899304649183	0.22721196264699217	F	NaN	NaN	NaN
	53257	19.037677680604794	0.2380091935580415	F	NaN	NaN	NaN
	53258	19.077464835224625	0.24331262797929917	F	NaN	NaN	NaN
	53259	19.112620725134644	0.24534718838426017	F	NaN	NaN	NaN
	53260	19.143792682407973	0.24704953281425276	F	NaN	NaN	NaN
	53261	19.17325027583908	0.2483129446658336	F	NaN	NaN	NaN
	53262	19.201346092457612	0.25138162114191726	F	NaN	NaN	NaN
	53263	19.228117399777652	0.25247016808442857	F	NaN	NaN	NaN
	53264	19.253727038047206	0.25514457117224065	F	NaN	NaN	NaN
	53265	19.278266492683034	0.25825478753621106	F	NaN	NaN	NaN
	53266	19.301827249101887	0.26044994280086714	F	NaN	NaN	NaN
	53267	19.324500792720514	0.2629706820063191	F	NaN	NaN	NaN
	53268	19.34635238938074	0.2621717003801072	F	NaN	NaN	NaN
	53269	19.367496560529847	0.26209890399096075	F	NaN	NaN	NaN
	53270	19.38803968369967	0.26121768386398436	F	NaN	NaN	NaN
	53271	19.407800323079318	0.25855137665687156	F	NaN	NaN	NaN
	53272	19.426271818770047	0.2562061894507448	F	NaN	NaN	NaN
	53273	19.443383152102594	0.255581497025559	F	NaN	NaN	NaN
	53274	19.459290646349903	0.25877297128144494	F	NaN	NaN	NaN
	53275	19.474011259502763	0.2636627883651625	F	NaN	NaN	NaN
	53276	19.487536161791013	0.27039677846121624	F	NaN	NaN	NaN
	53277	19.50001970615618	0.2786945307325454	F	NaN	NaN	NaN
	53278	19.51149254036967	0.2930824070308	F	NaN	NaN	NaN
	53279	19.521937215234292	0.31219217966676843	F	NaN	NaN	NaN
	53280	19.531503013337993	0.33473985599611117	F	NaN	NaN	NaN
	53281	19.540231172210596	0.36207949345568746	F	NaN	NaN	NaN
	53282	19.54810182327226	0.39553994092852174	F	NaN	NaN	NaN
	53283	19.555581579538863	0.43273650888731646	F	NaN	NaN	NaN

# FILTER I
#        MJD  MAG  MAGERR  Upperlimit  Instrument  Telescope  Source
	53221	17.14288085163779	0.10418428705940547	F	NaN	NaN	NaN
	53222	17.042429248141655	0.08914426365218407	F	NaN	NaN	NaN
	53223	16.952717082792176	0.08283022884837617	F	NaN	NaN	NaN
	53224	16.874566275207172	0.08444800947899209	F	NaN	NaN	NaN
	53225	16.81010592528887	0.08814030664094433	F	NaN	NaN	NaN
	53226	16.757083823203104	0.09151793393115155	F	NaN	NaN	NaN
	53227	16.715695672768014	0.09381999800880506	F	NaN	NaN	NaN
	53228	16.684450202468874	0.094089634739249	F	NaN	NaN	NaN
	53229	16.662032607960032	0.09332369287780762	F	NaN	NaN	NaN
	53230	16.64816557440106	0.08993358227915615	F	NaN	NaN	NaN
	53231	16.64066118202877	0.08526052691756486	F	NaN	NaN	NaN
	53232	16.639730100396275	0.08063671698246686	F	NaN	NaN	NaN
	53233	16.643218246198224	0.07748199076401859	F	NaN	NaN	NaN
	53234	16.650643941851143	0.07379033464050253	F	NaN	NaN	NaN
	53235	16.660726430780866	0.07134039381227655	F	NaN	NaN	NaN
	53236	16.67240726016226	0.0686241028634142	F	NaN	NaN	NaN
	53237	16.6846858971733	0.06557448636525356	F	NaN	NaN	NaN
	53238	16.69787835167731	0.061788655106808164	F	NaN	NaN	NaN
	53239	16.714025365854035	0.05791496098665501	F	NaN	NaN	NaN
	53240	16.735214232560246	0.05383405079729624	F	NaN	NaN	NaN
	53241	16.764065331924073	0.05507374514932458	F	NaN	NaN	NaN
	53242	16.79508278927203	0.06481015274531252	F	NaN	NaN	NaN
	53243	16.827311867735496	0.06544156950549218	F	NaN	NaN	NaN
	53244	16.85904770189086	0.0694246941023728	F	NaN	NaN	NaN
	53245	16.889953189723517	0.07481525299585055	F	NaN	NaN	NaN
	53246	16.921659942720822	0.08052748934212645	F	NaN	NaN	NaN
	53247	16.95380283819937	0.08481289434660938	F	NaN	NaN	NaN
	53248	16.986604868914718	0.08822584081823143	F	NaN	NaN	NaN
	53249	17.01999011706461	0.09026752583603245	F	NaN	NaN	NaN
	53250	17.05447358383926	0.09162031939241175	F	NaN	NaN	NaN
	53251	17.089993301251837	0.09339198759469719	F	NaN	NaN	NaN
	53252	17.12623389289149	0.09683334312498332	F	NaN	NaN	NaN
	53253	17.162875282212287	0.10169557307730162	F	NaN	NaN	NaN
	53254	17.199624833955458	0.10755847702323651	F	NaN	NaN	NaN
	53255	17.236189912862226	0.11548482360579407	F	NaN	NaN	NaN
	53256	17.27227788367382	0.12301670616323004	F	NaN	NaN	NaN
	53257	17.307563172546285	0.12901155262717773	F	NaN	NaN	NaN
	53258	17.34173638563156	0.13229416088196427	F	NaN	NaN	NaN
	53259	17.3745212393738	0.1374276691271297	F	NaN	NaN	NaN
	53260	17.405893819823774	0.14213879327049347	F	NaN	NaN	NaN
	53261	17.436184996944984	0.14763016046113586	F	NaN	NaN	NaN
	53262	17.465403912996003	0.1521799431677462	F	NaN	NaN	NaN
	53263	17.49345273500216	0.1566581977274815	F	NaN	NaN	NaN
	53264	17.520349036081328	0.1619255012230516	F	NaN	NaN	NaN
	53265	17.546060094642012	0.16587238250501918	F	NaN	NaN	NaN
	53266	17.570549789276974	0.1699472059110988	F	NaN	NaN	NaN
	53267	17.593781998578976	0.17201448037911782	F	NaN	NaN	NaN
	53268	17.615680188635725	0.1723327434248462	F	NaN	NaN	NaN
	53269	17.63620989588579	0.1711708487202348	F	NaN	NaN	NaN
	53270	17.655369136354608	0.16845120985876386	F	NaN	NaN	NaN
	53271	17.67309246593089	0.16354602034196264	F	NaN	NaN	NaN
	53272	17.689360233010174	0.15771998886034574	F	NaN	NaN	NaN
	53273	17.704216080224995	0.15148568788850403	F	NaN	NaN	NaN
	53274	17.717910437726395	0.14367335194148545	F	NaN	NaN	NaN
	53275	17.73054469424905	0.13608293603645907	F	NaN	NaN	NaN
	53276	17.742190817530645	0.1301059799605657	F	NaN	NaN	NaN
	53277	17.75307364935529	0.12327601120850643	F	NaN	NaN	NaN
	53278	17.76330754991945	0.11959334326147963	F	NaN	NaN	NaN
	53279	17.77298458050152	0.1163912163500247	F	NaN	NaN	NaN
	53280	17.782296517883122	0.11429708006659042	F	NaN	NaN	NaN
	53281	17.79136321708692	0.11437013265627391	F	NaN	NaN	NaN
	53282	17.800311786203178	0.11796177712977836	F	NaN	NaN	NaN
	53283	17.810551649788742	0.12197649541388582	F	NaN	NaN	NaN
	53284	17.82152817945931	0.12811678971966856	F	NaN	NaN	NaN
	53285	17.835396393067658	0.1360805161413003	F	NaN	NaN	NaN
	53286	17.85097943219288	0.14829794078156325	F	NaN	NaN	NaN
	53287	17.866806053054805	0.16292039247900958	F	NaN	NaN	NaN
	53288	17.881405011873284	0.18352367231422623	F	NaN	NaN	NaN
	53289	17.89441585422027	0.20511064872011897	F	NaN	NaN	NaN
	53290	17.907827810324036	0.22777132330076816	F	NaN	NaN	NaN
	53291	17.921983575844603	0.2520245959777352	F	NaN	NaN	NaN
	53292	17.93683073053166	0.280672625425655	F	NaN	NaN	NaN
	53293	17.952428545959126	0.31160099742017966	F	NaN	NaN	NaN
	53294	17.96861013546667	0.3442545638052052	F	NaN	NaN	NaN
	53295	17.985290127935837	0.38188720478820415	F	NaN	NaN	NaN
	53296	18.00241610311632	0.4209634738204542	F	NaN	NaN	NaN
	53297	18.019935640757815	0.4593293350443988	F	NaN	NaN	NaN
	53298	18.037796320609996	0.5006366538305638	F	NaN	NaN	NaN
	53299	18.055990008516613	0.5442730100331511	F	NaN	NaN	NaN
	53300	18.074394147712287	0.5897158546715641	F	NaN	NaN	NaN
	53301	18.092946442913796	0.6369016606308788	F	NaN	NaN	NaN
	53302	18.111594473870824	0.6866888056084158	F	NaN	NaN	NaN
	53303	18.130285820333054	0.7394218680497706	F	NaN	NaN	NaN
	53304	18.148968062050187	0.7939747870273808	F	NaN	NaN	NaN
	53305	18.16755397982997	0.850647038260278	F	NaN	NaN	NaN
	53306	18.185988705413596	0.90458413921002	F	NaN	NaN	NaN
	53307	18.204221340047262	0.9654363973582866	F	NaN	NaN	NaN
	53308	18.22219946348065	1.0284295161322718	F	NaN	NaN	NaN
	53309	18.23987065546345	1.0884453794832454	F	NaN	NaN	NaN
	53310	18.257182495745354	1.1520202140090472	F	NaN	NaN	NaN
	53311	18.273957000792304	1.2205205260885494	F	NaN	NaN	NaN
	53312	18.29023034946371	1.2904691684535354	F	NaN	NaN	NaN