###################### HEADER ######################
# SNNAME:	SN2006fo
###################### HEADER ######################


# FILTER r
#        MJD  MAG  MAGERR  Upperlimit  Instrument  Telescope  Source
	53976	21.548216442462373	1.7177593814799494	F	NaN	NaN	NaN
	53977	21.275777755526953	1.5777424667401316	F	NaN	NaN	NaN
	53978	21.01126488244434	1.4394865585377277	F	NaN	NaN	NaN
	53979	20.754883505914663	1.3046180737916986	F	NaN	NaN	NaN
	53980	20.506839308638174	1.1739006006224737	F	NaN	NaN	NaN
	53981	20.26733797331502	1.0470574991489436	F	NaN	NaN	NaN
	53982	20.03658518264544	0.9248567175835964	F	NaN	NaN	NaN
	53983	19.81478661932957	0.8082092639499128	F	NaN	NaN	NaN
	53984	19.602462381183766	0.697089861364049	F	NaN	NaN	NaN
	53985	19.399640955382672	0.5924961885806412	F	NaN	NaN	NaN
	53986	19.206409094605426	0.49429382001950606	F	NaN	NaN	NaN
	53987	19.02297248155223	0.4042263002881702	F	NaN	NaN	NaN
	53988	18.84953679892333	0.32226594183175933	F	NaN	NaN	NaN
	53989	18.686307729418843	0.24857105110851804	F	NaN	NaN	NaN
	53990	18.533490955739033	0.18405827489713228	F	NaN	NaN	NaN
	53991	18.39129216058402	0.12928326677498725	F	NaN	NaN	NaN
	53992	18.25991702665407	0.08499272637497757	F	NaN	NaN	NaN
	53993	18.139571236649303	0.052059770732356805	F	NaN	NaN	NaN
	53994	18.03046047326999	0.031471169783236545	F	NaN	NaN	NaN
	53995	17.931076599794345	0.020880788887054	F	NaN	NaN	NaN
	53996	17.841890234683813	0.017912765650410237	F	NaN	NaN	NaN
	53997	17.761170926148523	0.018106194801949492	F	NaN	NaN	NaN
	53998	17.68841264931474	0.01865964240520491	F	NaN	NaN	NaN
	53999	17.62337046702715	0.018629179664738024	F	NaN	NaN	NaN
	54000	17.56572815343781	0.018279697927862645	F	NaN	NaN	NaN
	54001	17.51516948269881	0.017695546454628452	F	NaN	NaN	NaN
	54002	17.471378228962216	0.016858112306554016	F	NaN	NaN	NaN
	54003	17.434065028117644	0.016248398289966097	F	NaN	NaN	NaN
	54004	17.403177134077648	0.0157170171175939	F	NaN	NaN	NaN
	54005	17.37927837773433	0.014972390481371254	F	NaN	NaN	NaN
	54006	17.361931373244015	0.01444269526807394	F	NaN	NaN	NaN
	54007	17.35093586540571	0.01432601397921214	F	NaN	NaN	NaN
	54008	17.34711056436648	0.014645733328439312	F	NaN	NaN	NaN
	54009	17.35111708166523	0.014380302958643891	F	NaN	NaN	NaN
	54010	17.362602720558918	0.013082682341601712	F	NaN	NaN	NaN
	54011	17.37917916333468	0.013874206941262006	F	NaN	NaN	NaN
	54012	17.401205293961368	0.01828923203577509	F	NaN	NaN	NaN
	54013	17.42879085935125	0.02096153374162288	F	NaN	NaN	NaN
	54014	17.466733550222955	0.024610251944704214	F	NaN	NaN	NaN
	54015	17.5121551705306	0.029342269985950457	F	NaN	NaN	NaN
	54016	17.561617688361704	0.03451030635322466	F	NaN	NaN	NaN
	54017	17.611605841335333	0.03930217815936313	F	NaN	NaN	NaN
	54018	17.658579535907013	0.042292405805488355	F	NaN	NaN	NaN
	54019	17.702051045843888	0.03750092731563751	F	NaN	NaN	NaN
	54020	17.748104541586226	0.02866246977297353	F	NaN	NaN	NaN
	54021	17.790583771119472	0.027969516530575694	F	NaN	NaN	NaN
	54022	17.833506962721444	0.02595279874678602	F	NaN	NaN	NaN
	54023	17.8766345683429	0.02596397671130022	F	NaN	NaN	NaN
	54024	17.918982634883452	0.028122360688085116	F	NaN	NaN	NaN
	54025	17.96218477548519	0.03227452355930819	F	NaN	NaN	NaN
	54026	18.0036961798721	0.03558750347038164	F	NaN	NaN	NaN
	54027	18.044704038957267	0.03784567489815142	F	NaN	NaN	NaN
	54028	18.084909916231712	0.03954957542127177	F	NaN	NaN	NaN
	54029	18.12304765816385	0.040312818038855544	F	NaN	NaN	NaN
	54030	18.158685169770706	0.038842869734424475	F	NaN	NaN	NaN
	54031	18.19277774544772	0.037206944046738646	F	NaN	NaN	NaN
	54032	18.225264743286438	0.034459750579216554	F	NaN	NaN	NaN
	54033	18.256240372253416	0.03084894538895512	F	NaN	NaN	NaN
	54034	18.28580666185175	0.02725302371077891	F	NaN	NaN	NaN
	54035	18.314065641584545	0.024175539958481776	F	NaN	NaN	NaN
	54036	18.341125282947136	0.022302871513430987	F	NaN	NaN	NaN
	54037	18.367073779053797	0.02141340634755874	F	NaN	NaN	NaN
	54038	18.39131807902258	0.02065810737788791	F	NaN	NaN	NaN
	54039	18.412473337875255	0.02051641836689957	F	NaN	NaN	NaN
	54040	18.43230501643447	0.0224792127432536	F	NaN	NaN	NaN
	54041	18.452796305184346	0.02418265265883676	F	NaN	NaN	NaN
	54042	18.474592534174647	0.02329402078814493	F	NaN	NaN	NaN
	54043	18.495475153031833	0.022787970678647972	F	NaN	NaN	NaN
	54044	18.51566804037635	0.026563903613682778	F	NaN	NaN	NaN
	54045	18.53553458859635	0.033242832594938834	F	NaN	NaN	NaN
	54046	18.5554441812612	0.03864140317286817	F	NaN	NaN	NaN
	54047	18.576027044512145	0.04041997911075788	F	NaN	NaN	NaN
	54048	18.597317719787405	0.041865772754653974	F	NaN	NaN	NaN
	54049	18.617620025730105	0.04357758020449767	F	NaN	NaN	NaN
	54050	18.63685254162166	0.044608632278227034	F	NaN	NaN	NaN
	54051	18.656224783822143	0.04660496773024924	F	NaN	NaN	NaN
	54052	18.674414620576673	0.04729240075516236	F	NaN	NaN	NaN
	54053	18.692515112774796	0.04669938728232778	F	NaN	NaN	NaN
	54054	18.70916742047422	0.04761645805347922	F	NaN	NaN	NaN
	54055	18.72523978700084	0.04720754336925831	F	NaN	NaN	NaN
	54056	18.740626174967723	0.04635001889357969	F	NaN	NaN	NaN
	54057	18.755068757973127	0.04601493730971129	F	NaN	NaN	NaN
	54058	18.768307539740817	0.046081809586373375	F	NaN	NaN	NaN
	54059	18.780071281196225	0.045724708428406355	F	NaN	NaN	NaN
	54060	18.78900601579103	0.0434111062147533	F	NaN	NaN	NaN
	54061	18.793906915271524	0.038964414672860645	F	NaN	NaN	NaN
	54062	18.800045631670542	0.03666652751354768	F	NaN	NaN	NaN
	54063	18.809925115351547	0.03703742038371799	F	NaN	NaN	NaN
	54064	18.817620662816974	0.03735462532129781	F	NaN	NaN	NaN
	54065	18.82643295507654	0.039132207462623886	F	NaN	NaN	NaN
	54066	18.83930878538522	0.04308471536271087	F	NaN	NaN	NaN
	54067	18.854863079431777	0.049831680431564544	F	NaN	NaN	NaN
	54068	18.872542821750578	0.05976177159730531	F	NaN	NaN	NaN
	54069	18.89192089208879	0.07220230321374363	F	NaN	NaN	NaN
	54070	18.91256674208348	0.08656250705124241	F	NaN	NaN	NaN
	54071	18.934021400848557	0.10210142330723945	F	NaN	NaN	NaN
	54072	18.955887583197935	0.11755589679647765	F	NaN	NaN	NaN
	54073	18.977722048678697	0.13227096659619236	F	NaN	NaN	NaN
	54074	18.999084641584748	0.14591981748559082	F	NaN	NaN	NaN
	54075	19.01957155787603	0.1571686209598014	F	NaN	NaN	NaN
	54076	19.03870663954074	0.1657813564338927	F	NaN	NaN	NaN
	54077	19.05759719050896	0.17130346753814055	F	NaN	NaN	NaN
	54078	19.077608392632257	0.17503306358544435	F	NaN	NaN	NaN
	54079	19.097265291718863	0.17792910588028715	F	NaN	NaN	NaN
	54080	19.115007787343867	0.18075747487511967	F	NaN	NaN	NaN
	54081	19.131438894238883	0.18178927003987144	F	NaN	NaN	NaN
	54082	19.147958451088975	0.18200140086708622	F	NaN	NaN	NaN
	54083	19.16346452953824	0.1833943526891621	F	NaN	NaN	NaN
	54084	19.17951885666299	0.1836005744838598	F	NaN	NaN	NaN
	54085	19.19471151621039	0.18382174855072483	F	NaN	NaN	NaN
	54086	19.208437537350168	0.1833822682149031	F	NaN	NaN	NaN
	54087	19.22187968867089	0.18075782110514738	F	NaN	NaN	NaN
	54088	19.23534821994547	0.1770169321561068	F	NaN	NaN	NaN
	54089	19.249124140196834	0.1728071055158193	F	NaN	NaN	NaN
	54090	19.26347677911193	0.16895467676800277	F	NaN	NaN	NaN
	54091	19.278694239054456	0.16598058589362316	F	NaN	NaN	NaN
	54092	19.29505810641784	0.16474596092796806	F	NaN	NaN	NaN
	54093	19.312513666767572	0.16364083296274454	F	NaN	NaN	NaN
	54094	19.330635288143434	0.16055470941031216	F	NaN	NaN	NaN
	54095	19.349279060212535	0.16030725026980663	F	NaN	NaN	NaN
	54096	19.36823010061518	0.16272188305577623	F	NaN	NaN	NaN
	54097	19.387229996223393	0.16504385815392403	F	NaN	NaN	NaN
	54098	19.40627424889834	0.16787343301959928	F	NaN	NaN	NaN
	54099	19.425366107101233	0.17005816526749712	F	NaN	NaN	NaN
	54100	19.444507734808365	0.1722704340781422	F	NaN	NaN	NaN
	54101	19.463701634774964	0.174668065235005	F	NaN	NaN	NaN
	54102	19.482950417825304	0.17681445099922927	F	NaN	NaN	NaN
	54103	19.502256245257172	0.1785173704117706	F	NaN	NaN	NaN
	54104	19.52162277332304	0.18049263261586762	F	NaN	NaN	NaN
	54105	19.541052154243403	0.1818118823137569	F	NaN	NaN	NaN
	54106	19.560547014020234	0.1825277428038965	F	NaN	NaN	NaN
	54107	19.580109978655482	0.18369836691876626	F	NaN	NaN	NaN
	54108	19.59976482088338	0.1858157946576113	F	NaN	NaN	NaN
	54109	19.61946461937594	0.18793791863451886	F	NaN	NaN	NaN
	54110	19.639245532581466	0.1898704773763799	F	NaN	NaN	NaN
	54111	19.65911908671776	0.19212757455106858	F	NaN	NaN	NaN
	54112	19.679049467200763	0.19461774459692643	F	NaN	NaN	NaN
	54113	19.69908191125258	0.19759472610154427	F	NaN	NaN	NaN
	54114	19.719203719631558	0.20096509297550683	F	NaN	NaN	NaN
	54115	19.73938745296862	0.2046615939482696	F	NaN	NaN	NaN
	54116	19.75969657514847	0.20932718691223998	F	NaN	NaN	NaN
	54117	19.78008940863375	0.21450121426310648	F	NaN	NaN	NaN
	54118	19.800549265688485	0.2201176755201307	F	NaN	NaN	NaN
	54119	19.8211602132781	0.22845309006535086	F	NaN	NaN	NaN
	54120	19.841846842733297	0.23625727077746816	F	NaN	NaN	NaN
	54121	19.862618133258454	0.24346718991357583	F	NaN	NaN	NaN
	54122	19.883543514650448	0.2533396270462104	F	NaN	NaN	NaN
	54123	19.904546710939176	0.26357351224022957	F	NaN	NaN	NaN
	54124	19.925657547796714	0.2740461572155007	F	NaN	NaN	NaN
	54125	19.946917168274478	0.2866337455761549	F	NaN	NaN	NaN
	54126	19.968259702260347	0.299435489973613	F	NaN	NaN	NaN
	54127	19.989735232732006	0.3116842630381362	F	NaN	NaN	NaN
	54128	20.011351863159163	0.3257212224759871	F	NaN	NaN	NaN
	54129	20.033056505705794	0.34047373426131167	F	NaN	NaN	NaN
	54130	20.054921877073316	0.35554185762970625	F	NaN	NaN	NaN
	54131	20.07691828831348	0.3712427125037988	F	NaN	NaN	NaN
	54132	20.099007810284494	0.38738441537563206	F	NaN	NaN	NaN
	54133	20.12128816982961	0.4043633365113495	F	NaN	NaN	NaN
	54134	20.143687132746393	0.421814272661292	F	NaN	NaN	NaN
	54135	20.166184416610967	0.4396565042939898	F	NaN	NaN	NaN
	54136	20.188904800009855	0.4594144565921409	F	NaN	NaN	NaN
	54137	20.21172908546687	0.47856146047090686	F	NaN	NaN	NaN
	54138	20.234679078431654	0.49696734344933025	F	NaN	NaN	NaN

# FILTER i
#        MJD  MAG  MAGERR  Upperlimit  Instrument  Telescope  Source
	53976	23.785290509150176	7.704870609817754	F	NaN	NaN	NaN
	53977	23.31244887906823	7.037178112392153	F	NaN	NaN	NaN
	53978	22.85098089905468	6.383095257408099	F	NaN	NaN	NaN
	53979	22.40204544073219	5.7443011613079955	F	NaN	NaN	NaN
	53980	21.966801375723602	5.126475319875546	F	NaN	NaN	NaN
	53981	21.54640757565156	4.528884823304466	F	NaN	NaN	NaN
	53982	21.142022912138913	3.956579620869093	F	NaN	NaN	NaN
	53983	20.754806256808298	3.4109597006208228	F	NaN	NaN	NaN
	53984	20.38655238888417	2.897272082249214	F	NaN	NaN	NaN
	53985	20.03814337504603	2.4165511466686387	F	NaN	NaN	NaN
	53986	19.710482032609587	1.9726881885322793	F	NaN	NaN	NaN
	53987	19.404727233197445	1.5671460603275253	F	NaN	NaN	NaN
	53988	19.12203784843249	1.2025149216251125	F	NaN	NaN	NaN
	53989	18.86357274993732	0.8822435831135498	F	NaN	NaN	NaN
	53990	18.630490809334848	0.6082360260042637	F	NaN	NaN	NaN
	53991	18.423950898247636	0.3839390559150139	F	NaN	NaN	NaN
	53992	18.245111888298624	0.21271046126376464	F	NaN	NaN	NaN
	53993	18.095132651110358	0.09962740777100651	F	NaN	NaN	NaN
	53994	17.97517205830579	0.046981530279890035	F	NaN	NaN	NaN
	53995	17.878664427882963	0.03190222366492253	F	NaN	NaN	NaN
	53996	17.794056649963483	0.026454009942916523	F	NaN	NaN	NaN
	53997	17.715497578165127	0.02356839145714102	F	NaN	NaN	NaN
	53998	17.642759705341504	0.02355400800983548	F	NaN	NaN	NaN
	53999	17.575802997291873	0.02547024104592048	F	NaN	NaN	NaN
	54000	17.514536125180353	0.02851252409558104	F	NaN	NaN	NaN
	54001	17.458867760171067	0.031259737701402314	F	NaN	NaN	NaN
	54002	17.40870657342813	0.03270672836244806	F	NaN	NaN	NaN
	54003	17.36398466167664	0.03200752091703131	F	NaN	NaN	NaN
	54004	17.324588499807565	0.029250422902147848	F	NaN	NaN	NaN
	54005	17.290598095158078	0.025622489262462092	F	NaN	NaN	NaN
	54006	17.26239582591244	0.021155447333377313	F	NaN	NaN	NaN
	54007	17.2409568462105	0.015233541704530888	F	NaN	NaN	NaN
	54008	17.226941165227874	0.015327834899737967	F	NaN	NaN	NaN
	54009	17.215578336978666	0.025453184493400033	F	NaN	NaN	NaN
	54010	17.207746517519585	0.03919823178116308	F	NaN	NaN	NaN
	54011	17.20352319520693	0.05624041549572878	F	NaN	NaN	NaN
	54012	17.20252045950392	0.06905645267882213	F	NaN	NaN	NaN
	54013	17.207165835429436	0.07115575269763527	F	NaN	NaN	NaN
	54014	17.220788832330665	0.06146569752186069	F	NaN	NaN	NaN
	54015	17.24188357899223	0.04587996928944348	F	NaN	NaN	NaN
	54016	17.268922613342788	0.02918644086112958	F	NaN	NaN	NaN
	54017	17.300437801476665	0.02354395123781161	F	NaN	NaN	NaN
	54018	17.33474099888713	0.03409026001257718	F	NaN	NaN	NaN
	54019	17.370297995946455	0.04616614171726327	F	NaN	NaN	NaN
	54020	17.405548287237337	0.05197383394156952	F	NaN	NaN	NaN
	54021	17.442729227990377	0.04824970206005657	F	NaN	NaN	NaN
	54022	17.47961879572536	0.04250300993751228	F	NaN	NaN	NaN
	54023	17.520682480514104	0.030896007273882815	F	NaN	NaN	NaN
	54024	17.562079649685266	0.022564328878369143	F	NaN	NaN	NaN
	54025	17.598694965905146	0.020315989873506583	F	NaN	NaN	NaN
	54026	17.63180941958118	0.018514554359515108	F	NaN	NaN	NaN
	54027	17.66319251165517	0.018161754479783614	F	NaN	NaN	NaN
	54028	17.694234394179144	0.019714850033125546	F	NaN	NaN	NaN
	54029	17.725225000858256	0.020315660620501327	F	NaN	NaN	NaN
	54030	17.754099576692195	0.022676882612746585	F	NaN	NaN	NaN
	54031	17.784810633188844	0.022724099113918025	F	NaN	NaN	NaN
	54032	17.816794732546494	0.02148781418301738	F	NaN	NaN	NaN
	54033	17.84900342477038	0.0217418073633548	F	NaN	NaN	NaN
	54034	17.88052214638758	0.023400672773891854	F	NaN	NaN	NaN
	54035	17.910436333925166	0.024533808140448733	F	NaN	NaN	NaN
	54036	17.938754182176456	0.0231012250377532	F	NaN	NaN	NaN
	54037	17.967739080127366	0.021477627882242285	F	NaN	NaN	NaN
	54038	17.99459512411351	0.02146344417221874	F	NaN	NaN	NaN
	54039	18.01631120763406	0.020809545634839853	F	NaN	NaN	NaN
	54040	18.034262840999386	0.02945999582304551	F	NaN	NaN	NaN
	54041	18.052282001153248	0.04343669744418783	F	NaN	NaN	NaN
	54042	18.072678920546824	0.04991627065985539	F	NaN	NaN	NaN
	54043	18.093631293833845	0.05081786580232001	F	NaN	NaN	NaN
	54044	18.115283297538156	0.049217033576335195	F	NaN	NaN	NaN
	54045	18.13793527559268	0.046536145372001445	F	NaN	NaN	NaN
	54046	18.16188203632446	0.044091866503083235	F	NaN	NaN	NaN
	54047	18.187732016809356	0.03903651557807589	F	NaN	NaN	NaN
	54048	18.215336653258362	0.03235180930114223	F	NaN	NaN	NaN
	54049	18.242651549286677	0.03169882838778017	F	NaN	NaN	NaN
	54050	18.271588641478978	0.03349424521312902	F	NaN	NaN	NaN
	54051	18.302982566712483	0.04002406052361191	F	NaN	NaN	NaN
	54052	18.33492758046479	0.04406323705709644	F	NaN	NaN	NaN
	54053	18.376308642701694	0.048127509878990546	F	NaN	NaN	NaN
	54054	18.40219259632659	0.050430489761006586	F	NaN	NaN	NaN
	54055	18.418191067672605	0.04942109300023487	F	NaN	NaN	NaN
	54056	18.428413967288765	0.047015581876567805	F	NaN	NaN	NaN
	54057	18.4357452276425	0.04497643602739372	F	NaN	NaN	NaN
	54058	18.443015119226104	0.042982010779956975	F	NaN	NaN	NaN
	54059	18.45309032209471	0.04164739799259093	F	NaN	NaN	NaN
	54060	18.467253747559823	0.040571842970548555	F	NaN	NaN	NaN
	54061	18.48190207433561	0.0411972655851682	F	NaN	NaN	NaN
	54062	18.496570688445765	0.04153668610716362	F	NaN	NaN	NaN
	54063	18.510443153043028	0.03728754168204414	F	NaN	NaN	NaN
	54064	18.52386041232598	0.032216013005881006	F	NaN	NaN	NaN
	54065	18.540510288137227	0.03152802052934994	F	NaN	NaN	NaN
	54066	18.55690252699561	0.03182001500031724	F	NaN	NaN	NaN
	54067	18.57411556079465	0.03342994092431195	F	NaN	NaN	NaN
	54068	18.59376154440332	0.035873725686422296	F	NaN	NaN	NaN
	54069	18.617684585144683	0.03787562199324282	F	NaN	NaN	NaN
	54070	18.64592570599875	0.04137100288382109	F	NaN	NaN	NaN
	54071	18.67707716171771	0.047940520455494254	F	NaN	NaN	NaN
	54072	18.709624935313766	0.05788130266598043	F	NaN	NaN	NaN
	54073	18.742057385941198	0.06932109854924381	F	NaN	NaN	NaN
	54074	18.77278413898107	0.08033019698206793	F	NaN	NaN	NaN
	54075	18.80043098649215	0.08902956957966361	F	NaN	NaN	NaN
	54076	18.82325151377309	0.09394713953292756	F	NaN	NaN	NaN
	54077	18.84104288395232	0.0935628375482101	F	NaN	NaN	NaN
	54078	18.855702534634332	0.0896358183182569	F	NaN	NaN	NaN
	54079	18.86935313949691	0.08538914592410682	F	NaN	NaN	NaN
	54080	18.88399678519489	0.08344580390602209	F	NaN	NaN	NaN
	54081	18.896689171676144	0.08089487125417005	F	NaN	NaN	NaN
	54082	18.907686469506086	0.07797773265606649	F	NaN	NaN	NaN
	54083	18.92294972481756	0.07709191468067389	F	NaN	NaN	NaN
	54084	18.935475318248358	0.0759454753192662	F	NaN	NaN	NaN
	54085	18.950063127170186	0.0748347521337007	F	NaN	NaN	NaN
	54086	18.96850133324301	0.0758215012297451	F	NaN	NaN	NaN
	54087	18.98696608503228	0.07781969297920725	F	NaN	NaN	NaN
	54088	19.005825144458314	0.08032553343873497	F	NaN	NaN	NaN
	54089	19.025584472878418	0.08342625504790498	F	NaN	NaN	NaN
	54090	19.046716292952482	0.08669217521742001	F	NaN	NaN	NaN
	54091	19.069739075648798	0.09033266597478525	F	NaN	NaN	NaN
	54092	19.09515244859139	0.09366980894714495	F	NaN	NaN	NaN
	54093	19.122349187745414	0.09666922217038264	F	NaN	NaN	NaN
	54094	19.15028096093597	0.09875249606417393	F	NaN	NaN	NaN
	54095	19.179605176228314	0.10154393416014498	F	NaN	NaN	NaN
	54096	19.20997908413422	0.10680922326809036	F	NaN	NaN	NaN
	54097	19.23952867337193	0.11212161582329447	F	NaN	NaN	NaN
	54098	19.268180704177407	0.11807002042189993	F	NaN	NaN	NaN
	54099	19.295929553323003	0.12419507976046115	F	NaN	NaN	NaN
	54100	19.322796035159815	0.13035044527953332	F	NaN	NaN	NaN
	54101	19.348788731731638	0.1364401291896803	F	NaN	NaN	NaN
	54102	19.373915478999415	0.14184744480849087	F	NaN	NaN	NaN
	54103	19.398190369085196	0.1476067155387616	F	NaN	NaN	NaN
	54104	19.42160539738253	0.15318587381987986	F	NaN	NaN	NaN
	54105	19.44417631238148	0.15858515048562968	F	NaN	NaN	NaN
	54106	19.465911000724123	0.1638152614368805	F	NaN	NaN	NaN
	54107	19.486817349052554	0.16777700614328464	F	NaN	NaN	NaN
	54108	19.506668665941348	0.1726341064548907	F	NaN	NaN	NaN
	54109	19.526030474940868	0.17745155248726557	F	NaN	NaN	NaN
	54110	19.544525280050713	0.1822087253749131	F	NaN	NaN	NaN
	54111	19.56208716654695	0.1869563407821593	F	NaN	NaN	NaN
	54112	19.579096181348117	0.1917226733600194	F	NaN	NaN	NaN
	54113	19.595149965647497	0.19657025257090824	F	NaN	NaN	NaN
	54114	19.610412138751332	0.2018446563697409	F	NaN	NaN	NaN
	54115	19.625136754473026	0.20738732974424084	F	NaN	NaN	NaN
	54116	19.638825050948007	0.2133255633156795	F	NaN	NaN	NaN
	54117	19.651855905778323	0.21887647205467153	F	NaN	NaN	NaN
	54118	19.664364517539415	0.22416121875161232	F	NaN	NaN	NaN
	54119	19.675762859176054	0.2306160560770638	F	NaN	NaN	NaN
	54120	19.686630790851723	0.23774722490103406	F	NaN	NaN	NaN
	54121	19.696912479938966	0.2456259180128233	F	NaN	NaN	NaN
	54122	19.706175713555453	0.25373610488090015	F	NaN	NaN	NaN
	54123	19.714949117195363	0.26175138310196866	F	NaN	NaN	NaN
	54124	19.723054150923353	0.2695827869015951	F	NaN	NaN	NaN
	54125	19.730275937310033	0.2792563967779731	F	NaN	NaN	NaN
	54126	19.737023208033058	0.28985894440711946	F	NaN	NaN	NaN
	54127	19.743027119387857	0.3018602216576657	F	NaN	NaN	NaN
	54128	19.748275853663603	0.3142170954359837	F	NaN	NaN	NaN
	54129	19.753065386588624	0.3265335376384848	F	NaN	NaN	NaN
	54130	19.757043708556296	0.3381483623343421	F	NaN	NaN	NaN
	54131	19.760387785839992	0.3518216609492209	F	NaN	NaN	NaN
	54132	19.763287976085877	0.36683969206672984	F	NaN	NaN	NaN
	54133	19.765316241652485	0.38379459954540296	F	NaN	NaN	NaN
	54134	19.766824057063005	0.40055951867225426	F	NaN	NaN	NaN
	54135	19.76790329974864	0.4171724001254864	F	NaN	NaN	NaN
	54136	19.768057041900246	0.43520748837893974	F	NaN	NaN	NaN
	54137	19.767796990556466	0.45380422518427843	F	NaN	NaN	NaN
	54138	19.76704179587034	0.4730730279942996	F	NaN	NaN	NaN

# FILTER z
#        MJD  MAG  MAGERR  Upperlimit  Instrument  Telescope  Source
	53976	20.467370438205528	0.3690918406584697	F	NaN	NaN	NaN
	53977	20.286519326397215	0.3431007714614287	F	NaN	NaN	NaN
	53978	20.110372015879474	0.31874493632267875	F	NaN	NaN	NaN
	53979	19.93902995709645	0.2968021556208772	F	NaN	NaN	NaN
	53980	19.772594600492333	0.27452619618347535	F	NaN	NaN	NaN
	53981	19.611167396511284	0.2539096893487609	F	NaN	NaN	NaN
	53982	19.45484979559747	0.23425717199347784	F	NaN	NaN	NaN
	53983	19.303743248195087	0.21451614583544903	F	NaN	NaN	NaN
	53984	19.15811831601784	0.19609963810072267	F	NaN	NaN	NaN
	53985	19.017997491164206	0.17821673292047618	F	NaN	NaN	NaN
	53986	18.88340108383631	0.16137268758042184	F	NaN	NaN	NaN
	53987	18.754430544478332	0.1454322735649224	F	NaN	NaN	NaN
	53988	18.631187323534423	0.13063105984013013	F	NaN	NaN	NaN
	53989	18.513772871448783	0.11703057384270776	F	NaN	NaN	NaN
	53990	18.40228863866556	0.10442502124881257	F	NaN	NaN	NaN
	53991	18.296836075628928	0.09295386145438111	F	NaN	NaN	NaN
	53992	18.19751663278307	0.08373760370162908	F	NaN	NaN	NaN
	53993	18.104431760572123	0.0752738006832953	F	NaN	NaN	NaN
	53994	18.017682909440282	0.0676596450943818	F	NaN	NaN	NaN
	53995	17.93605421656687	0.06079746132874875	F	NaN	NaN	NaN
	53996	17.859413414858015	0.05452550287212491	F	NaN	NaN	NaN
	53997	17.78907656719196	0.04892696704989634	F	NaN	NaN	NaN
	53998	17.724319650375133	0.04403700173132837	F	NaN	NaN	NaN
	53999	17.664817386364717	0.03997109379557996	F	NaN	NaN	NaN
	54000	17.610360393160462	0.036384278958908965	F	NaN	NaN	NaN
	54001	17.56090370667881	0.033363861349465715	F	NaN	NaN	NaN
	54002	17.516101507136906	0.03109635623553267	F	NaN	NaN	NaN
	54003	17.475699187942364	0.028993082705445372	F	NaN	NaN	NaN
	54004	17.43948736709496	0.027326776017147433	F	NaN	NaN	NaN
	54005	17.407293865347192	0.026224916399291368	F	NaN	NaN	NaN
	54006	17.378926709617218	0.02544424655582051	F	NaN	NaN	NaN
	54007	17.3541607789688	0.02503759360113368	F	NaN	NaN	NaN
	54008	17.332759977179393	0.024811781737630323	F	NaN	NaN	NaN
	54009	17.315080081529107	0.024377770448328784	F	NaN	NaN	NaN
	54010	17.30164135953319	0.024403773958212714	F	NaN	NaN	NaN
	54011	17.294075936933318	0.024371092602501795	F	NaN	NaN	NaN
	54012	17.2902266893381	0.0250258976939177	F	NaN	NaN	NaN
	54013	17.28998791332295	0.025450489364204427	F	NaN	NaN	NaN
	54014	17.29923554774346	0.026351925607464882	F	NaN	NaN	NaN
	54015	17.316912115832576	0.028111323138358867	F	NaN	NaN	NaN
	54016	17.340195907099407	0.03163803057005155	F	NaN	NaN	NaN
	54017	17.36688492312685	0.03693642137822695	F	NaN	NaN	NaN
	54018	17.394408920997627	0.042266224670021106	F	NaN	NaN	NaN
	54019	17.42030854655217	0.046562012939782946	F	NaN	NaN	NaN
	54020	17.4422768007845	0.04909169245221351	F	NaN	NaN	NaN
	54021	17.45981642749829	0.04923567862666461	F	NaN	NaN	NaN
	54022	17.47880742892988	0.04755950450486206	F	NaN	NaN	NaN
	54023	17.49936105747741	0.045301683188607444	F	NaN	NaN	NaN
	54024	17.520869477980973	0.04312247503845665	F	NaN	NaN	NaN
	54025	17.54273332483875	0.041548189785102	F	NaN	NaN	NaN
	54026	17.56435377473833	0.04076066085922726	F	NaN	NaN	NaN
	54027	17.585130650522014	0.040448277120022635	F	NaN	NaN	NaN
	54028	17.604463644632116	0.039923084677227876	F	NaN	NaN	NaN
	54029	17.62245273927949	0.03833538067150671	F	NaN	NaN	NaN
	54030	17.640890283712274	0.03713753488144306	F	NaN	NaN	NaN
	54031	17.658117563950057	0.036275092640259285	F	NaN	NaN	NaN
	54032	17.674898267438817	0.03535715435253044	F	NaN	NaN	NaN
	54033	17.691369869963005	0.03517675376900454	F	NaN	NaN	NaN
	54034	17.707495606315764	0.035455091094210994	F	NaN	NaN	NaN
	54035	17.723238711290247	0.03665660501504775	F	NaN	NaN	NaN
	54036	17.738564795335943	0.03810316670076157	F	NaN	NaN	NaN
	54037	17.753431889439923	0.039431671575712646	F	NaN	NaN	NaN
	54038	17.767656569503824	0.0402342266429792	F	NaN	NaN	NaN
	54039	17.78101956283356	0.04186608214415541	F	NaN	NaN	NaN
	54040	17.794104335515364	0.043574674309353384	F	NaN	NaN	NaN
	54041	17.807216097317934	0.04407452640164012	F	NaN	NaN	NaN
	54042	17.81964072504217	0.044129272027915924	F	NaN	NaN	NaN
	54043	17.831470261836962	0.044898848452042034	F	NaN	NaN	NaN
	54044	17.84289175409896	0.04596890963573454	F	NaN	NaN	NaN
	54045	17.854092248224795	0.04863975692006904	F	NaN	NaN	NaN
	54046	17.86525879061111	0.05293640337802427	F	NaN	NaN	NaN
	54047	17.876583073578118	0.05772468234675773	F	NaN	NaN	NaN
	54048	17.888250105003156	0.06184624614284556	F	NaN	NaN	NaN
	54049	17.90045354796333	0.06382828839909015	F	NaN	NaN	NaN
	54050	17.91338812354676	0.06340107066599278	F	NaN	NaN	NaN
	54051	17.927021899851866	0.06166750709372533	F	NaN	NaN	NaN
	54052	17.941090905414672	0.05949692620418233	F	NaN	NaN	NaN
	54053	17.95531395973264	0.05720620037875347	F	NaN	NaN	NaN
	54054	17.969409882303232	0.054696478986774696	F	NaN	NaN	NaN
	54055	17.983097492623926	0.052465464143293575	F	NaN	NaN	NaN
	54056	17.996094690374576	0.05044156049012655	F	NaN	NaN	NaN
	54057	18.00833857791225	0.04805248862679732	F	NaN	NaN	NaN
	54058	18.020456505426232	0.04594773821062566	F	NaN	NaN	NaN
	54059	18.032488550139394	0.04406207076152884	F	NaN	NaN	NaN
	54060	18.044414457244454	0.04215336612215327	F	NaN	NaN	NaN
	54061	18.056212815416878	0.04209684469705538	F	NaN	NaN	NaN
	54062	18.067912953116313	0.04390851613964386	F	NaN	NaN	NaN
	54063	18.07944982641403	0.0474654203069421	F	NaN	NaN	NaN
	54064	18.090777974707194	0.05243867604535758	F	NaN	NaN	NaN
	54065	18.101924372168245	0.06002455107085088	F	NaN	NaN	NaN
	54066	18.112907193229017	0.06956676542096815	F	NaN	NaN	NaN
	54067	18.123743206398295	0.08113087310038804	F	NaN	NaN	NaN
	54068	18.134449650493455	0.09452984274188428	F	NaN	NaN	NaN

# FILTER g
#        MJD  MAG  MAGERR  Upperlimit  Instrument  Telescope  Source
	53976	22.404808147702763	1.4674152442265778	F	NaN	NaN	NaN
	53977	22.06547244965596	1.347385390187469	F	NaN	NaN	NaN
	53978	21.737632485586804	1.2287081041555072	F	NaN	NaN	NaN
	53979	21.421524334860162	1.112011896738151	F	NaN	NaN	NaN
	53980	21.11738407684084	0.9989487463500755	F	NaN	NaN	NaN
	53981	20.825447790893644	0.8885429886753604	F	NaN	NaN	NaN
	53982	20.54595155638344	0.7819526360566567	F	NaN	NaN	NaN
	53983	20.279131452674964	0.6799697208867928	F	NaN	NaN	NaN
	53984	20.025621722943686	0.5833784211335069	F	NaN	NaN	NaN
	53985	19.785490788887433	0.49273835559082846	F	NaN	NaN	NaN
	53986	19.55876519660951	0.4084405983639222	F	NaN	NaN	NaN
	53987	19.345681025474697	0.331535451838396	F	NaN	NaN	NaN
	53988	19.146474354847804	0.26250530220036045	F	NaN	NaN	NaN
	53989	18.961381264093667	0.20184193371549008	F	NaN	NaN	NaN
	53990	18.79063783257704	0.15025945247194872	F	NaN	NaN	NaN
	53991	18.634480139662823	0.10863337002495313	F	NaN	NaN	NaN
	53992	18.49314426471582	0.07738329955602688	F	NaN	NaN	NaN
	53993	18.36686628710078	0.05587231199965845	F	NaN	NaN	NaN
	53994	18.255882286182597	0.04245601741631239	F	NaN	NaN	NaN
	53995	18.15817979055107	0.03433967592007336	F	NaN	NaN	NaN
	53996	18.07473597534049	0.030949094373111514	F	NaN	NaN	NaN
	53997	18.003340492580776	0.03209585058969713	F	NaN	NaN	NaN
	53998	17.943392023096777	0.035314594010748795	F	NaN	NaN	NaN
	53999	17.89466813423277	0.04052279255827213	F	NaN	NaN	NaN
	54000	17.856841323554644	0.04567682468200563	F	NaN	NaN	NaN
	54001	17.829584088628284	0.050214493114596304	F	NaN	NaN	NaN
	54002	17.81256892701959	0.053525247322349034	F	NaN	NaN	NaN
	54003	17.80551097421314	0.054390958323130414	F	NaN	NaN	NaN
	54004	17.808438599700132	0.05329898130924852	F	NaN	NaN	NaN
	54005	17.82220484191842	0.050219448140137096	F	NaN	NaN	NaN
	54006	17.846266219179153	0.04544738352368807	F	NaN	NaN	NaN
	54007	17.879966771791292	0.038761609000702656	F	NaN	NaN	NaN
	54008	17.922632630322436	0.03046138194691154	F	NaN	NaN	NaN
	54009	17.97532652282601	0.02684426034663385	F	NaN	NaN	NaN
	54010	18.03579766557255	0.037241840191983885	F	NaN	NaN	NaN
	54011	18.092263723475355	0.03806796814783718	F	NaN	NaN	NaN
	54012	18.154039189597565	0.03660048539183007	F	NaN	NaN	NaN
	54013	18.22164261140882	0.03500627296232586	F	NaN	NaN	NaN
	54014	18.294100960522023	0.03330590265590032	F	NaN	NaN	NaN
	54015	18.37021041524988	0.03190989908222169	F	NaN	NaN	NaN
	54016	18.449022834918075	0.03111150124170843	F	NaN	NaN	NaN
	54017	18.52975424067515	0.031137275719818027	F	NaN	NaN	NaN
	54018	18.611186995137352	0.03194824919428882	F	NaN	NaN	NaN
	54019	18.69244769658259	0.033440060697256704	F	NaN	NaN	NaN
	54020	18.77238241944278	0.03467490816214811	F	NaN	NaN	NaN
	54021	18.850141295143796	0.035627944798299276	F	NaN	NaN	NaN
	54022	18.924782716732317	0.03603743894067704	F	NaN	NaN	NaN
	54023	18.99491243528598	0.03580269278673083	F	NaN	NaN	NaN
	54024	19.06000025373029	0.03424272970150575	F	NaN	NaN	NaN
	54025	19.119943768428048	0.03213932738108814	F	NaN	NaN	NaN
	54026	19.177752283109655	0.029423230580721757	F	NaN	NaN	NaN
	54027	19.2332850959553	0.027981552812906867	F	NaN	NaN	NaN
	54028	19.285555368794192	0.02861946123740243	F	NaN	NaN	NaN
	54029	19.335292095754767	0.03168330258151852	F	NaN	NaN	NaN
	54030	19.381293603560806	0.03460502303210624	F	NaN	NaN	NaN
	54031	19.423887844748364	0.03646168040353171	F	NaN	NaN	NaN
	54032	19.463276494314076	0.037983184376252366	F	NaN	NaN	NaN
	54033	19.49926850740447	0.0393612371922279	F	NaN	NaN	NaN
	54034	19.531695874609493	0.03964728543806996	F	NaN	NaN	NaN
	54035	19.560390586519084	0.03890456568875599	F	NaN	NaN	NaN
	54036	19.584655426024195	0.03708288045261754	F	NaN	NaN	NaN
	54037	19.603627877211146	0.03699919765086158	F	NaN	NaN	NaN
	54038	19.62147027109992	0.03907590127198574	F	NaN	NaN	NaN
	54039	19.640174726107304	0.039578240688046815	F	NaN	NaN	NaN
	54040	19.656018681942708	0.03992037806101811	F	NaN	NaN	NaN
	54041	19.66925527780277	0.040485547961797465	F	NaN	NaN	NaN
	54042	19.68040511765181	0.042892447391359376	F	NaN	NaN	NaN
	54043	19.68995687660275	0.047350423883318934	F	NaN	NaN	NaN
	54044	19.698399162036132	0.052949719513711316	F	NaN	NaN	NaN
	54045	19.70622058133251	0.05946123886761362	F	NaN	NaN	NaN
	54046	19.713909741872417	0.06511110133950157	F	NaN	NaN	NaN
	54047	19.721967128045417	0.06844206961951652	F	NaN	NaN	NaN
	54048	19.73079515380722	0.07016054259940524	F	NaN	NaN	NaN
	54049	19.739623877949338	0.07466107901189366	F	NaN	NaN	NaN
	54050	19.74691614246466	0.07500672075651499	F	NaN	NaN	NaN
	54051	19.752587507502554	0.07316734279981073	F	NaN	NaN	NaN
	54052	19.756986923104186	0.07037246750139028	F	NaN	NaN	NaN
	54053	19.760453584630344	0.06644994268205671	F	NaN	NaN	NaN
	54054	19.76332668744182	0.06260996953392062	F	NaN	NaN	NaN
	54055	19.765945426899375	0.058714501759760174	F	NaN	NaN	NaN
	54056	19.76864941158003	0.05534362634563026	F	NaN	NaN	NaN
	54057	19.77178626465159	0.05195386467891121	F	NaN	NaN	NaN
	54058	19.77569141356756	0.04853231110277967	F	NaN	NaN	NaN
	54059	19.780714833092233	0.045363326767737834	F	NaN	NaN	NaN
	54060	19.78667937055439	0.04423034051242626	F	NaN	NaN	NaN
	54061	19.79241149892001	0.045255384848017305	F	NaN	NaN	NaN
	54062	19.79851623857103	0.048055673035796775	F	NaN	NaN	NaN
	54063	19.80541321591803	0.05107314385854452	F	NaN	NaN	NaN
	54064	19.81234398757598	0.053821247786631825	F	NaN	NaN	NaN
	54065	19.819240556202224	0.05658315115299556	F	NaN	NaN	NaN
	54066	19.826127672969562	0.05925013937955366	F	NaN	NaN	NaN
	54067	19.833019615907187	0.061412047069862544	F	NaN	NaN	NaN
	54068	19.839934766360226	0.06325989155055796	F	NaN	NaN	NaN
	54069	19.846891505673813	0.06483370994487739	F	NaN	NaN	NaN
	54070	19.85390821519307	0.06590025931807644	F	NaN	NaN	NaN
	54071	19.861003276263126	0.06644164881343428	F	NaN	NaN	NaN
	54072	19.868195070229113	0.06654931480486323	F	NaN	NaN	NaN
	54073	19.87550197843615	0.06673500293678108	F	NaN	NaN	NaN
	54074	19.88294238222937	0.0667896647620011	F	NaN	NaN	NaN
	54075	19.890534662953893	0.066406231025751	F	NaN	NaN	NaN
	54076	19.89829720195485	0.0659278466520843	F	NaN	NaN	NaN
	54077	19.906248380577374	0.06500335688521092	F	NaN	NaN	NaN
	54078	19.914406580166585	0.0640644546976005	F	NaN	NaN	NaN
	54079	19.922790182067615	0.06304909705306455	F	NaN	NaN	NaN
	54080	19.93141756762559	0.06201706633055666	F	NaN	NaN	NaN
	54081	19.940308703402472	0.061295902289221674	F	NaN	NaN	NaN
	54082	19.949491812636214	0.06037192575433908	F	NaN	NaN	NaN
	54083	19.958975498014606	0.05963617801046973	F	NaN	NaN	NaN
	54084	19.968778140882783	0.05948841542248125	F	NaN	NaN	NaN
	54085	19.978918122585874	0.05949137862887731	F	NaN	NaN	NaN
	54086	19.98933152779394	0.05996677939875003	F	NaN	NaN	NaN
	54087	19.999982555219923	0.06119355508161818	F	NaN	NaN	NaN
	54088	20.010850858445792	0.06308753534355058	F	NaN	NaN	NaN
	54089	20.02194138340033	0.06632478646032303	F	NaN	NaN	NaN
	54090	20.033261930927697	0.0706340878039432	F	NaN	NaN	NaN
	54091	20.044813916532913	0.07522962905870467	F	NaN	NaN	NaN
	54092	20.05660200904238	0.08087378812082356	F	NaN	NaN	NaN

# FILTER B
#        MJD  MAG  MAGERR  Upperlimit  Instrument  Telescope  Source
	54004	18.11487987266076	0.13817862885924798	F	NaN	NaN	NaN
	54005	18.162560048226503	0.13493669104320033	F	NaN	NaN	NaN
	54006	18.213291104581018	0.13124852031947434	F	NaN	NaN	NaN
	54007	18.26667925332316	0.12571936691283414	F	NaN	NaN	NaN
	54008	18.323364864342626	0.11976554802350275	F	NaN	NaN	NaN
	54009	18.38362893918308	0.11257951337154905	F	NaN	NaN	NaN
	54010	18.44609099046793	0.10246225591757543	F	NaN	NaN	NaN
	54011	18.513396582115597	0.09280775589750434	F	NaN	NaN	NaN
	54012	18.581453837140927	0.07839341564300044	F	NaN	NaN	NaN
	54013	18.661097632574915	0.07514306937967015	F	NaN	NaN	NaN
	54014	18.757845742123298	0.09223335138853445	F	NaN	NaN	NaN
	54015	18.86412697827968	0.12270300098719403	F	NaN	NaN	NaN
	54016	18.973771815902996	0.1594862520993139	F	NaN	NaN	NaN
	54017	19.0807246100293	0.19362875722114029	F	NaN	NaN	NaN
	54018	19.178901392017522	0.21644580497156435	F	NaN	NaN	NaN
	54019	19.267341580811927	0.21879658119867224	F	NaN	NaN	NaN
	54020	19.359560481351984	0.19531425624231805	F	NaN	NaN	NaN
	54021	19.44442865511983	0.17646132076519724	F	NaN	NaN	NaN
	54022	19.51119452618903	0.1735327474940929	F	NaN	NaN	NaN
	54023	19.566964378473436	0.16975944801453455	F	NaN	NaN	NaN
	54024	19.61741729389944	0.16782023812059937	F	NaN	NaN	NaN
	54025	19.66743222523371	0.16679130593826158	F	NaN	NaN	NaN
	54026	19.718376205052934	0.16274483908008008	F	NaN	NaN	NaN
	54027	19.76353629837497	0.15429039179386528	F	NaN	NaN	NaN
	54028	19.8040845783225	0.14402890341554664	F	NaN	NaN	NaN
	54029	19.841898699872086	0.13364894023654672	F	NaN	NaN	NaN
	54030	19.87885555812019	0.1251788800379241	F	NaN	NaN	NaN
	54031	19.91577641742235	0.11965040719393105	F	NaN	NaN	NaN
	54032	19.95020809189025	0.11430024546592293	F	NaN	NaN	NaN
	54033	19.981875430859073	0.10907866040652375	F	NaN	NaN	NaN
	54034	20.01100649090537	0.10442138350501588	F	NaN	NaN	NaN
	54035	20.03772045117935	0.09987362773636772	F	NaN	NaN	NaN
	54036	20.062178134074887	0.0963713465845068	F	NaN	NaN	NaN
	54037	20.08455816303289	0.09328222954580587	F	NaN	NaN	NaN
	54038	20.104969706048514	0.09032272399591344	F	NaN	NaN	NaN
	54039	20.1236403004726	0.08824897813312269	F	NaN	NaN	NaN
	54040	20.140656209916145	0.0884395088711446	F	NaN	NaN	NaN
	54041	20.1561944316409	0.08999307171182123	F	NaN	NaN	NaN
	54042	20.170417675833736	0.09326037734023553	F	NaN	NaN	NaN
	54043	20.183562051325836	0.09767702876575159	F	NaN	NaN	NaN
	54044	20.19588539517373	0.10194246470567458	F	NaN	NaN	NaN
	54045	20.20741360089199	0.10768857290106366	F	NaN	NaN	NaN
	54046	20.218172789423992	0.11430694593491314	F	NaN	NaN	NaN
	54047	20.228192590603555	0.12076017588827791	F	NaN	NaN	NaN
	54048	20.237513968081018	0.12963099159074537	F	NaN	NaN	NaN
	54049	20.246168714456946	0.13824538995311536	F	NaN	NaN	NaN
	54050	20.254362747334593	0.14805410038782602	F	NaN	NaN	NaN
	54051	20.262525296300236	0.15754604351033402	F	NaN	NaN	NaN
	54052	20.270561664652888	0.16651234287849673	F	NaN	NaN	NaN
	54053	20.278560086227827	0.17500736326795663	F	NaN	NaN	NaN
	54054	20.286417460345962	0.18175064858562956	F	NaN	NaN	NaN
	54055	20.29417967743384	0.1880980545905121	F	NaN	NaN	NaN
	54056	20.301806647120355	0.19388279435663558	F	NaN	NaN	NaN
	54057	20.30926058262483	0.19839250847899176	F	NaN	NaN	NaN
	54058	20.31660573768261	0.2021006592487563	F	NaN	NaN	NaN
	54059	20.323679314507334	0.20420238202702212	F	NaN	NaN	NaN
	54060	20.33068509057891	0.20592588544162016	F	NaN	NaN	NaN
	54061	20.337312385787904	0.2068148298591419	F	NaN	NaN	NaN
	54062	20.343845059184144	0.207299211670996	F	NaN	NaN	NaN
	54063	20.35003630917307	0.20632381228357127	F	NaN	NaN	NaN
	54064	20.356023802797626	0.20479896874540754	F	NaN	NaN	NaN
	54065	20.361727597369384	0.20250910966721292	F	NaN	NaN	NaN
	54066	20.367097834125907	0.19908245927366156	F	NaN	NaN	NaN
	54067	20.372262763083388	0.19495610372477387	F	NaN	NaN	NaN
	54068	20.376943665875526	0.19109395080011668	F	NaN	NaN	NaN
	54069	20.381504843615435	0.18726579671018395	F	NaN	NaN	NaN
	54070	20.385437810753032	0.1823189317084461	F	NaN	NaN	NaN
	54071	20.38921691053298	0.17724756244357864	F	NaN	NaN	NaN
	54072	20.392456781464965	0.17173986742774736	F	NaN	NaN	NaN
	54073	20.395381726188596	0.1655089722972778	F	NaN	NaN	NaN
	54074	20.397877090717863	0.15829158433904938	F	NaN	NaN	NaN
	54075	20.39987580328883	0.15111074499491622	F	NaN	NaN	NaN
	54076	20.401575251218265	0.14395192853363503	F	NaN	NaN	NaN
	54077	20.40257565454023	0.13712137506396307	F	NaN	NaN	NaN
	54078	20.403404408510887	0.13038422122237553	F	NaN	NaN	NaN
	54079	20.403357792649338	0.12453745638907582	F	NaN	NaN	NaN
	54080	20.403095493375396	0.11903945629524246	F	NaN	NaN	NaN
	54081	20.402098730322695	0.11472910000585432	F	NaN	NaN	NaN
	54082	20.400673300707815	0.11122694738525693	F	NaN	NaN	NaN
	54083	20.398674980266843	0.10880491742481968	F	NaN	NaN	NaN
	54084	20.39601434321467	0.10748258012468312	F	NaN	NaN	NaN
	54085	20.392963055188325	0.10680886917903006	F	NaN	NaN	NaN
	54086	20.389238603261525	0.10904877425204504	F	NaN	NaN	NaN
	54087	20.384814157699008	0.11214480728586798	F	NaN	NaN	NaN
	54088	20.379748220526587	0.11511114537115542	F	NaN	NaN	NaN
	54089	20.374024185342577	0.12024232905415597	F	NaN	NaN	NaN
	54090	20.367616931521585	0.12625802731233834	F	NaN	NaN	NaN
	54091	20.360520309381933	0.1328378462464571	F	NaN	NaN	NaN
	54092	20.35271853558406	0.14073342537896188	F	NaN	NaN	NaN

# FILTER V
#        MJD  MAG  MAGERR  Upperlimit  Instrument  Telescope  Source
	54004	17.536885883791303	0.07246331516881976	F	NaN	NaN	NaN
	54005	17.544656391328598	0.06457290282183703	F	NaN	NaN	NaN
	54006	17.556146213779737	0.05799456078125768	F	NaN	NaN	NaN
	54007	17.571596962486836	0.051852844213840385	F	NaN	NaN	NaN
	54008	17.591136183725126	0.046427987090076936	F	NaN	NaN	NaN
	54009	17.614456927953402	0.0420826638287376	F	NaN	NaN	NaN
	54010	17.641735829033856	0.03831208807202288	F	NaN	NaN	NaN
	54011	17.672490528042488	0.036410827224637246	F	NaN	NaN	NaN
	54012	17.706793504781352	0.035046974453239885	F	NaN	NaN	NaN
	54013	17.74574488895744	0.034067063559774374	F	NaN	NaN	NaN
	54014	17.78775137112156	0.03381619864844544	F	NaN	NaN	NaN
	54015	17.83320699188814	0.03470572610402707	F	NaN	NaN	NaN
	54016	17.885449210913887	0.03676460586619774	F	NaN	NaN	NaN
	54017	17.942852911693507	0.04002131173884396	F	NaN	NaN	NaN
	54018	18.003523163232618	0.04461464809619213	F	NaN	NaN	NaN
	54019	18.065555040230066	0.04898844789729828	F	NaN	NaN	NaN
	54020	18.127030701488568	0.0520940297498725	F	NaN	NaN	NaN
	54021	18.18893860626406	0.05337070505794128	F	NaN	NaN	NaN
	54022	18.257950837466623	0.05500775087328852	F	NaN	NaN	NaN
	54023	18.329844800482974	0.05756165551487531	F	NaN	NaN	NaN
	54024	18.399504348254624	0.060764358549123224	F	NaN	NaN	NaN
	54025	18.46180513401043	0.0625919337509366	F	NaN	NaN	NaN
	54026	18.515671183547582	0.062436444548147146	F	NaN	NaN	NaN
	54027	18.569230412474685	0.061414663609868386	F	NaN	NaN	NaN
	54028	18.62140322844864	0.06013114952987861	F	NaN	NaN	NaN
	54029	18.67029194829823	0.05943579947001447	F	NaN	NaN	NaN
	54030	18.714004963356366	0.05939212739485402	F	NaN	NaN	NaN
	54031	18.751566939806278	0.06071223053034436	F	NaN	NaN	NaN
	54032	18.78586439506345	0.0642492212482224	F	NaN	NaN	NaN
	54033	18.817371163601013	0.06996761790531301	F	NaN	NaN	NaN
	54034	18.84647204592748	0.07703049725268926	F	NaN	NaN	NaN
	54035	18.873449698413644	0.0856359459898072	F	NaN	NaN	NaN
	54036	18.898625017669477	0.09494710600771214	F	NaN	NaN	NaN
	54037	18.922329132547603	0.10385282219055435	F	NaN	NaN	NaN
	54038	18.944849898592853	0.11232499311744115	F	NaN	NaN	NaN
	54039	18.966538737345957	0.11873811337192339	F	NaN	NaN	NaN
	54040	18.9876768765915	0.12296556391880642	F	NaN	NaN	NaN
	54041	19.008597332614727	0.1240479680061026	F	NaN	NaN	NaN
	54042	19.0288664190106	0.12236236058336956	F	NaN	NaN	NaN
	54043	19.046854612831204	0.12006545811440461	F	NaN	NaN	NaN
	54044	19.062681287869214	0.1176533975769059	F	NaN	NaN	NaN
	54045	19.076559856845677	0.11435442715917928	F	NaN	NaN	NaN
	54046	19.088702119674682	0.11176349543805025	F	NaN	NaN	NaN
	54047	19.099312266192218	0.1086472906449928	F	NaN	NaN	NaN
	54048	19.10863024252584	0.10582693410279298	F	NaN	NaN	NaN
	54049	19.116825862778263	0.10277340922091967	F	NaN	NaN	NaN
	54050	19.124138323182855	0.10047515575520397	F	NaN	NaN	NaN
	54051	19.130778106893693	0.09902808238301358	F	NaN	NaN	NaN
	54052	19.136953528094306	0.09787192809969122	F	NaN	NaN	NaN
	54053	19.142872866867428	0.09721935453704034	F	NaN	NaN	NaN
	54054	19.14875258045575	0.0970765623213195	F	NaN	NaN	NaN
	54055	19.15480329399442	0.09720971441992221	F	NaN	NaN	NaN
	54056	19.161236201765387	0.09765903713972057	F	NaN	NaN	NaN
	54057	19.16826309947782	0.09843943635890424	F	NaN	NaN	NaN
	54058	19.17609578284089	0.09864226599843093	F	NaN	NaN	NaN
	54059	19.184946047563756	0.09953004558292497	F	NaN	NaN	NaN
	54060	19.195025689355592	0.10032997965151225	F	NaN	NaN	NaN
	54061	19.20654650392555	0.10000987054117051	F	NaN	NaN	NaN
	54062	19.219720286982813	0.0989914588839298	F	NaN	NaN	NaN
	54063	19.234758834236537	0.09679014475383348	F	NaN	NaN	NaN
	54064	19.25125582728212	0.09451682078234983	F	NaN	NaN	NaN
	54065	19.268111414190884	0.09174164722441724	F	NaN	NaN	NaN
	54066	19.28518950572131	0.08909681943550919	F	NaN	NaN	NaN
	54067	19.302474416502147	0.08737845656665258	F	NaN	NaN	NaN
	54068	19.319949563551123	0.08599691173493762	F	NaN	NaN	NaN
	54069	19.338292574597425	0.08478984292108621	F	NaN	NaN	NaN
	54070	19.358439558945943	0.08242956672787373	F	NaN	NaN	NaN
	54071	19.379804376985938	0.08115697021603913	F	NaN	NaN	NaN
	54072	19.40186058771824	0.08091759899946833	F	NaN	NaN	NaN
	54073	19.424006481918685	0.08232851907531859	F	NaN	NaN	NaN
	54074	19.445657523418333	0.08530109553985606	F	NaN	NaN	NaN
	54075	19.466265487812947	0.08880459728894637	F	NaN	NaN	NaN
	54076	19.485196964463515	0.09139116155102983	F	NaN	NaN	NaN
	54077	19.50277476694874	0.09373630673850172	F	NaN	NaN	NaN
	54078	19.52027598794758	0.09627630340137822	F	NaN	NaN	NaN
	54079	19.537492744197746	0.09883964538758605	F	NaN	NaN	NaN
	54080	19.554107729206905	0.10171502659647444	F	NaN	NaN	NaN
	54081	19.5698083188514	0.10454641257638818	F	NaN	NaN	NaN
	54082	19.58426486944281	0.10647295678479254	F	NaN	NaN	NaN
	54083	19.597797446073965	0.1085326392936459	F	NaN	NaN	NaN
	54084	19.611279345624773	0.1104901339702118	F	NaN	NaN	NaN
	54085	19.625147350518592	0.11105798994518479	F	NaN	NaN	NaN
	54086	19.638911400974397	0.11261867623618466	F	NaN	NaN	NaN
	54087	19.652510039217848	0.11400446998723737	F	NaN	NaN	NaN
	54088	19.66589792828575	0.11680992346200766	F	NaN	NaN	NaN
	54089	19.67904299937198	0.11985588573840372	F	NaN	NaN	NaN
	54090	19.69188592537664	0.1237878350433826	F	NaN	NaN	NaN
	54091	19.704402857580916	0.1255190299106542	F	NaN	NaN	NaN
	54092	19.716529375926196	0.12807710320963622	F	NaN	NaN	NaN
	54093	19.728246690377162	0.13343428365085463	F	NaN	NaN	NaN
	54094	19.739485356466947	0.13875921144403255	F	NaN	NaN	NaN
	54095	19.750494902551292	0.14637325139759683	F	NaN	NaN	NaN
	54096	19.761672079989257	0.15127705269530378	F	NaN	NaN	NaN
	54097	19.772943838029956	0.15579138831105038	F	NaN	NaN	NaN
	54098	19.78422149451205	0.15859348912442411	F	NaN	NaN	NaN
	54099	19.795411016643854	0.16088035688844454	F	NaN	NaN	NaN
	54100	19.80642079057402	0.16352746220412198	F	NaN	NaN	NaN
	54101	19.817159539746484	0.16601871976294671	F	NaN	NaN	NaN
	54102	19.827535939206832	0.16897809188086527	F	NaN	NaN	NaN
	54103	19.837561491346765	0.17312591094588087	F	NaN	NaN	NaN
	54104	19.84736557147368	0.17644207209505672	F	NaN	NaN	NaN
	54105	19.856958091143298	0.18026687390427978	F	NaN	NaN	NaN
	54106	19.86633958300689	0.18345676769508684	F	NaN	NaN	NaN
	54107	19.875510579715716	0.1872683554316093	F	NaN	NaN	NaN
	54108	19.884411058003884	0.19041689568890738	F	NaN	NaN	NaN
	54109	19.893185768566763	0.19345782115222976	F	NaN	NaN	NaN
	54110	19.90173396950998	0.19624229251769074	F	NaN	NaN	NaN
	54111	19.91003971915638	0.19948936465587802	F	NaN	NaN	NaN
	54112	19.918199857022984	0.2029515077102187	F	NaN	NaN	NaN
	54113	19.92610494436915	0.20665728309603643	F	NaN	NaN	NaN
	54114	19.93379970599557	0.21064321210748638	F	NaN	NaN	NaN
	54115	19.941349890055086	0.21478360345841577	F	NaN	NaN	NaN
	54116	19.948616964730974	0.21899505914573172	F	NaN	NaN	NaN
	54117	19.9557053572266	0.22351087866025537	F	NaN	NaN	NaN
	54118	19.96265020636823	0.2282729741187874	F	NaN	NaN	NaN
	54119	19.96928436930061	0.23367125348410656	F	NaN	NaN	NaN
	54120	19.975771011554635	0.23944077486308007	F	NaN	NaN	NaN
	54121	19.98209063146281	0.2456306150250958	F	NaN	NaN	NaN
	54122	19.988121496783222	0.25364912175854515	F	NaN	NaN	NaN
	54123	19.99401100768484	0.26178367884159	F	NaN	NaN	NaN
	54124	19.999705367239663	0.26985277906474947	F	NaN	NaN	NaN
	54125	20.00514268588396	0.2791762722818339	F	NaN	NaN	NaN
	54126	20.010439684322368	0.2887133923871433	F	NaN	NaN	NaN
	54127	20.01551388445062	0.29812625849505303	F	NaN	NaN	NaN
	54128	20.02036227530799	0.30961787102434646	F	NaN	NaN	NaN
	54129	20.02507138017237	0.3216961093615099	F	NaN	NaN	NaN
	54130	20.029530521800822	0.33302114984317827	F	NaN	NaN	NaN
	54131	20.033794603760462	0.3458011667644461	F	NaN	NaN	NaN
	54132	20.037920433940023	0.35963831683694186	F	NaN	NaN	NaN
	54133	20.041769617995445	0.37579766752907695	F	NaN	NaN	NaN
	54134	20.045454009946546	0.39168588917101754	F	NaN	NaN	NaN
	54135	20.049000128062993	0.40734661172486797	F	NaN	NaN	NaN
	54136	20.05224551173964	0.42397522437992163	F	NaN	NaN	NaN
	54137	20.055354832571396	0.4405745096148499	F	NaN	NaN	NaN
	54138	20.05829864450498	0.45713367385083103	F	NaN	NaN	NaN

# FILTER R
#        MJD  MAG  MAGERR  Upperlimit  Instrument  Telescope  Source
	54006	16.523066768891784	0.04185065624263572	F	NaN	NaN	NaN
	54007	16.542097730097815	0.03773641968566804	F	NaN	NaN	NaN
	54008	16.561228653197798	0.033739505060312786	F	NaN	NaN	NaN
	54009	16.580504081321294	0.031134501515149786	F	NaN	NaN	NaN
	54010	16.599845565896956	0.028790762804200648	F	NaN	NaN	NaN
	54011	16.619212417455916	0.027307823893461966	F	NaN	NaN	NaN
	54012	16.638568090299803	0.02641218570352062	F	NaN	NaN	NaN
	54013	16.657952152198316	0.026154671184969877	F	NaN	NaN	NaN
	54014	16.677529747105606	0.02612807161370477	F	NaN	NaN	NaN
	54015	16.697246400068213	0.02705298671987695	F	NaN	NaN	NaN
	54016	16.717032707717287	0.028633081971037262	F	NaN	NaN	NaN
	54017	16.73681998730683	0.030747217601002838	F	NaN	NaN	NaN
	54018	16.75653955609084	0.03334892556213379	F	NaN	NaN	NaN
	54019	16.77612273132332	0.03627800553000363	F	NaN	NaN	NaN
	54020	16.795504304154893	0.038911766288041515	F	NaN	NaN	NaN
	54021	16.81524644166955	0.041400531596940834	F	NaN	NaN	NaN
	54022	16.83710533952435	0.045811182413891954	F	NaN	NaN	NaN
	54023	16.85951775352773	0.050563645822960544	F	NaN	NaN	NaN
	54024	16.880593962130437	0.054265151329826206	F	NaN	NaN	NaN
	54025	16.899575325059576	0.05518350930410218	F	NaN	NaN	NaN
	54026	16.91857912105577	0.05519758582046319	F	NaN	NaN	NaN
	54027	16.93766423018445	0.05432116094817757	F	NaN	NaN	NaN
	54028	16.956695583039995	0.052842233244695516	F	NaN	NaN	NaN
	54029	16.975538110216778	0.051003478507024816	F	NaN	NaN	NaN
	54030	16.994044811368866	0.04926060656970227	F	NaN	NaN	NaN
	54031	17.012109787905157	0.04767543048242871	F	NaN	NaN	NaN
	54032	17.029581061057982	0.04636947176275841	F	NaN	NaN	NaN
	54033	17.046301845106928	0.04550305834670382	F	NaN	NaN	NaN
	54034	17.062161282400695	0.045145330514323186	F	NaN	NaN	NaN
	54035	17.077027782651403	0.045263220884189305	F	NaN	NaN	NaN
	54036	17.090769755571174	0.04573762904327072	F	NaN	NaN	NaN
	54037	17.103255610872143	0.04600410035789862	F	NaN	NaN	NaN
	54038	17.1143369480562	0.04648438751115582	F	NaN	NaN	NaN
	54039	17.123831325132	0.0465833393928726	F	NaN	NaN	NaN
	54040	17.131660370888916	0.04592593885714081	F	NaN	NaN	NaN
	54041	17.138626503166982	0.04488332918001496	F	NaN	NaN	NaN
	54042	17.144921930536164	0.044456983959202036	F	NaN	NaN	NaN
	54043	17.148999951173	0.04375064106802339	F	NaN	NaN	NaN
	54044	17.15200657034807	0.043464482476688784	F	NaN	NaN	NaN
	54045	17.15393132745791	0.04375310151009841	F	NaN	NaN	NaN
	54046	17.15464145436422	0.04447048304376493	F	NaN	NaN	NaN
	54047	17.15399909437313	0.04631102517209012	F	NaN	NaN	NaN
	54048	17.151877000681587	0.04820249521757773	F	NaN	NaN	NaN
	54049	17.148105011391852	0.0515666535214563	F	NaN	NaN	NaN
	54050	17.142663590237543	0.05597122709797475	F	NaN	NaN	NaN
	54051	17.13576334346591	0.06054617305650606	F	NaN	NaN	NaN
	54052	17.12763374200105	0.06659447409112679	F	NaN	NaN	NaN