###################### HEADER ######################
# SNNAME:	SN2007Y
###################### HEADER ######################


# FILTER U
#        MJD  MAG  MAGERR  Upperlimit  Instrument  Telescope  Source
	54152	16.97230550977794	0.15032588358118829	F	NaN	NaN	NaN
	54153	16.5667837681702	0.11009575595223955	F	NaN	NaN	NaN
	54154	16.2086640061921	0.0880651746197618	F	NaN	NaN	NaN
	54155	15.89812462380166	0.08271731681469785	F	NaN	NaN	NaN
	54156	15.635153470043644	0.08625951291248204	F	NaN	NaN	NaN
	54157	15.419924485307563	0.09190241621874187	F	NaN	NaN	NaN
	54158	15.252607888236497	0.09627051283169341	F	NaN	NaN	NaN
	54159	15.129535530527825	0.09251075856277147	F	NaN	NaN	NaN
	54160	15.052643454627601	0.08469549622603573	F	NaN	NaN	NaN
	54161	15.025846976029364	0.08411690537002911	F	NaN	NaN	NaN
	54162	15.053085252050671	0.08546722315372618	F	NaN	NaN	NaN
	54163	15.140216594141032	0.08363286410735597	F	NaN	NaN	NaN
	54164	15.283948324644072	0.08413401835307596	F	NaN	NaN	NaN
	54165	15.471239192124138	0.08973543258153509	F	NaN	NaN	NaN
	54166	15.69623949175386	0.09260763340791334	F	NaN	NaN	NaN
	54167	15.97565526253257	0.09841126370901411	F	NaN	NaN	NaN
	54168	16.284162557852955	0.11032203307324565	F	NaN	NaN	NaN
	54169	16.590246096259783	0.11901328368484798	F	NaN	NaN	NaN
	54170	16.919615898714714	0.12588994099480103	F	NaN	NaN	NaN
	54171	17.282623147766525	0.1433613944297244	F	NaN	NaN	NaN
	54172	17.580929797860833	0.1537075483827421	F	NaN	NaN	NaN
	54173	17.853966858705665	0.16645690126301252	F	NaN	NaN	NaN
	54174	18.114690968863776	0.1853431251758162	F	NaN	NaN	NaN
	54175	18.34527662574543	0.20663051255052253	F	NaN	NaN	NaN
	54176	18.53113649116704	0.21504578043222744	F	NaN	NaN	NaN
	54177	18.687471622919656	0.21617285843590428	F	NaN	NaN	NaN
	54178	18.81873255833836	0.2152167891895344	F	NaN	NaN	NaN
	54179	18.92402643094236	0.2153882793790345	F	NaN	NaN	NaN
	54180	19.002464007821768	0.21664759662523303	F	NaN	NaN	NaN
	54181	19.05302110570906	0.21629865889612793	F	NaN	NaN	NaN
	54182	19.0753472469855	0.22599400036760103	F	NaN	NaN	NaN
	54183	19.070699975611667	0.2496481500981093	F	NaN	NaN	NaN
	54184	19.039315119768972	0.2930384129866084	F	NaN	NaN	NaN
	54185	18.9813143727144	0.35448159141336266	F	NaN	NaN	NaN

# FILTER B
#        MJD  MAG  MAGERR  Upperlimit  Instrument  Telescope  Source
	54152	16.97711298860423	0.0646330888993863	F	NaN	NaN	NaN
	54153	16.707755840983527	0.031522971659853065	F	NaN	NaN	NaN
	54154	16.4708718432546	0.020098740543649216	F	NaN	NaN	NaN
	54155	16.266616293049335	0.026191746275629885	F	NaN	NaN	NaN
	54156	16.09428595693302	0.02860434092204768	F	NaN	NaN	NaN
	54157	15.953871013825086	0.027939642118290267	F	NaN	NaN	NaN
	54158	15.841686192581882	0.026885934413377062	F	NaN	NaN	NaN
	54159	15.761254672392974	0.020767359803903606	F	NaN	NaN	NaN
	54160	15.703076097975433	0.01794998865620329	F	NaN	NaN	NaN
	54161	15.665350128567699	0.018906368108483118	F	NaN	NaN	NaN
	54162	15.641289519951128	0.018779207975077237	F	NaN	NaN	NaN
	54163	15.635479057833404	0.020676913198553463	F	NaN	NaN	NaN
	54164	15.647474635967406	0.01851524090484672	F	NaN	NaN	NaN
	54165	15.684474423650945	0.020784165858021147	F	NaN	NaN	NaN
	54166	15.754045281769413	0.025562461836931602	F	NaN	NaN	NaN
	54167	15.856362401126988	0.025335354492750782	F	NaN	NaN	NaN
	54168	15.988145305903785	0.02976878955656067	F	NaN	NaN	NaN
	54169	16.13763652093546	0.030990794790007714	F	NaN	NaN	NaN
	54170	16.302781390602604	0.021957939053583505	F	NaN	NaN	NaN
	54171	16.4661787275166	0.021059062784206196	F	NaN	NaN	NaN
	54172	16.62756636886711	0.021921598231247723	F	NaN	NaN	NaN
	54173	16.783763335146894	0.02792426366799923	F	NaN	NaN	NaN
	54174	16.920297983086744	0.03181895492920168	F	NaN	NaN	NaN
	54175	17.04578634201428	0.03606218736090956	F	NaN	NaN	NaN
	54176	17.159443508977674	0.0350880139466462	F	NaN	NaN	NaN
	54177	17.26129558335125	0.03299459279528351	F	NaN	NaN	NaN
	54178	17.35307593084469	0.0362184986728612	F	NaN	NaN	NaN
	54179	17.43675533662754	0.04090571999861421	F	NaN	NaN	NaN
	54180	17.51270253569801	0.041040169329951685	F	NaN	NaN	NaN
	54181	17.57818820831551	0.039172934306881464	F	NaN	NaN	NaN
	54182	17.63744921787656	0.03783256867044668	F	NaN	NaN	NaN
	54183	17.686297122343476	0.0360947429481967	F	NaN	NaN	NaN
	54184	17.72780875429165	0.03867124735060282	F	NaN	NaN	NaN
	54185	17.765962957018854	0.04094031730713683	F	NaN	NaN	NaN
	54186	17.800226865597573	0.04101560508872373	F	NaN	NaN	NaN
	54187	17.828665387273034	0.040210916005861165	F	NaN	NaN	NaN
	54188	17.85333668184152	0.03958114701785854	F	NaN	NaN	NaN
	54189	17.87627764730887	0.038817476917232335	F	NaN	NaN	NaN
	54190	17.899525181680936	0.037896847801029324	F	NaN	NaN	NaN
	54191	17.92198628034264	0.03573194195756975	F	NaN	NaN	NaN
	54192	17.941344497187885	0.033901298857996864	F	NaN	NaN	NaN
	54193	17.957839812605837	0.03224124876243476	F	NaN	NaN	NaN
	54194	17.971712790468025	0.031679620658234056	F	NaN	NaN	NaN
	54195	17.98319942203325	0.03320581084557103	F	NaN	NaN	NaN
	54196	17.99254563695817	0.03722593031523047	F	NaN	NaN	NaN

# FILTER V
#        MJD  MAG  MAGERR  Upperlimit  Instrument  Telescope  Source
	54146	17.199848696555318	0.23788802367238315	F	NaN	NaN	NaN
	54147	17.11769492435642	0.1860888483382505	F	NaN	NaN	NaN
	54148	17.037978614114753	0.14222031514743533	F	NaN	NaN	NaN
	54149	16.95147317218449	0.10776444335402235	F	NaN	NaN	NaN
	54150	16.848952004919763	0.0835907501776324	F	NaN	NaN	NaN
	54151	16.721188518674765	0.064916789301967	F	NaN	NaN	NaN
	54152	16.558893736324833	0.04231502316085973	F	NaN	NaN	NaN
	54153	16.392707538701366	0.02311554614571607	F	NaN	NaN	NaN
	54154	16.215144774643544	0.015158477111957214	F	NaN	NaN	NaN
	54155	16.05643370715687	0.019381471389573548	F	NaN	NaN	NaN
	54156	15.916186950359538	0.020920746988716675	F	NaN	NaN	NaN
	54157	15.794309329142909	0.017995338256201466	F	NaN	NaN	NaN
	54158	15.689417745587468	0.01694645969644712	F	NaN	NaN	NaN
	54159	15.603053699457172	0.012236844249520124	F	NaN	NaN	NaN
	54160	15.532325570796555	0.01156877705894936	F	NaN	NaN	NaN
	54161	15.471956444515241	0.01154804110865843	F	NaN	NaN	NaN
	54162	15.422593597207166	0.013977671300800652	F	NaN	NaN	NaN
	54163	15.381444229828155	0.01567951493220375	F	NaN	NaN	NaN
	54164	15.354451938988237	0.0158474803222316	F	NaN	NaN	NaN
	54165	15.342745647385595	0.014528412698329999	F	NaN	NaN	NaN
	54166	15.357274380940108	0.016066047632435326	F	NaN	NaN	NaN
	54167	15.398480855176865	0.019235044960743942	F	NaN	NaN	NaN
	54168	15.45868113435994	0.023281224428714973	F	NaN	NaN	NaN
	54169	15.535546293928997	0.021355929044015454	F	NaN	NaN	NaN
	54170	15.633175007610863	0.016010031422428513	F	NaN	NaN	NaN
	54171	15.72821447953088	0.015755865476998247	F	NaN	NaN	NaN
	54172	15.832822282411891	0.015382598460523703	F	NaN	NaN	NaN
	54173	15.951786563094467	0.018560044611145153	F	NaN	NaN	NaN
	54174	16.045575970217662	0.02054499433454834	F	NaN	NaN	NaN
	54175	16.133433914831794	0.02210022848656843	F	NaN	NaN	NaN
	54176	16.212592303654304	0.021180892843570137	F	NaN	NaN	NaN
	54177	16.283231242518706	0.018971685270124418	F	NaN	NaN	NaN
	54178	16.347456899480797	0.019717093036634832	F	NaN	NaN	NaN
	54179	16.40735980427143	0.022118070435643993	F	NaN	NaN	NaN
	54180	16.46409086751537	0.02167416312996247	F	NaN	NaN	NaN
	54181	16.51562657473617	0.01974339528338557	F	NaN	NaN	NaN
	54182	16.562294298309187	0.01890158489168381	F	NaN	NaN	NaN
	54183	16.60166795216869	0.017852349664127003	F	NaN	NaN	NaN
	54184	16.636812213756688	0.01771917331481505	F	NaN	NaN	NaN
	54185	16.671310612981888	0.018166469118014734	F	NaN	NaN	NaN
	54186	16.703279402267132	0.017782943259690213	F	NaN	NaN	NaN
	54187	16.729870769491292	0.01687248823267535	F	NaN	NaN	NaN
	54188	16.753453824046282	0.016303620708849845	F	NaN	NaN	NaN
	54189	16.77638322058178	0.016461627585602875	F	NaN	NaN	NaN
	54190	16.801013613747465	0.016897298108389427	F	NaN	NaN	NaN
	54191	16.826838829357513	0.017361900956557992	F	NaN	NaN	NaN
	54192	16.85175092235169	0.0175683830519866	F	NaN	NaN	NaN
	54193	16.875771816570555	0.017751681894368532	F	NaN	NaN	NaN
	54194	16.898922170038315	0.017968761150835653	F	NaN	NaN	NaN
	54195	16.92122665355091	0.017978852591921037	F	NaN	NaN	NaN
	54196	16.942705695110305	0.017959624221344655	F	NaN	NaN	NaN
	54197	16.963381218967456	0.01793249422471233	F	NaN	NaN	NaN
	54198	16.983275149373306	0.017986185983985572	F	NaN	NaN	NaN
	54199	17.002409410578817	0.01847542733985988	F	NaN	NaN	NaN
	54200	17.02080592683493	0.0192162410405343	F	NaN	NaN	NaN
	54201	17.038486622392604	0.020345869270831412	F	NaN	NaN	NaN
	54202	17.055473421502786	0.022275343598736178	F	NaN	NaN	NaN
	54203	17.071788248416436	0.024606343795047184	F	NaN	NaN	NaN

# FILTER g
#        MJD  MAG  MAGERR  Upperlimit  Instrument  Telescope  Source
	54155	16.10183712356829	0.01979493464536454	F	NaN	NaN	NaN
	54156	15.947015395549682	0.021512486763187497	F	NaN	NaN	NaN
	54157	15.814528081627303	0.022673293256690687	F	NaN	NaN	NaN
	54158	15.704445091747925	0.021390572681186062	F	NaN	NaN	NaN
	54159	15.620146891541	0.015753902600342994	F	NaN	NaN	NaN
	54160	15.555341579634794	0.01602107542374087	F	NaN	NaN	NaN
	54161	15.506202972910959	0.017608032535448844	F	NaN	NaN	NaN
	54162	15.463085300770823	0.015930287329268947	F	NaN	NaN	NaN
	54163	15.438252725700242	0.02036972560505459	F	NaN	NaN	NaN
	54164	15.444718804563736	0.0167613977408846	F	NaN	NaN	NaN
	54165	15.474824547477077	0.01643474414179775	F	NaN	NaN	NaN
	54166	15.5273394491412	0.020379198241826758	F	NaN	NaN	NaN
	54167	15.603769126410352	0.018503146660545956	F	NaN	NaN	NaN
	54168	15.702215392623465	0.01648264756906912	F	NaN	NaN	NaN
	54169	15.808946900811575	0.01854545547854828	F	NaN	NaN	NaN
	54170	15.919397956602483	0.018745895368417018	F	NaN	NaN	NaN
	54171	16.04528491955995	0.01735764951866852	F	NaN	NaN	NaN
	54172	16.184587368005335	0.016601950286965372	F	NaN	NaN	NaN
	54173	16.322339399340795	0.018925920671636804	F	NaN	NaN	NaN
	54174	16.44352059498578	0.02067455552626574	F	NaN	NaN	NaN
	54175	16.54703722150796	0.019539515998592667	F	NaN	NaN	NaN
	54176	16.64239884856841	0.017834638893379363	F	NaN	NaN	NaN
	54177	16.729932534287517	0.018142961923791032	F	NaN	NaN	NaN
	54178	16.809945223220556	0.01960816619662909	F	NaN	NaN	NaN
	54179	16.882743859922776	0.02060488640156875	F	NaN	NaN	NaN
	54180	16.946561118349717	0.01956613793565613	F	NaN	NaN	NaN
	54181	17.001112161483732	0.017933884184600783	F	NaN	NaN	NaN
	54182	17.048422975903097	0.016994584375434423	F	NaN	NaN	NaN
	54183	17.090426177643685	0.01755386562493082	F	NaN	NaN	NaN
	54184	17.129344454175108	0.018792013484824944	F	NaN	NaN	NaN
	54185	17.16721160607533	0.019649334460966342	F	NaN	NaN	NaN
	54186	17.203176199877714	0.019680030250097423	F	NaN	NaN	NaN
	54187	17.235490718165437	0.019342971754376628	F	NaN	NaN	NaN
	54188	17.264997751571535	0.019408483479224373	F	NaN	NaN	NaN
	54189	17.29254686545403	0.019596693604174646	F	NaN	NaN	NaN
	54190	17.31898762517093	0.019304573609879264	F	NaN	NaN	NaN
	54191	17.34381621125675	0.01883222812950571	F	NaN	NaN	NaN
	54192	17.36615034368661	0.01836113167591539	F	NaN	NaN	NaN
	54193	17.386269589183396	0.018133665475717573	F	NaN	NaN	NaN
	54194	17.404453548939944	0.018179654032293522	F	NaN	NaN	NaN
	54195	17.420692674595237	0.019188758318563915	F	NaN	NaN	NaN
	54196	17.434832501533634	0.0215095181290144	F	NaN	NaN	NaN

# FILTER i
#        MJD  MAG  MAGERR  Upperlimit  Instrument  Telescope  Source
	54155	16.180853360765603	0.016364499716336165	F	NaN	NaN	NaN
	54156	16.04522068963914	0.013878309433651155	F	NaN	NaN	NaN
	54157	15.92152654616001	0.012814364054985213	F	NaN	NaN	NaN
	54158	15.809411650395596	0.012259843056437937	F	NaN	NaN	NaN
	54159	15.709012181990438	0.011294840470431701	F	NaN	NaN	NaN
	54160	15.621180962789657	0.010775512325161996	F	NaN	NaN	NaN
	54161	15.54274398673992	0.01128739394392237	F	NaN	NaN	NaN
	54162	15.473016138888227	0.012169836329715016	F	NaN	NaN	NaN
	54163	15.414007943262723	0.012741829596171459	F	NaN	NaN	NaN
	54164	15.364823534978735	0.012735535681632116	F	NaN	NaN	NaN
	54165	15.329554693960993	0.014474033132848375	F	NaN	NaN	NaN
	54166	15.315955296675849	0.014341852976134294	F	NaN	NaN	NaN
	54167	15.318536831650848	0.01286159031421956	F	NaN	NaN	NaN
	54168	15.337302168509918	0.012292777606979203	F	NaN	NaN	NaN
	54169	15.361112963067374	0.012690585210151956	F	NaN	NaN	NaN
	54170	15.39414145525043	0.013653649604610161	F	NaN	NaN	NaN
	54171	15.43152115715235	0.012874434308564131	F	NaN	NaN	NaN
	54172	15.464071908176674	0.013529191425478291	F	NaN	NaN	NaN
	54173	15.501349534638276	0.01437134678369087	F	NaN	NaN	NaN
	54174	15.538931491840868	0.014706700016176848	F	NaN	NaN	NaN
	54175	15.577262776021984	0.013858365277890708	F	NaN	NaN	NaN
	54176	15.61868469014852	0.01288044861894579	F	NaN	NaN	NaN
	54177	15.661333716179255	0.01292867447892793	F	NaN	NaN	NaN
	54178	15.703336965278735	0.013550317298588927	F	NaN	NaN	NaN
	54179	15.74282154861151	0.014016667250957515	F	NaN	NaN	NaN
	54180	15.780620418316989	0.013835853782963481	F	NaN	NaN	NaN
	54181	15.818537397232012	0.01359084084613807	F	NaN	NaN	NaN
	54182	15.856174538290034	0.013414317745005122	F	NaN	NaN	NaN
	54183	15.893103945963608	0.013371509684452249	F	NaN	NaN	NaN
	54184	15.928934743088979	0.013324652130624866	F	NaN	NaN	NaN
	54185	15.963270030032096	0.013230234537210655	F	NaN	NaN	NaN
	54186	15.996434334827715	0.012869538184537063	F	NaN	NaN	NaN
	54187	16.029002731831376	0.012665221221854112	F	NaN	NaN	NaN
	54188	16.060845123723663	0.012385190239187438	F	NaN	NaN	NaN
	54189	16.091829143785628	0.012200547324324908	F	NaN	NaN	NaN
	54190	16.1218224252983	0.012464854491960633	F	NaN	NaN	NaN
	54191	16.150824929097645	0.013376086362918475	F	NaN	NaN	NaN
	54192	16.17893517853144	0.01499625582744235	F	NaN	NaN	NaN
	54193	16.20616714090979	0.017413807993247467	F	NaN	NaN	NaN

# FILTER r
#        MJD  MAG  MAGERR  Upperlimit  Instrument  Telescope  Source
	54155	16.08073371756168	0.0141550367782957	F	NaN	NaN	NaN
	54156	15.951630032591707	0.015268568246306603	F	NaN	NaN	NaN
	54157	15.834783741074546	0.016337725888459602	F	NaN	NaN	NaN
	54158	15.730122737845354	0.015419909571328265	F	NaN	NaN	NaN
	54159	15.638444755124103	0.011923471403318866	F	NaN	NaN	NaN
	54160	15.558996531995644	0.011768734189179366	F	NaN	NaN	NaN
	54161	15.486217389985937	0.01250132419037321	F	NaN	NaN	NaN
	54162	15.422750359700029	0.014191740847821516	F	NaN	NaN	NaN
	54163	15.36993559271764	0.016604155606639172	F	NaN	NaN	NaN
	54164	15.327637738767205	0.01297619098051624	F	NaN	NaN	NaN
	54165	15.299955018319162	0.012829701888637685	F	NaN	NaN	NaN
	54166	15.291394862825145	0.014771312861382342	F	NaN	NaN	NaN
	54167	15.305436749896291	0.013941586600642888	F	NaN	NaN	NaN
	54168	15.340192096509963	0.011964337732078471	F	NaN	NaN	NaN
	54169	15.386700854486492	0.012431222357660948	F	NaN	NaN	NaN
	54170	15.44417325693066	0.01156069899982241	F	NaN	NaN	NaN
	54171	15.50483963362205	0.01087132541717662	F	NaN	NaN	NaN
	54172	15.575891361333282	0.011000625881166997	F	NaN	NaN	NaN
	54173	15.652626720100098	0.013672864761103583	F	NaN	NaN	NaN
	54174	15.723682456719402	0.015905347716948105	F	NaN	NaN	NaN
	54175	15.787695354331925	0.015436180145499497	F	NaN	NaN	NaN
	54176	15.850471910740977	0.013819352790213159	F	NaN	NaN	NaN
	54177	15.910828580385434	0.013132175658095858	F	NaN	NaN	NaN
	54178	15.967569225903786	0.013458412839334345	F	NaN	NaN	NaN
	54179	16.019497709934534	0.013644591759026567	F	NaN	NaN	NaN
	54180	16.066415400117133	0.013047854043500427	F	NaN	NaN	NaN
	54181	16.109596575520456	0.012288818280282242	F	NaN	NaN	NaN
	54182	16.14984900437283	0.011819787348194681	F	NaN	NaN	NaN
	54183	16.187942034939304	0.011911566576026236	F	NaN	NaN	NaN
	54184	16.224762989812533	0.01226381431470389	F	NaN	NaN	NaN
	54185	16.261122816476423	0.01248980731182167	F	NaN	NaN	NaN
	54186	16.296496719299427	0.012317525224835413	F	NaN	NaN	NaN
	54187	16.329931400911835	0.012067192759017218	F	NaN	NaN	NaN
	54188	16.361662130992617	0.011935338917172873	F	NaN	NaN	NaN
	54189	16.391927366306735	0.011726513020700878	F	NaN	NaN	NaN
	54190	16.420965563619163	0.011786869304102417	F	NaN	NaN	NaN
	54191	16.448719713656825	0.012228651974238926	F	NaN	NaN	NaN
	54192	16.474987290029915	0.013460883423356839	F	NaN	NaN	NaN
	54193	16.49978659417899	0.015728404258862766	F	NaN	NaN	NaN

# FILTER u
#        MJD  MAG  MAGERR  Upperlimit  Instrument  Telescope  Source
	54155	16.68084743594851	0.031706080460172904	F	NaN	NaN	NaN
	54156	16.43710278750465	0.030267591571594414	F	NaN	NaN	NaN
	54157	16.235285023547984	0.03212583341598488	F	NaN	NaN	NaN
	54158	16.075727365690298	0.03458870840269583	F	NaN	NaN	NaN
	54159	15.957712387250572	0.03595660945275405	F	NaN	NaN	NaN
	54160	15.88203870042225	0.03542459947935692	F	NaN	NaN	NaN
	54161	15.845732565526038	0.03352770767709	F	NaN	NaN	NaN
	54162	15.847693304883663	0.033237081771960324	F	NaN	NaN	NaN
	54163	15.8970353426186	0.038588432668320294	F	NaN	NaN	NaN
	54164	16.005579013076087	0.03901130161057748	F	NaN	NaN	NaN
	54165	16.164575798492958	0.04068140378136572	F	NaN	NaN	NaN
	54166	16.375386581538667	0.03981636718516202	F	NaN	NaN	NaN
	54167	16.647174797018607	0.03800537074334297	F	NaN	NaN	NaN
	54168	16.961503181230324	0.04077780320902433	F	NaN	NaN	NaN
	54169	17.271145422703146	0.04459476662425095	F	NaN	NaN	NaN
	54170	17.56906269882006	0.048780483648073136	F	NaN	NaN	NaN
	54171	17.876451211821642	0.05959173011470917	F	NaN	NaN	NaN
	54172	18.193954162149797	0.0783050963203137	F	NaN	NaN	NaN
	54173	18.522985299428292	0.10522627586642279	F	NaN	NaN	NaN
	54174	18.864943263370115	0.13796518317045117	F	NaN	NaN	NaN