###################### HEADER ######################
# SNNAME:	SN2015ah
###################### HEADER ######################


# FILTER B
#        MJD  MAG  MAGERR  Upperlimit  Instrument  Telescope  Source
	57243	17.123755944801154	0.05077181189234131	F	NaN	NaN	NaN
	57244	17.10088123010956	0.03764318148471115	F	NaN	NaN	NaN
	57245	17.093214207493258	0.03720827785805206	F	NaN	NaN	NaN
	57246	17.10127071870632	0.04122426516818256	F	NaN	NaN	NaN
	57247	17.12137457593881	0.04652393206668803	F	NaN	NaN	NaN
	57248	17.15636402691931	0.049109814683610045	F	NaN	NaN	NaN
	57249	17.20775059593022	0.0487688136824711	F	NaN	NaN	NaN
	57250	17.272346903708282	0.04639065624182428	F	NaN	NaN	NaN
	57251	17.347005827000103	0.04464747858954783	F	NaN	NaN	NaN
	57252	17.428593823979334	0.042966166322772274	F	NaN	NaN	NaN
	57253	17.514431535184176	0.040914945219170204	F	NaN	NaN	NaN
	57254	17.60858732559141	0.03792889597220389	F	NaN	NaN	NaN
	57255	17.70240936708009	0.0373274813883258	F	NaN	NaN	NaN
	57256	17.793851721858378	0.036106917418497336	F	NaN	NaN	NaN
	57257	17.88556463961756	0.03641924337171131	F	NaN	NaN	NaN
	57258	17.97877260913605	0.03431362503466909	F	NaN	NaN	NaN
	57259	18.071725342041283	0.03097604137011989	F	NaN	NaN	NaN
	57260	18.164379017535925	0.030771908101802147	F	NaN	NaN	NaN
	57261	18.251982039539293	0.03830726529023253	F	NaN	NaN	NaN
	57262	18.33173045077277	0.04573009128971124	F	NaN	NaN	NaN
	57263	18.409013352076762	0.05034177817718653	F	NaN	NaN	NaN
	57264	18.48801037510684	0.051391609153600804	F	NaN	NaN	NaN
	57265	18.567200628767107	0.05114486461743173	F	NaN	NaN	NaN
	57266	18.645028117284145	0.05133273728412276	F	NaN	NaN	NaN
	57267	18.71993684488454	0.051322624150751714	F	NaN	NaN	NaN
	57268	18.7904103590787	0.053772300856741735	F	NaN	NaN	NaN
	57269	18.85480392251512	0.054171661602857635	F	NaN	NaN	NaN
	57270	18.911620259893894	0.052032273103683725	F	NaN	NaN	NaN
	57271	18.961745623590765	0.049988523416109806	F	NaN	NaN	NaN
	57272	19.00549699085159	0.05019253446844375	F	NaN	NaN	NaN
	57273	19.045424394371164	0.054603647197586966	F	NaN	NaN	NaN
	57274	19.081835560858334	0.06386946811851012	F	NaN	NaN	NaN
	57275	19.115055267269632	0.0747950703659943	F	NaN	NaN	NaN
	57276	19.145380519789537	0.08445540924515368	F	NaN	NaN	NaN
	57277	19.17311960654118	0.09046392701713299	F	NaN	NaN	NaN
	57278	19.196199080601595	0.09083613776488607	F	NaN	NaN	NaN
	57279	19.213393208035132	0.0876908854761392	F	NaN	NaN	NaN
	57280	19.225937929169433	0.08365024114722333	F	NaN	NaN	NaN
	57281	19.23502501288654	0.07997528611679575	F	NaN	NaN	NaN
	57282	19.241892046466045	0.07929076078428514	F	NaN	NaN	NaN
	57283	19.24775407259842	0.08059474539210407	F	NaN	NaN	NaN
	57284	19.253826133974155	0.08207151678980668	F	NaN	NaN	NaN
	57285	19.261239710601117	0.08204186877289614	F	NaN	NaN	NaN
	57286	19.267141811160545	0.0801285762090734	F	NaN	NaN	NaN
	57287	19.269926825174498	0.07710897804946265	F	NaN	NaN	NaN
	57288	19.27029704716779	0.07485791835090136	F	NaN	NaN	NaN
	57289	19.26896835014276	0.07247479651924044	F	NaN	NaN	NaN
	57290	19.266669085760093	0.07110020590457337	F	NaN	NaN	NaN
	57291	19.26409888667614	0.07117762982066517	F	NaN	NaN	NaN
	57292	19.26197423679007	0.0721517020911761	F	NaN	NaN	NaN
	57293	19.2610163505537	0.07440609370803768	F	NaN	NaN	NaN
	57294	19.26188332434156	0.07497125006247513	F	NaN	NaN	NaN
	57295	19.262932711706934	0.074106915948396	F	NaN	NaN	NaN
	57296	19.26300079327857	0.07341832520179621	F	NaN	NaN	NaN
	57297	19.262608637455397	0.07376831926380711	F	NaN	NaN	NaN
	57298	19.262279131103668	0.07431658060113336	F	NaN	NaN	NaN
	57299	19.262534717543694	0.07701086818503974	F	NaN	NaN	NaN
	57300	19.263888118481955	0.07909958712343479	F	NaN	NaN	NaN
	57301	19.266875963121667	0.08131914510924522	F	NaN	NaN	NaN
	57302	19.271658406779203	0.08122900335589406	F	NaN	NaN	NaN
	57303	19.276705153631784	0.0826528070624338	F	NaN	NaN	NaN
	57304	19.281745620386566	0.0838488783526975	F	NaN	NaN	NaN
	57305	19.28678675290521	0.08454182955261795	F	NaN	NaN	NaN
	57306	19.291835497049373	0.08652349361489471	F	NaN	NaN	NaN
	57307	19.2968987986807	0.08740990849800757	F	NaN	NaN	NaN
	57308	19.30198401510489	0.08814539497239982	F	NaN	NaN	NaN
	57309	19.307098553349856	0.08854855825949182	F	NaN	NaN	NaN
	57310	19.31224892911712	0.08922857444412002	F	NaN	NaN	NaN
	57311	19.31744299250824	0.0895526172371456	F	NaN	NaN	NaN
	57312	19.322684320830515	0.08976283046444156	F	NaN	NaN	NaN
	57313	19.327986080602972	0.0896417728475122	F	NaN	NaN	NaN
	57314	19.33335085355721	0.08914721934870405	F	NaN	NaN	NaN
	57315	19.338783299480202	0.08917871987029925	F	NaN	NaN	NaN
	57316	19.344300106497744	0.08846177808061709	F	NaN	NaN	NaN
	57317	19.34989909738447	0.08746449128844627	F	NaN	NaN	NaN
	57318	19.355587187984963	0.0867648912796421	F	NaN	NaN	NaN
	57319	19.361381692231486	0.08673595761498815	F	NaN	NaN	NaN
	57320	19.36727810105642	0.087361444767333	F	NaN	NaN	NaN
	57321	19.373286192354108	0.08740190192183478	F	NaN	NaN	NaN
	57322	19.379421214870604	0.08781340007237899	F	NaN	NaN	NaN
	57323	19.385679621388014	0.0876882266316336	F	NaN	NaN	NaN
	57324	19.39207754115227	0.08743593776879713	F	NaN	NaN	NaN
	57325	19.398609100061915	0.08765565340645246	F	NaN	NaN	NaN
	57326	19.405290492636244	0.0877523371275925	F	NaN	NaN	NaN
	57327	19.412136996806193	0.08782323731453316	F	NaN	NaN	NaN
	57328	19.419137203760975	0.08790566247688952	F	NaN	NaN	NaN
	57329	19.426302797398044	0.08799894675933767	F	NaN	NaN	NaN
	57330	19.43366180206285	0.08858626022473316	F	NaN	NaN	NaN
	57331	19.441194573151925	0.08887510976513867	F	NaN	NaN	NaN
	57332	19.44890714772941	0.0886872015085339	F	NaN	NaN	NaN
	57333	19.456842267404465	0.08830280932904487	F	NaN	NaN	NaN
	57334	19.46497151871699	0.0883606214886243	F	NaN	NaN	NaN
	57335	19.473300637157365	0.08830840044138613	F	NaN	NaN	NaN
	57336	19.481868703313282	0.08777052918669334	F	NaN	NaN	NaN
	57337	19.490658350938407	0.08740773242401181	F	NaN	NaN	NaN
	57338	19.499667929330833	0.08659068198862531	F	NaN	NaN	NaN
	57339	19.5088858624473	0.08539815185192391	F	NaN	NaN	NaN
	57340	19.518269768834525	0.08427800014316707	F	NaN	NaN	NaN
	57341	19.52781154365146	0.08321698199164759	F	NaN	NaN	NaN
	57342	19.537514841352436	0.08250764751543038	F	NaN	NaN	NaN
	57343	19.547376536796193	0.08191237283210977	F	NaN	NaN	NaN
	57344	19.557409511020968	0.08128595127959129	F	NaN	NaN	NaN
	57345	19.567598456523925	0.081010466885748	F	NaN	NaN	NaN
	57346	19.577948174670624	0.08083965536857937	F	NaN	NaN	NaN
	57347	19.58845921063158	0.08097267654200976	F	NaN	NaN	NaN
	57348	19.599132109577297	0.08138609827990698	F	NaN	NaN	NaN
	57349	19.609967416678273	0.08174639459829174	F	NaN	NaN	NaN
	57350	19.62096567710502	0.08271277073476194	F	NaN	NaN	NaN
	57351	19.632127436028046	0.08457896247077382	F	NaN	NaN	NaN
	57352	19.64345323861785	0.08722191629046493	F	NaN	NaN	NaN
	57353	19.654952720753286	0.09013639393870274	F	NaN	NaN	NaN
	57354	19.666621951552013	0.09364989972721795	F	NaN	NaN	NaN
	57355	19.678456944690645	0.09677453040672288	F	NaN	NaN	NaN
	57356	19.690458245339688	0.1006319224059199	F	NaN	NaN	NaN
	57357	19.702626398669643	0.10525907819340108	F	NaN	NaN	NaN
	57358	19.714961949851023	0.11040856167002452	F	NaN	NaN	NaN
	57359	19.727465444054328	0.1153548838030558	F	NaN	NaN	NaN
	57360	19.740137426450072	0.12086275435103089	F	NaN	NaN	NaN
	57361	19.752978442208747	0.1269350463999367	F	NaN	NaN	NaN
	57362	19.765989036500876	0.13387936037429687	F	NaN	NaN	NaN

# FILTER V
#        MJD  MAG  MAGERR  Upperlimit  Instrument  Telescope  Source
	57243	16.63143904141249	0.10757617290302932	F	NaN	NaN	NaN
	57244	16.599659088446266	0.08872403462942069	F	NaN	NaN	NaN
	57245	16.575833693799744	0.07527656755623643	F	NaN	NaN	NaN
	57246	16.559968776080865	0.0692495278682074	F	NaN	NaN	NaN
	57247	16.551966681131173	0.06763318200709019	F	NaN	NaN	NaN
	57248	16.551736589239056	0.06967030930642877	F	NaN	NaN	NaN
	57249	16.55922768361395	0.07261811779414017	F	NaN	NaN	NaN
	57250	16.580401652577073	0.07221566552430476	F	NaN	NaN	NaN
	57251	16.627748269793234	0.0681582585020925	F	NaN	NaN	NaN
	57252	16.685467342542637	0.06986060452191264	F	NaN	NaN	NaN
	57253	16.735552107589793	0.07292322266926118	F	NaN	NaN	NaN
	57254	16.774455720892316	0.06890117440144392	F	NaN	NaN	NaN
	57255	16.809961303809928	0.05730504702425956	F	NaN	NaN	NaN
	57256	16.841044515945914	0.042122433904290074	F	NaN	NaN	NaN
	57257	16.85789805360615	0.025334831185567744	F	NaN	NaN	NaN
	57258	16.86864139092655	0.025702585226394473	F	NaN	NaN	NaN
	57259	16.89772902276791	0.04232433304474711	F	NaN	NaN	NaN
	57260	16.95270924131832	0.058939104313051806	F	NaN	NaN	NaN
	57261	17.0251665244708	0.0760003559769113	F	NaN	NaN	NaN
	57262	17.102670660911766	0.09093808244905356	F	NaN	NaN	NaN
	57263	17.17964202770345	0.10225845697093182	F	NaN	NaN	NaN
	57264	17.2585030988791	0.12443611167547422	F	NaN	NaN	NaN
	57265	17.332380396990043	0.1593092171435678	F	NaN	NaN	NaN
	57266	17.394336398796522	0.1801875633562155	F	NaN	NaN	NaN
	57267	17.444097163403267	0.16546782011526112	F	NaN	NaN	NaN
	57268	17.49229608175008	0.13114157039615895	F	NaN	NaN	NaN
	57269	17.539815865945528	0.10281392789128346	F	NaN	NaN	NaN
	57270	17.58719445519806	0.08491072008833005	F	NaN	NaN	NaN
	57271	17.63446246504502	0.08587436182972592	F	NaN	NaN	NaN
	57272	17.67800970413471	0.09926724835847417	F	NaN	NaN	NaN
	57273	17.719552099809302	0.1099266643116695	F	NaN	NaN	NaN
	57274	17.759772556880872	0.11652332756647162	F	NaN	NaN	NaN
	57275	17.798360689924483	0.1226621641151894	F	NaN	NaN	NaN
	57276	17.834991140214033	0.12873648777254254	F	NaN	NaN	NaN
	57277	17.86935062760569	0.1361138461770468	F	NaN	NaN	NaN
	57278	17.90112462071117	0.14157870699374575	F	NaN	NaN	NaN
	57279	17.929990217517837	0.14793630457905446	F	NaN	NaN	NaN
	57280	17.95564337873197	0.14836318531121565	F	NaN	NaN	NaN
	57281	17.977695347615562	0.14443295721792196	F	NaN	NaN	NaN
	57282	17.996424702275792	0.13888386102590494	F	NaN	NaN	NaN
	57283	18.01244488827084	0.13272416475295423	F	NaN	NaN	NaN
	57284	18.026369351158873	0.12691041636441863	F	NaN	NaN	NaN
	57285	18.03881755145363	0.12197658986669735	F	NaN	NaN	NaN
	57286	18.050386281745343	0.11960683264522798	F	NaN	NaN	NaN
	57287	18.061701419595316	0.12018006325224279	F	NaN	NaN	NaN
	57288	18.073378220000674	0.11981558308802805	F	NaN	NaN	NaN
	57289	18.08566677041164	0.11889189605757423	F	NaN	NaN	NaN
	57290	18.09639332952338	0.11669753611415418	F	NaN	NaN	NaN
	57291	18.105320829771127	0.1137703386537646	F	NaN	NaN	NaN
	57292	18.11279948747094	0.11134939282189654	F	NaN	NaN	NaN
	57293	18.11920643801411	0.10951130034855552	F	NaN	NaN	NaN
	57294	18.12491536913322	0.10745536516953894	F	NaN	NaN	NaN
	57295	18.13028356675595	0.10672629243850643	F	NaN	NaN	NaN
	57296	18.135681628940354	0.10843695511277858	F	NaN	NaN	NaN
	57297	18.14147637749603	0.1106429993683394	F	NaN	NaN	NaN
	57298	18.148038239920528	0.11363818874560949	F	NaN	NaN	NaN
	57299	18.155732479655736	0.1162431298332041	F	NaN	NaN	NaN
	57300	18.164916638842687	0.11886917516963458	F	NaN	NaN	NaN
	57301	18.175976379733672	0.1200198485521262	F	NaN	NaN	NaN
	57302	18.188998192844917	0.119861617909732	F	NaN	NaN	NaN
	57303	18.202724683981934	0.11955851064228756	F	NaN	NaN	NaN
	57304	18.216914245672424	0.11856790641158313	F	NaN	NaN	NaN
	57305	18.23150736533868	0.11744251632505762	F	NaN	NaN	NaN
	57306	18.246454641799122	0.11598295167988845	F	NaN	NaN	NaN
	57307	18.261719122133897	0.11421305120308604	F	NaN	NaN	NaN
	57308	18.277247476651837	0.11174774797198765	F	NaN	NaN	NaN
	57309	18.292989097254875	0.10952727309033464	F	NaN	NaN	NaN
	57310	18.30890442043865	0.10911033962471219	F	NaN	NaN	NaN
	57311	18.324945960332233	0.10889450785126978	F	NaN	NaN	NaN
	57312	18.34105699864536	0.10928545735322469	F	NaN	NaN	NaN
	57313	18.357198905467417	0.11039081642502496	F	NaN	NaN	NaN
	57314	18.373320568357904	0.11212363555639254	F	NaN	NaN	NaN
	57315	18.389381345470866	0.11520598608935259	F	NaN	NaN	NaN
	57316	18.405320289527694	0.11855418679338225	F	NaN	NaN	NaN
	57317	18.421103214368507	0.12137656774532105	F	NaN	NaN	NaN
	57318	18.43668731399064	0.12436260901611876	F	NaN	NaN	NaN
	57319	18.45199849683064	0.12723849030097167	F	NaN	NaN	NaN
	57320	18.467019676703018	0.12999943266889602	F	NaN	NaN	NaN
	57321	18.481698344693186	0.1329517970063545	F	NaN	NaN	NaN
	57322	18.495959305715235	0.1357357819580366	F	NaN	NaN	NaN
	57323	18.509812041509694	0.1379658454670621	F	NaN	NaN	NaN
	57324	18.52342736267661	0.13963042944631437	F	NaN	NaN	NaN
	57325	18.536981363907827	0.14149429464932772	F	NaN	NaN	NaN
	57326	18.55046841353755	0.1428721278096734	F	NaN	NaN	NaN
	57327	18.56388359504549	0.14394334057751315	F	NaN	NaN	NaN
	57328	18.5772334679725	0.14482452456641193	F	NaN	NaN	NaN
	57329	18.590514531512074	0.14550635058118916	F	NaN	NaN	NaN
	57330	18.60371686686258	0.14596093813316524	F	NaN	NaN	NaN
	57331	18.616849904986953	0.14621595698842127	F	NaN	NaN	NaN
	57332	18.629912445718727	0.146268018296157	F	NaN	NaN	NaN
	57333	18.642889344463818	0.1460730729927314	F	NaN	NaN	NaN
	57334	18.655792841287095	0.1456655444914927	F	NaN	NaN	NaN
	57335	18.66862185207256	0.14504107695434887	F	NaN	NaN	NaN
	57336	18.681363194185096	0.14415905884918526	F	NaN	NaN	NaN
	57337	18.694024443208836	0.14303918582948988	F	NaN	NaN	NaN
	57338	18.706607217549546	0.14168353619547225	F	NaN	NaN	NaN
	57339	18.719104025032582	0.1395913143933202	F	NaN	NaN	NaN
	57340	18.731512376693924	0.13769706315583433	F	NaN	NaN	NaN
	57341	18.743834038825316	0.1359676935074321	F	NaN	NaN	NaN
	57342	18.75606589793824	0.13349774999503838	F	NaN	NaN	NaN
	57343	18.768208612991625	0.1307378224665366	F	NaN	NaN	NaN
	57344	18.780254084456885	0.12765548772343505	F	NaN	NaN	NaN
	57345	18.792208716804847	0.12426643398364545	F	NaN	NaN	NaN
	57346	18.804070683010774	0.12055922034761224	F	NaN	NaN	NaN
	57347	18.81583865566612	0.11652415609382438	F	NaN	NaN	NaN
	57348	18.827511307362343	0.11183596612157296	F	NaN	NaN	NaN
	57349	18.839087310690896	0.1070508247725574	F	NaN	NaN	NaN
	57350	18.85055314311528	0.10192982615455548	F	NaN	NaN	NaN
	57351	18.861919381984286	0.09644973456124842	F	NaN	NaN	NaN
	57352	18.87318469988937	0.09060806668363686	F	NaN	NaN	NaN
	57353	18.884347769421993	0.0844069093441224	F	NaN	NaN	NaN
	57354	18.895407263173595	0.07765171876919777	F	NaN	NaN	NaN
	57355	18.90636185373565	0.07074243034078755	F	NaN	NaN	NaN
	57356	18.917198889620934	0.06284762459137166	F	NaN	NaN	NaN
	57357	18.92792621052326	0.05495057877287306	F	NaN	NaN	NaN
	57358	18.93854435563978	0.047608970323869564	F	NaN	NaN	NaN
	57359	18.949051997561952	0.040573862937436075	F	NaN	NaN	NaN
	57360	18.959447808881226	0.0341964978617765	F	NaN	NaN	NaN
	57361	18.96973046218906	0.029911711317292363	F	NaN	NaN	NaN
	57362	18.979906884582068	0.029502561395514923	F	NaN	NaN	NaN
	57363	18.989992723749893	0.03251115074472378	F	NaN	NaN	NaN

# FILTER u
#        MJD  MAG  MAGERR  Upperlimit  Instrument  Telescope  Source
	57251	18.636406484363132	0.13388935938131136	F	NaN	NaN	NaN
	57252	18.82384475628823	0.10384121241089336	F	NaN	NaN	NaN
	57253	19.000058610183487	0.08198729829772393	F	NaN	NaN	NaN
	57254	19.16580389349597	0.07264981039489199	F	NaN	NaN	NaN
	57255	19.320911787559172	0.07312381614399836	F	NaN	NaN	NaN
	57256	19.465518532674956	0.0799396124924506	F	NaN	NaN	NaN
	57257	19.600542414631043	0.08913997077510938	F	NaN	NaN	NaN
	57258	19.72488725913842	0.09813600960812704	F	NaN	NaN	NaN
	57259	19.83785717419231	0.10740625652735498	F	NaN	NaN	NaN
	57260	19.941421050649176	0.11661388799415937	F	NaN	NaN	NaN
	57261	20.03241992439392	0.1294783467104415	F	NaN	NaN	NaN
	57262	20.122310466896984	0.13348210405578131	F	NaN	NaN	NaN
	57263	20.205493874371786	0.1341377133124954	F	NaN	NaN	NaN
	57264	20.282220962607358	0.1319461902312296	F	NaN	NaN	NaN
	57265	20.352711281017022	0.12945380679393953	F	NaN	NaN	NaN
	57266	20.417143613886452	0.12790498676443507	F	NaN	NaN	NaN
	57267	20.47556404961447	0.1253658103322182	F	NaN	NaN	NaN
	57268	20.52842481175211	0.12331035945811479	F	NaN	NaN	NaN
	57269	20.57594544971266	0.12401875505469392	F	NaN	NaN	NaN
	57270	20.618345512909436	0.12523094762767306	F	NaN	NaN	NaN
	57271	20.655743366891066	0.1245530183394449	F	NaN	NaN	NaN
	57272	20.68841470867872	0.11997200516133483	F	NaN	NaN	NaN
	57273	20.71658024852916	0.11236495553803016	F	NaN	NaN	NaN
	57274	20.739897459680513	0.10861429501446684	F	NaN	NaN	NaN
	57275	20.75774680546221	0.11490447911110668	F	NaN	NaN	NaN
	57276	20.77007933734308	0.13200475118314448	F	NaN	NaN	NaN

# FILTER g
#        MJD  MAG  MAGERR  Upperlimit  Instrument  Telescope  Source
	57242	17.102032000177246	0.07514150429006665	F	NaN	NaN	NaN
	57243	17.06066235307624	0.05857736541213306	F	NaN	NaN	NaN
	57244	17.030045090291466	0.04900940611157922	F	NaN	NaN	NaN
	57245	17.01036429108272	0.04608308868652572	F	NaN	NaN	NaN
	57246	17.001965090086347	0.045568313181052596	F	NaN	NaN	NaN
	57247	17.004413355977583	0.04576855288605864	F	NaN	NaN	NaN
	57248	17.017173385051333	0.045876078404166826	F	NaN	NaN	NaN
	57249	17.039704290264673	0.04555827342776386	F	NaN	NaN	NaN
	57250	17.072934459135354	0.0434039269840407	F	NaN	NaN	NaN
	57251	17.118663415678874	0.039032574345481616	F	NaN	NaN	NaN
	57252	17.170627730882195	0.037708093710563474	F	NaN	NaN	NaN
	57253	17.229030934715563	0.03299824026955733	F	NaN	NaN	NaN
	57254	17.29207677899609	0.03022437814067721	F	NaN	NaN	NaN
	57255	17.360856971747335	0.028687989767506812	F	NaN	NaN	NaN
	57256	17.43344178198084	0.03168967706317848	F	NaN	NaN	NaN
	57257	17.507275261506667	0.03222118205883499	F	NaN	NaN	NaN
	57258	17.58285666386067	0.0316727044329328	F	NaN	NaN	NaN
	57259	17.6632438977886	0.028947023872759027	F	NaN	NaN	NaN
	57260	17.747266717103336	0.028469594693289	F	NaN	NaN	NaN
	57261	17.82805935793832	0.032638152061212386	F	NaN	NaN	NaN
	57262	17.90327378837483	0.03644682879818862	F	NaN	NaN	NaN
	57263	17.97440101656161	0.038305344578516476	F	NaN	NaN	NaN
	57264	18.043374811228816	0.03742003744896838	F	NaN	NaN	NaN
	57265	18.109835378191267	0.03671287027257669	F	NaN	NaN	NaN
	57266	18.173306870764208	0.03755819051268383	F	NaN	NaN	NaN
	57267	18.233304470774087	0.04009950273610703	F	NaN	NaN	NaN
	57268	18.289344929411858	0.0413218999779176	F	NaN	NaN	NaN
	57269	18.34122280282926	0.039170366019958894	F	NaN	NaN	NaN
	57270	18.389366825725613	0.035970735695788264	F	NaN	NaN	NaN
	57271	18.433955329185185	0.03492190877796377	F	NaN	NaN	NaN
	57272	18.474450369063657	0.03317984427094337	F	NaN	NaN	NaN
	57273	18.510710953200153	0.031135146003124656	F	NaN	NaN	NaN
	57274	18.543438338163845	0.03022463060517866	F	NaN	NaN	NaN
	57275	18.573352152288088	0.03092037046377405	F	NaN	NaN	NaN
	57276	18.601149239619723	0.03249132285307656	F	NaN	NaN	NaN
	57277	18.627539220187533	0.03393983305618681	F	NaN	NaN	NaN
	57278	18.652589552775254	0.034233820130421755	F	NaN	NaN	NaN
	57279	18.67501641612617	0.03371224758049149	F	NaN	NaN	NaN
	57280	18.695100682340822	0.03301128619410149	F	NaN	NaN	NaN
	57281	18.71321871410311	0.03283008655342702	F	NaN	NaN	NaN
	57282	18.729763755029204	0.03297382877532652	F	NaN	NaN	NaN
	57283	18.745127172712408	0.03382965783441258	F	NaN	NaN	NaN
	57284	18.759697304218008	0.03499708573046523	F	NaN	NaN	NaN
	57285	18.77385126200029	0.035885634662447104	F	NaN	NaN	NaN
	57286	18.787131844689775	0.03672636827027756	F	NaN	NaN	NaN
	57287	18.79922488439538	0.03739598245989496	F	NaN	NaN	NaN
	57288	18.81026243924701	0.03916133661822504	F	NaN	NaN	NaN
	57289	18.82037901179768	0.04067338747643208	F	NaN	NaN	NaN
	57290	18.829721327111308	0.04210824564299665	F	NaN	NaN	NaN
	57291	18.838420985487026	0.043705592696398586	F	NaN	NaN	NaN
	57292	18.84660808944977	0.0452753710702299	F	NaN	NaN	NaN
	57293	18.85442360270146	0.046649282041354455	F	NaN	NaN	NaN
	57294	18.862005327723242	0.04800520814121162	F	NaN	NaN	NaN
	57295	18.869486368814094	0.04889380969233129	F	NaN	NaN	NaN
	57296	18.877004083300598	0.05003380084662302	F	NaN	NaN	NaN
	57297	18.88469464709001	0.05098802308419406	F	NaN	NaN	NaN
	57298	18.892393071181605	0.05176047355047024	F	NaN	NaN	NaN
	57299	18.89964162234424	0.05236319353466374	F	NaN	NaN	NaN
	57300	18.9064728416512	0.052612823851886155	F	NaN	NaN	NaN
	57301	18.912921770303015	0.05296258651970525	F	NaN	NaN	NaN
	57302	18.919028007368173	0.05276328521248955	F	NaN	NaN	NaN
	57303	18.924841650737207	0.05259318749210634	F	NaN	NaN	NaN
	57304	18.930388903918807	0.05227702754040337	F	NaN	NaN	NaN
	57305	18.935718854969227	0.05108860260751681	F	NaN	NaN	NaN
	57306	18.940871247631335	0.05037374950643751	F	NaN	NaN	NaN
	57307	18.945880955337294	0.04990547045386337	F	NaN	NaN	NaN
	57308	18.95079204735245	0.049255708852758845	F	NaN	NaN	NaN
	57309	18.955644267302617	0.04861111492374635	F	NaN	NaN	NaN
	57310	18.960476076424182	0.04812869469663175	F	NaN	NaN	NaN
	57311	18.96533117258637	0.04752220445345336	F	NaN	NaN	NaN
	57312	18.970242366791314	0.04682928230983801	F	NaN	NaN	NaN
	57313	18.975260647971563	0.046597470969483135	F	NaN	NaN	NaN
	57314	18.980417566968914	0.046358499477615625	F	NaN	NaN	NaN
	57315	18.98574560702482	0.04609663187536241	F	NaN	NaN	NaN
	57316	18.99131283557314	0.04555874311356194	F	NaN	NaN	NaN
	57317	18.997131208256786	0.045139238798956274	F	NaN	NaN	NaN
	57318	19.003241272150046	0.04508304330510088	F	NaN	NaN	NaN
	57319	19.009714830134165	0.04480126078342777	F	NaN	NaN	NaN
	57320	19.016553729117554	0.044657256505752106	F	NaN	NaN	NaN
	57321	19.023809304288847	0.04449592105925544	F	NaN	NaN	NaN
	57322	19.031548264322208	0.044145992475564215	F	NaN	NaN	NaN
	57323	19.039749796276666	0.04370114539277082	F	NaN	NaN	NaN
	57324	19.048240693313826	0.04334987016158852	F	NaN	NaN	NaN
	57325	19.056836792691833	0.0426562958130088	F	NaN	NaN	NaN
	57326	19.06553882173953	0.04230445663149674	F	NaN	NaN	NaN
	57327	19.074351356254734	0.04221705220987163	F	NaN	NaN	NaN
	57328	19.08327245020812	0.04184160777872671	F	NaN	NaN	NaN
	57329	19.092301717435273	0.04146488890292652	F	NaN	NaN	NaN
	57330	19.101439885265037	0.04109201998328585	F	NaN	NaN	NaN
	57331	19.110689583838553	0.04100446349671122	F	NaN	NaN	NaN
	57332	19.12005181084466	0.041099701867934255	F	NaN	NaN	NaN
	57333	19.129525757250125	0.04067380931202115	F	NaN	NaN	NaN
	57334	19.139112308103865	0.04019947709857585	F	NaN	NaN	NaN
	57335	19.14881274100609	0.03989430228102547	F	NaN	NaN	NaN
	57336	19.158628976940665	0.03988340317289075	F	NaN	NaN	NaN
	57337	19.16856006687954	0.039724601884368965	F	NaN	NaN	NaN
	57338	19.17860675153018	0.03980538906826159	F	NaN	NaN	NaN
	57339	19.188769472093217	0.03969884322391877	F	NaN	NaN	NaN
	57340	19.19905134049013	0.039872065434805946	F	NaN	NaN	NaN
	57341	19.209449896111305	0.039902961124442686	F	NaN	NaN	NaN
	57342	19.21996926005775	0.04031035765290166	F	NaN	NaN	NaN
	57343	19.230606479437274	0.040510378598864256	F	NaN	NaN	NaN
	57344	19.24137156361616	0.04135449824129542	F	NaN	NaN	NaN
	57345	19.252255272521776	0.04215834894779063	F	NaN	NaN	NaN
	57346	19.26325867137655	0.04324890181432201	F	NaN	NaN	NaN
	57347	19.274382469633995	0.04425682776997884	F	NaN	NaN	NaN
	57348	19.285627376747616	0.04556062218272362	F	NaN	NaN	NaN
	57349	19.296994102170935	0.04704210832542252	F	NaN	NaN	NaN
	57350	19.308497037165356	0.048550667950206794	F	NaN	NaN	NaN
	57351	19.320124762960656	0.050405008864598866	F	NaN	NaN	NaN
	57352	19.331876590185786	0.05245142475712431	F	NaN	NaN	NaN
	57353	19.343753228294243	0.054696542206791106	F	NaN	NaN	NaN
	57354	19.355755386739546	0.05696896736960079	F	NaN	NaN	NaN
	57355	19.367883774975198	0.05953945537664196	F	NaN	NaN	NaN
	57356	19.380150642517204	0.0625772352376359	F	NaN	NaN	NaN
	57357	19.392549382709472	0.06558456193001722	F	NaN	NaN	NaN
	57358	19.40507663581222	0.0687719487828542	F	NaN	NaN	NaN
	57359	19.417733111278967	0.07197660542399398	F	NaN	NaN	NaN
	57360	19.43051951856322	0.0753952179783075	F	NaN	NaN	NaN
	57361	19.44343656711849	0.07933721424161527	F	NaN	NaN	NaN
	57362	19.456389493578065	0.0831484594193068	F	NaN	NaN	NaN
	57363	19.46925330161813	0.08694669602624981	F	NaN	NaN	NaN
	57364	19.481674280378257	0.09054729599779826	F	NaN	NaN	NaN
	57365	19.494070098230477	0.09413553349353754	F	NaN	NaN	NaN
	57366	19.506465916082693	0.09772377098927681	F	NaN	NaN	NaN
	57367	19.518861733934912	0.10131200848501608	F	NaN	NaN	NaN
	57368	19.53125755178713	0.10490024598075537	F	NaN	NaN	NaN
	57369	19.543653369639348	0.10848848347649465	F	NaN	NaN	NaN
	57370	19.556049187491567	0.11207672097223391	F	NaN	NaN	NaN
	57371	19.568445005343783	0.11566495846797317	F	NaN	NaN	NaN
	57372	19.580840823196002	0.11925319596371245	F	NaN	NaN	NaN
	57373	19.592658808775052	0.12252008044251997	F	NaN	NaN	NaN
	57374	19.604255411864944	0.12566384626892402	F	NaN	NaN	NaN
	57375	19.615852014954836	0.12880761209532807	F	NaN	NaN	NaN
	57376	19.627448618044728	0.13195137792173212	F	NaN	NaN	NaN
	57377	19.63904522113462	0.13509514374813616	F	NaN	NaN	NaN
	57378	19.65064182422451	0.13823890957454021	F	NaN	NaN	NaN
	57379	19.6622384273144	0.1413826754009443	F	NaN	NaN	NaN
	57380	19.67383503040429	0.1445264412273483	F	NaN	NaN	NaN
	57381	19.685431633494183	0.1476702070537524	F	NaN	NaN	NaN
	57382	19.69664913802408	0.15038731507112965	F	NaN	NaN	NaN
	57383	19.707496534473666	0.15268788364649466	F	NaN	NaN	NaN
	57384	19.718343930923254	0.15498845222185967	F	NaN	NaN	NaN
	57385	19.729191327372842	0.15728902079722468	F	NaN	NaN	NaN
	57386	19.74003872382243	0.1595895893725897	F	NaN	NaN	NaN
	57387	19.750886120272018	0.16189015794795472	F	NaN	NaN	NaN
	57388	19.761733516721605	0.16419072652331973	F	NaN	NaN	NaN
	57389	19.772580913171193	0.16649129509868477	F	NaN	NaN	NaN
	57390	19.78342830962078	0.16879186367404977	F	NaN	NaN	NaN
	57391	19.79407363769858	0.1710197101192904	F	NaN	NaN	NaN
	57392	19.80422183562989	0.1730686450264088	F	NaN	NaN	NaN
	57393	19.814370033561197	0.1751175799335272	F	NaN	NaN	NaN
	57394	19.824518231492505	0.17716651484064558	F	NaN	NaN	NaN
	57395	19.834666429423816	0.179215449747764	F	NaN	NaN	NaN
	57396	19.844814627355124	0.18126438465488237	F	NaN	NaN	NaN
	57397	19.85496282528643	0.18331331956200075	F	NaN	NaN	NaN
	57398	19.86511102321774	0.18536225446911914	F	NaN	NaN	NaN
	57399	19.875259221149047	0.18741118937623752	F	NaN	NaN	NaN
	57400	19.885360677371825	0.18939007616552012	F	NaN	NaN	NaN
	57401	19.894859684906876	0.1904661205471429	F	NaN	NaN	NaN
	57402	19.90435869244193	0.19154216492876566	F	NaN	NaN	NaN
	57403	19.913857699976983	0.19261820931038842	F	NaN	NaN	NaN
	57404	19.923356707512035	0.1936942536920112	F	NaN	NaN	NaN
	57405	19.932855715047086	0.19477029807363394	F	NaN	NaN	NaN
	57406	19.94235472258214	0.19584634245525673	F	NaN	NaN	NaN
	57407	19.951853730117193	0.1969223868368795	F	NaN	NaN	NaN
	57408	19.961352737652245	0.19799843121850225	F	NaN	NaN	NaN
	57409	19.9708517451873	0.19907447560012498	F	NaN	NaN	NaN
	57410	19.97983845187788	0.1999259636153694	F	NaN	NaN	NaN
	57411	19.9887382771387	0.2007393689719892	F	NaN	NaN	NaN
	57412	19.997638102399524	0.20155277432860905	F	NaN	NaN	NaN
	57413	20.006537927660343	0.20236617968522885	F	NaN	NaN	NaN
	57414	20.015437752921166	0.2031795850418487	F	NaN	NaN	NaN
	57415	20.024337578181985	0.20399299039846847	F	NaN	NaN	NaN
	57416	20.033237403442808	0.2048063957550883	F	NaN	NaN	NaN
	57417	20.042137228703627	0.20561980111170808	F	NaN	NaN	NaN
	57418	20.05103705396445	0.2064332064683279	F	NaN	NaN	NaN
	57419	20.059586506116162	0.2068930499551478	F	NaN	NaN	NaN
	57420	20.067937157224776	0.20715228310204892	F	NaN	NaN	NaN
	57421	20.07628780833339	0.20741151624895005	F	NaN	NaN	NaN
	57422	20.084638459442004	0.20767074939585123	F	NaN	NaN	NaN
	57423	20.09298911055062	0.20792998254275238	F	NaN	NaN	NaN
	57424	20.101339761659233	0.20818921568965354	F	NaN	NaN	NaN
	57425	20.109690412767847	0.20844844883655467	F	NaN	NaN	NaN
	57426	20.11804106387646	0.2087076819834558	F	NaN	NaN	NaN
	57427	20.126391714985076	0.20896691513035698	F	NaN	NaN	NaN
	57428	20.13453221719498	0.20904452199804419	F	NaN	NaN	NaN
	57429	20.142383702273413	0.20887233880477185	F	NaN	NaN	NaN
	57430	20.150235187351843	0.20870015561149952	F	NaN	NaN	NaN
	57431	20.158086672430272	0.20852797241822718	F	NaN	NaN	NaN
	57432	20.165938157508702	0.20835578922495485	F	NaN	NaN	NaN
	57433	20.173789642587135	0.2081836060316825	F	NaN	NaN	NaN
	57434	20.181641127665564	0.20801142283841018	F	NaN	NaN	NaN
	57435	20.189492612743994	0.20783923964513784	F	NaN	NaN	NaN
	57436	20.197344097822427	0.2076670564518655	F	NaN	NaN	NaN
	57437	20.20510395468759	0.20741847057011803	F	NaN	NaN	NaN
	57438	20.212506281857863	0.20687176439412053	F	NaN	NaN	NaN
	57439	20.21990860902813	0.206325058218123	F	NaN	NaN	NaN
	57440	20.227310936198403	0.20577835204212547	F	NaN	NaN	NaN
	57441	20.234713263368672	0.20523164586612797	F	NaN	NaN	NaN
	57442	20.24211559053894	0.2046849396901305	F	NaN	NaN	NaN
	57443	20.249517917709213	0.20413823351413296	F	NaN	NaN	NaN
	57444	20.25692024487948	0.20359152733813546	F	NaN	NaN	NaN
	57445	20.264322572049753	0.20304482116213796	F	NaN	NaN	NaN
	57446	20.271724899220022	0.20249811498614043	F	NaN	NaN	NaN
	57447	20.278733265551377	0.20164321330391982	F	NaN	NaN	NaN
	57448	20.285736442935512	0.20078425230905422	F	NaN	NaN	NaN
	57449	20.29273962031965	0.19992529131418865	F	NaN	NaN	NaN
	57450	20.299742797703786	0.19906633031932308	F	NaN	NaN	NaN
	57451	20.30674597508792	0.19820736932445748	F	NaN	NaN	NaN
	57452	20.31374915247206	0.19734840832959188	F	NaN	NaN	NaN
	57453	20.320752329856195	0.1964894473347263	F	NaN	NaN	NaN
	57454	20.327755507240333	0.19563048633986074	F	NaN	NaN	NaN
	57455	20.334758684624468	0.19477152534499514	F	NaN	NaN	NaN
	57456	20.341493022927235	0.19356759788625214	F	NaN	NaN	NaN
	57457	20.34814705864726	0.19226062849674294	F	NaN	NaN	NaN
	57458	20.354801094367282	0.19095365910723375	F	NaN	NaN	NaN
	57459	20.361455130087304	0.18964668971772455	F	NaN	NaN	NaN
	57460	20.36810916580733	0.18833972032821536	F	NaN	NaN	NaN
	57461	20.37476320152735	0.18703275093870617	F	NaN	NaN	NaN
	57462	20.381417237247376	0.18572578154919697	F	NaN	NaN	NaN
	57463	20.388071272967398	0.18441881215968778	F	NaN	NaN	NaN
	57464	20.39472530868742	0.18311184277017856	F	NaN	NaN	NaN
	57465	20.40121392355867	0.1818279070290089	F	NaN	NaN	NaN
	57466	20.407568825736607	0.1805625898064789	F	NaN	NaN	NaN
	57467	20.413923727914543	0.17929727258394895	F	NaN	NaN	NaN
	57468	20.420278630092476	0.17803195536141897	F	NaN	NaN	NaN
	57469	20.42663353227041	0.17676663813888902	F	NaN	NaN	NaN
	57470	20.432988434448347	0.17550132091635903	F	NaN	NaN	NaN
	57471	20.439343336626283	0.17423600369382908	F	NaN	NaN	NaN
	57472	20.44569823880422	0.1729706864712991	F	NaN	NaN	NaN
	57473	20.452053140982155	0.1717053692487691	F	NaN	NaN	NaN
	57474	20.45832433701895	0.17039895940776598	F	NaN	NaN	NaN
	57475	20.46443011377682	0.16901134272549545	F	NaN	NaN	NaN
	57476	20.470535890534695	0.16762372604322495	F	NaN	NaN	NaN
	57477	20.47664166729257	0.16623610936095443	F	NaN	NaN	NaN
	57478	20.48274744405044	0.1648484926786839	F	NaN	NaN	NaN
	57479	20.488853220808313	0.1634608759964134	F	NaN	NaN	NaN
	57480	20.494958997566183	0.16207325931414288	F	NaN	NaN	NaN
	57481	20.501064774324057	0.16068564263187235	F	NaN	NaN	NaN
	57482	20.507170551081927	0.15929802594960185	F	NaN	NaN	NaN
	57483	20.513252632881333	0.1579344354953243	F	NaN	NaN	NaN
	57484	20.519159292341165	0.1567487198886272	F	NaN	NaN	NaN
	57485	20.525065951801	0.1555630042819301	F	NaN	NaN	NaN
	57486	20.530972611260832	0.154377288675233	F	NaN	NaN	NaN
	57487	20.536879270720664	0.1531915730685359	F	NaN	NaN	NaN
	57488	20.542785930180496	0.1520058574618388	F	NaN	NaN	NaN
	57489	20.54869258964033	0.1508201418551417	F	NaN	NaN	NaN
	57490	20.55459924910016	0.14963442624844459	F	NaN	NaN	NaN
	57491	20.560505908559993	0.14844871064174753	F	NaN	NaN	NaN
	57492	20.566412568019825	0.14726299503505041	F	NaN	NaN	NaN
	57493	20.572184731002892	0.14617342622377277	F	NaN	NaN	NaN
	57494	20.57794228128671	0.1450943035166536	F	NaN	NaN	NaN
	57495	20.583699831570524	0.14401518080953438	F	NaN	NaN	NaN
	57496	20.58945738185434	0.1429360581024152	F	NaN	NaN	NaN
	57497	20.59521493213816	0.141856935395296	F	NaN	NaN	NaN
	57498	20.600972482421973	0.1407778126881768	F	NaN	NaN	NaN
	57499	20.60673003270579	0.1396986899810576	F	NaN	NaN	NaN
	57500	20.61248758298961	0.13861956727393843	F	NaN	NaN	NaN
	57501	20.618245133273422	0.13754044456681924	F	NaN	NaN	NaN
	57502	20.623934799335256	0.13661771253259547	F	NaN	NaN	NaN
	57503	20.62959324856508	0.1357668973771492	F	NaN	NaN	NaN
	57504	20.635251697794907	0.13491608222170293	F	NaN	NaN	NaN
	57505	20.64091014702473	0.13406526706625665	F	NaN	NaN	NaN
	57506	20.646568596254554	0.13321445191081038	F	NaN	NaN	NaN
	57507	20.65222704548438	0.1323636367553641	F	NaN	NaN	NaN
	57508	20.657885494714204	0.13151282159991784	F	NaN	NaN	NaN
	57509	20.663543943944028	0.13066200644447157	F	NaN	NaN	NaN
	57510	20.669202393173855	0.1298111912890253	F	NaN	NaN	NaN
	57511	20.674837866911517	0.1291759371484749	F	NaN	NaN	NaN
	57512	20.680447223209374	0.1287857224522071	F	NaN	NaN	NaN
	57513	20.68605657950723	0.12839550775593928	F	NaN	NaN	NaN
	57514	20.691665935805087	0.12800529305967145	F	NaN	NaN	NaN
	57515	20.697275292102944	0.12761507836340363	F	NaN	NaN	NaN
	57516	20.7028846484008	0.1272248636671358	F	NaN	NaN	NaN
	57517	20.708494004698654	0.12683464897086802	F	NaN	NaN	NaN
	57518	20.71410336099651	0.1264444342746002	F	NaN	NaN	NaN
	57519	20.719712717294367	0.12605421957833238	F	NaN	NaN	NaN
	57520	20.725322303304928	0.1257615252716077	F	NaN	NaN	NaN
	57521	20.730932574792842	0.12575983802372426	F	NaN	NaN	NaN
	57522	20.736542846280756	0.12575815077584085	F	NaN	NaN	NaN
	57523	20.742153117768666	0.1257564635279574	F	NaN	NaN	NaN
	57524	20.74776338925658	0.12575477628007398	F	NaN	NaN	NaN
	57525	20.753373660744494	0.12575308903219057	F	NaN	NaN	NaN
	57526	20.758983932232407	0.12575140178430713	F	NaN	NaN	NaN
	57527	20.76459420372032	0.1257497145364237	F	NaN	NaN	NaN
	57528	20.77020447520823	0.12574802728854026	F	NaN	NaN	NaN
	57529	20.775816478088757	0.12577178221719723	F	NaN	NaN	NaN
	57530	20.781477672888748	0.12651839427933337	F	NaN	NaN	NaN
	57531	20.787138867688743	0.12726500634146948	F	NaN	NaN	NaN
	57532	20.792800062488734	0.12801161840360564	F	NaN	NaN	NaN
	57533	20.79846125728873	0.12875823046574175	F	NaN	NaN	NaN
	57534	20.80412245208872	0.1295048425278779	F	NaN	NaN	NaN
	57535	20.809783646888715	0.13025145459001403	F	NaN	NaN	NaN
	57536	20.815444841688706	0.13099806665215016	F	NaN	NaN	NaN
	57537	20.8211060364887	0.1317446787142863	F	NaN	NaN	NaN
	57538	20.82676723128869	0.13249129077642244	F	NaN	NaN	NaN
	57539	20.83251088707035	0.1337397071086651	F	NaN	NaN	NaN
	57540	20.838273013304445	0.13510052268378692	F	NaN	NaN	NaN
	57541	20.84403513953854	0.13646133825890877	F	NaN	NaN	NaN
	57542	20.849797265772636	0.13782215383403063	F	NaN	NaN	NaN
	57543	20.855559392006736	0.13918296940915245	F	NaN	NaN	NaN
	57544	20.861321518240832	0.14054378498427428	F	NaN	NaN	NaN
	57545	20.867083644474928	0.14190460055939613	F	NaN	NaN	NaN
	57546	20.872845770709024	0.14326541613451796	F	NaN	NaN	NaN
	57547	20.87860789694312	0.14462623170963979	F	NaN	NaN	NaN

# FILTER r
#        MJD  MAG  MAGERR  Upperlimit  Instrument  Telescope  Source
	57242	16.840603427675607	0.037195919348825504	F	NaN	NaN	NaN
	57243	16.781749033949737	0.028780884685574527	F	NaN	NaN	NaN
	57244	16.730763785431904	0.023094418880300095	F	NaN	NaN	NaN
	57245	16.687673321009594	0.020191969163719587	F	NaN	NaN	NaN
	57246	16.652514086585935	0.019434403215834475	F	NaN	NaN	NaN
	57247	16.625220934116683	0.019585429012258238	F	NaN	NaN	NaN
	57248	16.60572927283827	0.020198088775344097	F	NaN	NaN	NaN
	57249	16.593970665999997	0.02071871540195604	F	NaN	NaN	NaN
	57250	16.590208404932582	0.0206633246034348	F	NaN	NaN	NaN
	57251	16.5948709652329	0.020345743719563904	F	NaN	NaN	NaN
	57252	16.606601419481162	0.02075927362349115	F	NaN	NaN	NaN
	57253	16.6274885900772	0.02005905444556349	F	NaN	NaN	NaN
	57254	16.655386949348568	0.02049317551250771	F	NaN	NaN	NaN
	57255	16.689567514855025	0.019562927734898372	F	NaN	NaN	NaN
	57256	16.730994854541162	0.019177804365979562	F	NaN	NaN	NaN
	57257	16.774232045350992	0.019138533272627243	F	NaN	NaN	NaN
	57258	16.820723463682395	0.01905944417119491	F	NaN	NaN	NaN
	57259	16.869583285595937	0.01862750438156107	F	NaN	NaN	NaN
	57260	16.917857403657855	0.018900309026395237	F	NaN	NaN	NaN
	57261	16.966946602583032	0.0219216782668762	F	NaN	NaN	NaN
	57262	17.0155618077202	0.02524844266296586	F	NaN	NaN	NaN
	57263	17.064020692139085	0.028350759102255582	F	NaN	NaN	NaN
	57264	17.1126059340433	0.0279263070544086	F	NaN	NaN	NaN
	57265	17.161366442903706	0.02667090404850957	F	NaN	NaN	NaN
	57266	17.209741254153304	0.025708726193328202	F	NaN	NaN	NaN
	57267	17.257165779890798	0.02589230127186088	F	NaN	NaN	NaN
	57268	17.30307370251738	0.026723587041991136	F	NaN	NaN	NaN
	57269	17.346901394074123	0.027248030162274	F	NaN	NaN	NaN
	57270	17.388774408974864	0.02681854844216338	F	NaN	NaN	NaN
	57271	17.42967385698223	0.02662511127754715	F	NaN	NaN	NaN
	57272	17.468623990184753	0.026272453732210814	F	NaN	NaN	NaN
	57273	17.50588729689865	0.02522644093352952	F	NaN	NaN	NaN
	57274	17.541701367574	0.024254385331333783	F	NaN	NaN	NaN
	57275	17.576141001844938	0.02362315833784309	F	NaN	NaN	NaN
	57276	17.609270356940385	0.023574813723178815	F	NaN	NaN	NaN
	57277	17.64115950857011	0.024359555147697748	F	NaN	NaN	NaN
	57278	17.671875514130576	0.0251682311268525	F	NaN	NaN	NaN
	57279	17.701490183970886	0.025837744540687137	F	NaN	NaN	NaN
	57280	17.73007486745227	0.026346504728971036	F	NaN	NaN	NaN
	57281	17.757325783509653	0.026194223595147635	F	NaN	NaN	NaN
	57282	17.78303255174411	0.025735434423985536	F	NaN	NaN	NaN
	57283	17.807396053453914	0.025655871052866923	F	NaN	NaN	NaN
	57284	17.83061449590776	0.025490723455333812	F	NaN	NaN	NaN
	57285	17.852889421095924	0.025535985945767316	F	NaN	NaN	NaN
	57286	17.874411035079	0.025727340685875955	F	NaN	NaN	NaN
	57287	17.89538305861528	0.02641000369038124	F	NaN	NaN	NaN
	57288	17.916002228699796	0.026726196662003363	F	NaN	NaN	NaN
	57289	17.93638562221595	0.02711660551584675	F	NaN	NaN	NaN
	57290	17.95606974009143	0.027394805741019452	F	NaN	NaN	NaN
	57291	17.974977262497312	0.02813077787403826	F	NaN	NaN	NaN
	57292	17.993162817411672	0.02853858714307829	F	NaN	NaN	NaN
	57293	18.01069471614029	0.029030264179744258	F	NaN	NaN	NaN
	57294	18.0276418615991	0.029577701886443736	F	NaN	NaN	NaN
	57295	18.044059311350402	0.029937756626313785	F	NaN	NaN	NaN
	57296	18.060013377914288	0.030728505596424344	F	NaN	NaN	NaN
	57297	18.075567010830625	0.03143198977912142	F	NaN	NaN	NaN
	57298	18.090782293051298	0.032442738734845294	F	NaN	NaN	NaN
	57299	18.105723688221975	0.033317587220667695	F	NaN	NaN	NaN
	57300	18.120455758531293	0.03426037999383763	F	NaN	NaN	NaN
	57301	18.13503934911179	0.035248584041520724	F	NaN	NaN	NaN
	57302	18.149538717257787	0.036300557465583784	F	NaN	NaN	NaN
	57303	18.164017301455594	0.03736766907636808	F	NaN	NaN	NaN
	57304	18.178538782786944	0.03844272643749516	F	NaN	NaN	NaN
	57305	18.19316564384247	0.03930216705441851	F	NaN	NaN	NaN
	57306	18.207957868099854	0.04005528561995149	F	NaN	NaN	NaN
	57307	18.22298607363486	0.04066685714400535	F	NaN	NaN	NaN
	57308	18.238308878814294	0.04096038139023545	F	NaN	NaN	NaN
	57309	18.253980352296754	0.04120618444804923	F	NaN	NaN	NaN
	57310	18.26967498511786	0.04112211536541055	F	NaN	NaN	NaN
	57311	18.28506237964577	0.041177733521238075	F	NaN	NaN	NaN
	57312	18.30019651404995	0.04096898317381567	F	NaN	NaN	NaN
	57313	18.31505895303164	0.04054674734804263	F	NaN	NaN	NaN
	57314	18.32969472931794	0.040086323069412205	F	NaN	NaN	NaN
	57315	18.344125245522232	0.03959735481020649	F	NaN	NaN	NaN
	57316	18.358346677650008	0.03905266197703852	F	NaN	NaN	NaN
	57317	18.37240406914954	0.038322945854909425	F	NaN	NaN	NaN
	57318	18.386312183885156	0.03765200537676709	F	NaN	NaN	NaN
	57319	18.40008023053623	0.037140930192457455	F	NaN	NaN	NaN
	57320	18.413742529506543	0.03649726694448473	F	NaN	NaN	NaN
	57321	18.427313788624364	0.03597015089336998	F	NaN	NaN	NaN
	57322	18.440811742056276	0.03549634565418419	F	NaN	NaN	NaN
	57323	18.454262474491475	0.035079447886845694	F	NaN	NaN	NaN
	57324	18.467682244871696	0.034730497301398724	F	NaN	NaN	NaN
	57325	18.481093023062982	0.034448878761143345	F	NaN	NaN	NaN
	57326	18.494514669475148	0.034232706782701315	F	NaN	NaN	NaN
	57327	18.50796884127231	0.0339689668435242	F	NaN	NaN	NaN
	57328	18.521475618045475	0.03386327617285397	F	NaN	NaN	NaN
	57329	18.535054526795392	0.03396792149347194	F	NaN	NaN	NaN
	57330	18.54872542793187	0.03404000700491792	F	NaN	NaN	NaN
	57331	18.562510456479316	0.03409560518270431	F	NaN	NaN	NaN
	57332	18.576430684888354	0.03390727209518368	F	NaN	NaN	NaN
	57333	18.59050473208927	0.03379366492288282	F	NaN	NaN	NaN
	57334	18.60475298767763	0.03374679684248507	F	NaN	NaN	NaN
	57335	18.619196688036983	0.03351010074225418	F	NaN	NaN	NaN
	57336	18.63385871309385	0.03318898303914839	F	NaN	NaN	NaN
	57337	18.64875637281732	0.032770943193444944	F	NaN	NaN	NaN
	57338	18.663909892933464	0.032008792488107125	F	NaN	NaN	NaN
	57339	18.679224803280036	0.03128824733622063	F	NaN	NaN	NaN
	57340	18.69454594826813	0.03067373323441304	F	NaN	NaN	NaN
	57341	18.709869790605772	0.030062017295544495	F	NaN	NaN	NaN
	57342	18.72519770851907	0.02943711546150657	F	NaN	NaN	NaN
	57343	18.740530838590225	0.028620918985890594	F	NaN	NaN	NaN
	57344	18.755870677554096	0.02822753284102001	F	NaN	NaN	NaN
	57345	18.771218291733216	0.02766081068218674	F	NaN	NaN	NaN
	57346	18.786574999204895	0.02713476512223689	F	NaN	NaN	NaN
	57347	18.801942210366196	0.026663305402176367	F	NaN	NaN	NaN
	57348	18.81732118327622	0.026080558936073757	F	NaN	NaN	NaN
	57349	18.832713095484515	0.02570645461889074	F	NaN	NaN	NaN
	57350	18.84811921237905	0.025437906508085417	F	NaN	NaN	NaN
	57351	18.86354133002277	0.025330138020938846	F	NaN	NaN	NaN
	57352	18.878980020123162	0.025347505525315076	F	NaN	NaN	NaN
	57353	18.894436651894882	0.02555499396870776	F	NaN	NaN	NaN
	57354	18.90991246703914	0.02597495256454116	F	NaN	NaN	NaN
	57355	18.92540889449072	0.026443331295579853	F	NaN	NaN	NaN
	57356	18.940928086000255	0.02703690555097798	F	NaN	NaN	NaN
	57357	18.956470339263316	0.0280699874515805	F	NaN	NaN	NaN
	57358	18.97203689598114	0.029132419741388263	F	NaN	NaN	NaN
	57359	18.98762899785494	0.03027878187449541	F	NaN	NaN	NaN
	57360	19.003247886585932	0.03155777723187029	F	NaN	NaN	NaN
	57361	19.018895784112644	0.032994460176184376	F	NaN	NaN	NaN
	57362	19.034572760989906	0.034658119357120806	F	NaN	NaN	NaN
	57363	19.05022559480763	0.036349240850811114	F	NaN	NaN	NaN
	57364	19.065481952476404	0.03830440870726752	F	NaN	NaN	NaN
	57365	19.080716149260365	0.04026630737567185	F	NaN	NaN	NaN
	57366	19.095950346044322	0.04222820604407617	F	NaN	NaN	NaN
	57367	19.111184542828283	0.0441901047124805	F	NaN	NaN	NaN
	57368	19.12641873961224	0.04615200338088482	F	NaN	NaN	NaN
	57369	19.141652936396202	0.04811390204928914	F	NaN	NaN	NaN
	57370	19.156887133180163	0.050075800717693464	F	NaN	NaN	NaN
	57371	19.172070288999645	0.05203276479955034	F	NaN	NaN	NaN
	57372	19.186585598960043	0.05392516224897989	F	NaN	NaN	NaN
	57373	19.20110090892044	0.05581755969840945	F	NaN	NaN	NaN
	57374	19.21561621888084	0.057709957147839	F	NaN	NaN	NaN
	57375	19.230131528841238	0.059602354597268564	F	NaN	NaN	NaN
	57376	19.244646838801636	0.06149475204669811	F	NaN	NaN	NaN
	57377	19.259162148762034	0.06338714949612767	F	NaN	NaN	NaN
	57378	19.27367745872243	0.06527954694555724	F	NaN	NaN	NaN
	57379	19.28805165803973	0.06710023724880543	F	NaN	NaN	NaN
	57380	19.30186840046006	0.06863764882605844	F	NaN	NaN	NaN
	57381	19.315685142880387	0.07017506040331146	F	NaN	NaN	NaN
	57382	19.329501885300715	0.07171247198056448	F	NaN	NaN	NaN
	57383	19.343318627721043	0.0732498835578175	F	NaN	NaN	NaN
	57384	19.357135370141368	0.07478729513507051	F	NaN	NaN	NaN
	57385	19.370952112561696	0.07632470671232353	F	NaN	NaN	NaN
	57386	19.384768854982024	0.07786211828957654	F	NaN	NaN	NaN
	57387	19.39835974073291	0.07932234600228076	F	NaN	NaN	NaN
	57388	19.41149823489666	0.08062797420250944	F	NaN	NaN	NaN
	57389	19.424636729060406	0.08193360240273814	F	NaN	NaN	NaN
	57390	19.43777522322415	0.08323923060296683	F	NaN	NaN	NaN
	57391	19.4509137173879	0.08454485880319552	F	NaN	NaN	NaN
	57392	19.464052211551646	0.08585048700342422	F	NaN	NaN	NaN
	57393	19.47719070571539	0.0871561152036529	F	NaN	NaN	NaN
	57394	19.490329199879138	0.0884617434038816	F	NaN	NaN	NaN
	57395	19.50316241499937	0.08965669903481058	F	NaN	NaN	NaN
	57396	19.515642980190027	0.09072380876672091	F	NaN	NaN	NaN
	57397	19.52812354538068	0.09179091849863125	F	NaN	NaN	NaN
	57398	19.540604110571337	0.09285802823054157	F	NaN	NaN	NaN
	57399	19.553084675761994	0.09392513796245189	F	NaN	NaN	NaN
	57400	19.56556524095265	0.09499224769436222	F	NaN	NaN	NaN
	57401	19.578045806143304	0.09605935742627254	F	NaN	NaN	NaN
	57402	19.59052637133396	0.09712646715818286	F	NaN	NaN	NaN
	57403	19.602627558759306	0.09798800128154718	F	NaN	NaN	NaN
	57404	19.61447051426036	0.09870960578901106	F	NaN	NaN	NaN
	57405	19.626313469761417	0.09943121029647498	F	NaN	NaN	NaN
	57406	19.638156425262473	0.10015281480393887	F	NaN	NaN	NaN
	57407	19.64999938076353	0.10087441931140279	F	NaN	NaN	NaN
	57408	19.66184233626458	0.10159602381886666	F	NaN	NaN	NaN
	57409	19.673685291765636	0.10231762832633057	F	NaN	NaN	NaN
	57410	19.685528247266692	0.10303923283379447	F	NaN	NaN	NaN
	57411	19.696923049932913	0.10362384061602048	F	NaN	NaN	NaN
	57412	19.70814871502786	0.10415674440001685	F	NaN	NaN	NaN
	57413	19.719374380122805	0.10468964818401319	F	NaN	NaN	NaN
	57414	19.730600045217752	0.10522255196800956	F	NaN	NaN	NaN
	57415	19.741825710312696	0.1057554557520059	F	NaN	NaN	NaN
	57416	19.753051375407644	0.10628835953600228	F	NaN	NaN	NaN
	57417	19.76427704050259	0.10682126331999864	F	NaN	NaN	NaN
	57418	19.775502705597535	0.107354167103995	F	NaN	NaN	NaN
	57419	19.786216766440397	0.10776229108407585	F	NaN	NaN	NaN
	57420	19.796845460412722	0.1081495941633873	F	NaN	NaN	NaN
	57421	19.807474154385048	0.10853689724269874	F	NaN	NaN	NaN
	57422	19.818102848357377	0.1089242003220102	F	NaN	NaN	NaN
	57423	19.828731542329702	0.10931150340132165	F	NaN	NaN	NaN
	57424	19.839360236302028	0.1096988064806331	F	NaN	NaN	NaN
	57425	19.849988930274353	0.11008610955994452	F	NaN	NaN	NaN
	57426	19.860617624246682	0.11047341263925597	F	NaN	NaN	NaN
	57427	19.87067658620195	0.11070635244131252	F	NaN	NaN	NaN
	57428	19.880728628335145	0.1109374173857502	F	NaN	NaN	NaN
	57429	19.89078067046834	0.11116848233018789	F	NaN	NaN	NaN
	57430	19.900832712601538	0.11139954727462557	F	NaN	NaN	NaN
	57431	19.910884754734735	0.11163061221906326	F	NaN	NaN	NaN
	57432	19.92093679686793	0.11186167716350094	F	NaN	NaN	NaN
	57433	19.930988839001127	0.11209274210793863	F	NaN	NaN	NaN
	57434	19.940974677560206	0.11229869567806217	F	NaN	NaN	NaN
	57435	19.950470387137763	0.11231874067027804	F	NaN	NaN	NaN
	57436	19.95996609671532	0.11233878566249389	F	NaN	NaN	NaN
	57437	19.969461806292877	0.11235883065470978	F	NaN	NaN	NaN
	57438	19.978957515870434	0.11237887564692563	F	NaN	NaN	NaN
	57439	19.98845322544799	0.1123989206391415	F	NaN	NaN	NaN
	57440	19.997948935025548	0.11241896563135736	F	NaN	NaN	NaN
	57441	20.007444644603105	0.11243901062357323	F	NaN	NaN	NaN
	57442	20.016806350862623	0.11247013979733775	F	NaN	NaN	NaN
	57443	20.025766047168034	0.1125345215157483	F	NaN	NaN	NaN
	57444	20.03472574347344	0.11259890323415883	F	NaN	NaN	NaN
	57445	20.04368543977885	0.11266328495256939	F	NaN	NaN	NaN
	57446	20.052645136084262	0.1127276666709799	F	NaN	NaN	NaN
	57447	20.061604832389673	0.11279204838939044	F	NaN	NaN	NaN
	57448	20.07056452869508	0.11285643010780098	F	NaN	NaN	NaN
	57449	20.07952422500049	0.1129208118262115	F	NaN	NaN	NaN
	57450	20.08828744189622	0.11296699601919087	F	NaN	NaN	NaN
	57451	20.09673144421297	0.11298361520366143	F	NaN	NaN	NaN
	57452	20.105175446529724	0.11300023438813199	F	NaN	NaN	NaN
	57453	20.113619448846475	0.11301685357260255	F	NaN	NaN	NaN
	57454	20.122063451163225	0.11303347275707311	F	NaN	NaN	NaN
	57455	20.13050745347998	0.11305009194154367	F	NaN	NaN	NaN
	57456	20.13895145579673	0.11306671112601423	F	NaN	NaN	NaN
	57457	20.14739545811348	0.11308333031048479	F	NaN	NaN	NaN
	57458	20.155585828581184	0.1130818711113395	F	NaN	NaN	NaN
	57459	20.163534456192767	0.11306318095281054	F	NaN	NaN	NaN
	57460	20.171483083804347	0.11304449079428155	F	NaN	NaN	NaN
	57461	20.17943171141593	0.11302580063575257	F	NaN	NaN	NaN
	57462	20.187380339027513	0.1130071104772236	F	NaN	NaN	NaN
	57463	20.195328966639096	0.11298842031869463	F	NaN	NaN	NaN
	57464	20.20327759425068	0.11296973016016565	F	NaN	NaN	NaN
	57465	20.211226221862262	0.11295104000163667	F	NaN	NaN	NaN
	57466	20.218869388837707	0.11300765328290557	F	NaN	NaN	NaN
	57467	20.22634296102761	0.11310607578347191	F	NaN	NaN	NaN
	57468	20.233816533217514	0.11320449828403825	F	NaN	NaN	NaN
	57469	20.241290105407415	0.1133029207846046	F	NaN	NaN	NaN
	57470	20.24876367759732	0.11340134328517096	F	NaN	NaN	NaN
	57471	20.256237249787226	0.1134997657857373	F	NaN	NaN	NaN
	57472	20.263710821977128	0.11359818828630364	F	NaN	NaN	NaN
	57473	20.271184394167033	0.11369661078686999	F	NaN	NaN	NaN
	57474	20.27830600058598	0.11393062388923952	F	NaN	NaN	NaN
	57475	20.2853248366377	0.11420422804588287	F	NaN	NaN	NaN
	57476	20.292343672689416	0.11447783220252625	F	NaN	NaN	NaN
	57477	20.299362508741133	0.1147514363591696	F	NaN	NaN	NaN
	57478	20.306381344792847	0.11502504051581297	F	NaN	NaN	NaN
	57479	20.313400180844564	0.11529864467245632	F	NaN	NaN	NaN
	57480	20.32041901689628	0.1155722488290997	F	NaN	NaN	NaN
	57481	20.327437852947998	0.11584585298574304	F	NaN	NaN	NaN
	57482	20.334063541746215	0.11649619533178121	F	NaN	NaN	NaN
	57483	20.340647960943237	0.11718608478057405	F	NaN	NaN	NaN
	57484	20.347232380140255	0.11787597422936688	F	NaN	NaN	NaN
	57485	20.353816799337277	0.11856586367815972	F	NaN	NaN	NaN
	57486	20.360401218534296	0.11925575312695255	F	NaN	NaN	NaN
	57487	20.366985637731315	0.1199456425757454	F	NaN	NaN	NaN
	57488	20.373570056928337	0.12063553202453824	F	NaN	NaN	NaN
	57489	20.38013956861279	0.12133256660566762	F	NaN	NaN	NaN
	57490	20.386309890238604	0.12222093195269776	F	NaN	NaN	NaN
	57491	20.392480211864417	0.12310929729972789	F	NaN	NaN	NaN
	57492	20.39865053349023	0.12399766264675802	F	NaN	NaN	NaN
	57493	20.404820855116043	0.12488602799378815	F	NaN	NaN	NaN
	57494	20.410991176741856	0.1257743933408183	F	NaN	NaN	NaN
	57495	20.41716149836767	0.1266627586878484	F	NaN	NaN	NaN
	57496	20.423331819993482	0.12755112403487853	F	NaN	NaN	NaN
	57497	20.429436380645246	0.12847032331554	F	NaN	NaN	NaN
	57498	20.435212923983343	0.1295433229956905	F	NaN	NaN	NaN
	57499	20.440989467321437	0.13061632267584095	F	NaN	NaN	NaN
	57500	20.446766010659534	0.1316893223559914	F	NaN	NaN	NaN
	57501	20.45254255399763	0.13276232203614186	F	NaN	NaN	NaN
	57502	20.458319097335725	0.13383532171629234	F	NaN	NaN	NaN
	57503	20.464095640673822	0.1349083213964428	F	NaN	NaN	NaN
	57504	20.469872184011916	0.13598132107659328	F	NaN	NaN	NaN
	57505	20.475537436566754	0.13717717770655624	F	NaN	NaN	NaN
	57506	20.480940520900624	0.1386624490303794	F	NaN	NaN	NaN
	57507	20.48634360523449	0.14014772035420253	F	NaN	NaN	NaN
	57508	20.491746689568362	0.1416329916780257	F	NaN	NaN	NaN
	57509	20.49714977390223	0.14311826300184885	F	NaN	NaN	NaN
	57510	20.5025528582361	0.14460353432567202	F	NaN	NaN	NaN
	57511	20.507955942569968	0.1460888056494952	F	NaN	NaN	NaN
	57512	20.51335902690384	0.14757407697331834	F	NaN	NaN	NaN
	57513	20.51861061429751	0.14915742915108585	F	NaN	NaN	NaN
	57514	20.523660558910645	0.15087132717408186	F	NaN	NaN	NaN
	57515	20.52871050352378	0.15258522519707787	F	NaN	NaN	NaN
	57516	20.533760448136913	0.1542991232200739	F	NaN	NaN	NaN
	57517	20.538810392750047	0.15601302124306993	F	NaN	NaN	NaN
	57518	20.543860337363178	0.15772691926606597	F	NaN	NaN	NaN
	57519	20.548910281976312	0.15944081728906198	F	NaN	NaN	NaN
	57520	20.553960226589446	0.161154715312058	F	NaN	NaN	NaN
	57521	20.558899176789634	0.1628213382848548	F	NaN	NaN	NaN
	57522	20.56373895656973	0.16445771398775355	F	NaN	NaN	NaN
	57523	20.568534279307045	0.16611972724240975	F	NaN	NaN	NaN
	57524	20.573281372451024	0.16780914907495562	F	NaN	NaN	NaN
	57525	20.577992377794512	0.16951883491153147	F	NaN	NaN	NaN
	57526	20.582667476606144	0.17124853804148066	F	NaN	NaN	NaN
	57527	20.58729712431295	0.17300328402795204	F	NaN	NaN	NaN
	57528	20.591882465408002	0.17478205044627865	F	NaN	NaN	NaN
	57529	20.596432858786876	0.1765795384469175	F	NaN	NaN	NaN
	57530	20.600948485718206	0.17839550586643874	F	NaN	NaN	NaN
	57531	20.605417824900172	0.18023573985231423	F	NaN	NaN	NaN
	57532	20.60984662303447	0.18170063902795802	F	NaN	NaN	NaN
	57533	20.614241613536905	0.18328070803450275	F	NaN	NaN	NaN
	57534	20.618602977676115	0.18516152879019204	F	NaN	NaN	NaN
	57535	20.62291737483892	0.18706577402292385	F	NaN	NaN	NaN
	57536	20.627194839100635	0.18898811791666198	F	NaN	NaN	NaN
	57537	20.6314396358148	0.19092630543186884	F	NaN	NaN	NaN
	57538	20.635651946250057	0.19288011781702402	F	NaN	NaN	NaN
	57539	20.63981676789937	0.19485638945250283	F	NaN	NaN	NaN
	57540	20.643948107376673	0.19684821630010185	F	NaN	NaN	NaN
	57541	20.64804791939075	0.19885455626890347	F	NaN	NaN	NaN
	57542	20.652116005423103	0.20087537549897322	F	NaN	NaN	NaN
	57543	20.65613699785172	0.2034776005118708	F	NaN	NaN	NaN
	57544	20.660127421632787	0.20607673932604506	F	NaN	NaN	NaN
	57545	20.664087458034942	0.20852174105483579	F	NaN	NaN	NaN
	57546	20.66801491272993	0.21061036863928537	F	NaN	NaN	NaN
	57547	20.671899058466163	0.21271742802181767	F	NaN	NaN	NaN

# FILTER i
#        MJD  MAG  MAGERR  Upperlimit  Instrument  Telescope  Source
	57242	16.914778508217502	0.05168484859318133	F	NaN	NaN	NaN
	57243	16.842314326815977	0.04156048881508632	F	NaN	NaN	NaN
	57244	16.777874121917733	0.03363800021194515	F	NaN	NaN	NaN
	57245	16.721793481185497	0.029773824045644	F	NaN	NaN	NaN
	57246	16.674105928924636	0.02811021395493822	F	NaN	NaN	NaN
	57247	16.634301877279945	0.028318862644120327	F	NaN	NaN	NaN
	57248	16.601842050559405	0.028918595923161747	F	NaN	NaN	NaN
	57249	16.57737957112492	0.02947188126184641	F	NaN	NaN	NaN
	57250	16.562954727940472	0.028859045420944363	F	NaN	NaN	NaN
	57251	16.555343406995142	0.028948891228518986	F	NaN	NaN	NaN
	57252	16.55186331441299	0.02813762329406803	F	NaN	NaN	NaN
	57253	16.5537898211999	0.026865655190485456	F	NaN	NaN	NaN
	57254	16.560508206171985	0.025342423102431018	F	NaN	NaN	NaN
	57255	16.5720023236359	0.024009441664130934	F	NaN	NaN	NaN
	57256	16.58947673100103	0.024444533460236336	F	NaN	NaN	NaN
	57257	16.613586902592598	0.02393251001601214	F	NaN	NaN	NaN
	57258	16.643733706518372	0.0225476685305868	F	NaN	NaN	NaN
	57259	16.680090720832098	0.021640420760347983	F	NaN	NaN	NaN
	57260	16.718365631735995	0.023375046580036994	F	NaN	NaN	NaN
	57261	16.760019689883237	0.026268452765735383	F	NaN	NaN	NaN
	57262	16.80179478030717	0.028332208646875558	F	NaN	NaN	NaN
	57263	16.84689650181222	0.029026659975840564	F	NaN	NaN	NaN
	57264	16.893179485025087	0.031054714275855634	F	NaN	NaN	NaN
	57265	16.937842276638598	0.03292640251953105	F	NaN	NaN	NaN
	57266	16.97809426902149	0.033697003820486265	F	NaN	NaN	NaN
	57267	17.01170879991226	0.029393431256443572	F	NaN	NaN	NaN
	57268	17.041329660380498	0.02357852789677881	F	NaN	NaN	NaN
	57269	17.072030523024676	0.022665212030909293	F	NaN	NaN	NaN
	57270	17.10630177432883	0.021987095284930536	F	NaN	NaN	NaN
	57271	17.140155203218487	0.022233751848719042	F	NaN	NaN	NaN
	57272	17.17400378477865	0.022172850773181412	F	NaN	NaN	NaN
	57273	17.20730028843149	0.02237817593083875	F	NaN	NaN	NaN
	57274	17.239927870291943	0.022596494557317538	F	NaN	NaN	NaN
	57275	17.27200527301137	0.023252097487382942	F	NaN	NaN	NaN
	57276	17.303646822628387	0.024184479262725656	F	NaN	NaN	NaN
	57277	17.334969317838183	0.024930764377176756	F	NaN	NaN	NaN
	57278	17.36606204934238	0.025348395757665648	F	NaN	NaN	NaN
	57279	17.396850199421642	0.025604980623888628	F	NaN	NaN	NaN
	57280	17.427212804081073	0.025839790633876834	F	NaN	NaN	NaN
	57281	17.457026074085345	0.02605485674000657	F	NaN	NaN	NaN
	57282	17.486168967285813	0.026898496361619218	F	NaN	NaN	NaN
	57283	17.514521245181367	0.02735619164605043	F	NaN	NaN	NaN
	57284	17.541961848924146	0.028215275549650788	F	NaN	NaN	NaN
	57285	17.56837481799012	0.02861448813954584	F	NaN	NaN	NaN
	57286	17.593629988741107	0.028643008794913646	F	NaN	NaN	NaN
	57287	17.61806652300538	0.028484157587476012	F	NaN	NaN	NaN
	57288	17.64207352349473	0.02882132178135744	F	NaN	NaN	NaN
	57289	17.66568434489671	0.028824027366482582	F	NaN	NaN	NaN
	57290	17.68893803352661	0.028894658964784818	F	NaN	NaN	NaN
	57291	17.711867253280236	0.029143929833061986	F	NaN	NaN	NaN
	57292	17.73450285359739	0.029639985859288596	F	NaN	NaN	NaN
	57293	17.756881357247927	0.029890198626187248	F	NaN	NaN	NaN
	57294	17.779039189066893	0.030510883145423797	F	NaN	NaN	NaN
	57295	17.80100762813506	0.03109236191653566	F	NaN	NaN	NaN
	57296	17.822822177555427	0.031826956679386745	F	NaN	NaN	NaN
	57297	17.84451708674326	0.03227695235902673	F	NaN	NaN	NaN
	57298	17.866069655984134	0.0329860290389601	F	NaN	NaN	NaN
	57299	17.887396172529513	0.033774007096068065	F	NaN	NaN	NaN
	57300	17.90850031947916	0.03420151567264963	F	NaN	NaN	NaN
	57301	17.929383224545557	0.035097218166792794	F	NaN	NaN	NaN
	57302	17.950047987489288	0.035743660898477664	F	NaN	NaN	NaN
	57303	17.97050576930783	0.03636063861611158	F	NaN	NaN	NaN
	57304	17.990750041553095	0.03695747287738413	F	NaN	NaN	NaN
	57305	18.010791609349063	0.03727624607831005	F	NaN	NaN	NaN
	57306	18.030635411786246	0.03754829236001407	F	NaN	NaN	NaN
	57307	18.05027849062259	0.03764286599862939	F	NaN	NaN	NaN
	57308	18.069729522890405	0.03771108856814485	F	NaN	NaN	NaN
	57309	18.088995308053217	0.03789053798755935	F	NaN	NaN	NaN
	57310	18.1080729169793	0.03786573490379763	F	NaN	NaN	NaN
	57311	18.126961659995917	0.03778449616062108	F	NaN	NaN	NaN
	57312	18.145687006571286	0.03765859265059239	F	NaN	NaN	NaN
	57313	18.164227260173142	0.03748637756658749	F	NaN	NaN	NaN
	57314	18.182602796368336	0.03727633029574579	F	NaN	NaN	NaN
	57315	18.200819644233952	0.03703199164224019	F	NaN	NaN	NaN
	57316	18.218861288503973	0.03682901100878629	F	NaN	NaN	NaN
	57317	18.23675220629013	0.036556127835396426	F	NaN	NaN	NaN
	57318	18.254492765618473	0.036202285900779355	F	NaN	NaN	NaN
	57319	18.272073475589917	0.035816136859644236	F	NaN	NaN	NaN
	57320	18.289514504071324	0.03540224869769724	F	NaN	NaN	NaN
	57321	18.30681393096384	0.034961682685622414	F	NaN	NaN	NaN
	57322	18.32396843574099	0.03449790776114468	F	NaN	NaN	NaN
	57323	18.340993434240932	0.033908063533248184	F	NaN	NaN	NaN
	57324	18.35783664487016	0.03343359603464339	F	NaN	NaN	NaN
	57325	18.374476018640372	0.03305879707446269	F	NaN	NaN	NaN
	57326	18.390914070021047	0.03267043835079027	F	NaN	NaN	NaN
	57327	18.40714627545888	0.032305967870853255	F	NaN	NaN	NaN
	57328	18.42318032740442	0.03201004561176662	F	NaN	NaN	NaN
	57329	18.439020813388687	0.031964257186648644	F	NaN	NaN	NaN
	57330	18.454670247881158	0.03187443194661317	F	NaN	NaN	NaN
	57331	18.47012793853401	0.03146474895204059	F	NaN	NaN	NaN
	57332	18.485396119236167	0.03174003316382981	F	NaN	NaN	NaN
	57333	18.500480010894773	0.03226012758426518	F	NaN	NaN	NaN
	57334	18.51538192926303	0.032654795289555186	F	NaN	NaN	NaN
	57335	18.53010360288053	0.03320065292186364	F	NaN	NaN	NaN
	57336	18.544645848210212	0.03394175980350035	F	NaN	NaN	NaN
	57337	18.55901389725441	0.035139149454655086	F	NaN	NaN	NaN
	57338	18.57321031073424	0.0361646084896044	F	NaN	NaN	NaN
	57339	18.58723807794337	0.037939035938304264	F	NaN	NaN	NaN
	57340	18.601096423790946	0.03954299952934191	F	NaN	NaN	NaN
	57341	18.614792459515293	0.04151566785004102	F	NaN	NaN	NaN
	57342	18.628324137392056	0.043728141926268865	F	NaN	NaN	NaN
	57343	18.64169902514859	0.04602032044792981	F	NaN	NaN	NaN

# FILTER z
#        MJD  MAG  MAGERR  Upperlimit  Instrument  Telescope  Source
	57251	16.67589773934087	0.045155575463209696	F	NaN	NaN	NaN
	57252	16.69470021633228	0.0382607503968344	F	NaN	NaN	NaN
	57253	16.71416008913695	0.03203803134536204	F	NaN	NaN	NaN
	57254	16.73430963797924	0.02737647440014898	F	NaN	NaN	NaN
	57255	16.754996337748228	0.023704634079320275	F	NaN	NaN	NaN
	57256	16.77626254981111	0.021413679212264485	F	NaN	NaN	NaN
	57257	16.798162198365585	0.020399041706531458	F	NaN	NaN	NaN
	57258	16.820649392525933	0.02041823755200509	F	NaN	NaN	NaN
	57259	16.843618129454683	0.02136251138860736	F	NaN	NaN	NaN
	57260	16.86725398224737	0.022383802414763447	F	NaN	NaN	NaN
	57261	16.891422352426105	0.023440503942842236	F	NaN	NaN	NaN
	57262	16.91636810373335	0.024509216587517244	F	NaN	NaN	NaN
	57263	16.942738006396375	0.0253127762992625	F	NaN	NaN	NaN
	57264	16.97020916708883	0.02580544251631192	F	NaN	NaN	NaN
	57265	16.99856693310061	0.026061979112969286	F	NaN	NaN	NaN
	57266	17.027512337384387	0.026611774868150112	F	NaN	NaN	NaN
	57267	17.05679735437594	0.02742365821673852	F	NaN	NaN	NaN
	57268	17.086146053768825	0.02843601262518857	F	NaN	NaN	NaN
	57269	17.115285239894437	0.02975869763494768	F	NaN	NaN	NaN
	57270	17.14396628591424	0.03097519910615997	F	NaN	NaN	NaN
	57271	17.17190350329603	0.03187234775997217	F	NaN	NaN	NaN
	57272	17.19883363145292	0.03250536884736352	F	NaN	NaN	NaN
	57273	17.224484291637268	0.0322005389809702	F	NaN	NaN	NaN
	57274	17.24914722034371	0.03138986448596251	F	NaN	NaN	NaN
	57275	17.273370807321687	0.03035671956651345	F	NaN	NaN	NaN
	57276	17.297168931780508	0.029139456467059177	F	NaN	NaN	NaN
	57277	17.32055282979678	0.028200788114352553	F	NaN	NaN	NaN
	57278	17.34353448153039	0.027652853044602764	F	NaN	NaN	NaN
	57279	17.36612538698504	0.027393499707122317	F	NaN	NaN	NaN
	57280	17.38833806854649	0.02715476439041242	F	NaN	NaN	NaN
	57281	17.4102155200096	0.026786076464388762	F	NaN	NaN	NaN
	57282	17.43180987214958	0.02681834830347292	F	NaN	NaN	NaN
	57283	17.453126490667895	0.027045095489644663	F	NaN	NaN	NaN
	57284	17.474166113233874	0.02714602298344012	F	NaN	NaN	NaN
	57285	17.494942777486603	0.027658888830158185	F	NaN	NaN	NaN
	57286	17.51546043853375	0.028132461022044204	F	NaN	NaN	NaN
	57287	17.535721725370912	0.02863628091719106	F	NaN	NaN	NaN
	57288	17.555743560212008	0.029245258260152077	F	NaN	NaN	NaN
	57289	17.57552152091638	0.029910644721254435	F	NaN	NaN	NaN
	57290	17.595071905925256	0.03064260789006327	F	NaN	NaN	NaN
	57291	17.61439363251171	0.03128810966979499	F	NaN	NaN	NaN
	57292	17.63349982032783	0.032272807217862354	F	NaN	NaN	NaN
	57293	17.65239240481125	0.03316507852022324	F	NaN	NaN	NaN
	57294	17.671072450048406	0.03395740099349804	F	NaN	NaN	NaN
	57295	17.689537372918497	0.03458877882708881	F	NaN	NaN	NaN
	57296	17.707826927641673	0.03544021397094902	F	NaN	NaN	NaN
	57297	17.725968468974667	0.03641593856389953	F	NaN	NaN	NaN
	57298	17.743900903130367	0.03739714574613682	F	NaN	NaN	NaN
	57299	17.76165103798337	0.038449511662284844	F	NaN	NaN	NaN
	57300	17.779270351354164	0.03949900756444597	F	NaN	NaN	NaN
	57301	17.796727318049083	0.04048359631652804	F	NaN	NaN	NaN
	57302	17.814000927474666	0.04153385565921071	F	NaN	NaN	NaN
	57303	17.831160907325998	0.04254529637460044	F	NaN	NaN	NaN
	57304	17.848199427813757	0.043480466636361854	F	NaN	NaN	NaN
	57305	17.865059406254662	0.04427911341096091	F	NaN	NaN	NaN
	57306	17.88182294702929	0.04504217783226628	F	NaN	NaN	NaN
	57307	17.898491518434913	0.04578444548398402	F	NaN	NaN	NaN
	57308	17.91500928446249	0.04665849532092782	F	NaN	NaN	NaN
	57309	17.931439280603147	0.04755545766495606	F	NaN	NaN	NaN
	57310	17.947791499282772	0.04842178976200604	F	NaN	NaN	NaN
	57311	17.964033372237246	0.049042403828220484	F	NaN	NaN	NaN
	57312	17.98019271818669	0.049519008969833356	F	NaN	NaN	NaN
	57313	17.996291478583064	0.049941397337865706	F	NaN	NaN	NaN
	57314	18.012314479718064	0.05037855786105811	F	NaN	NaN	NaN
	57315	18.028266069919034	0.050648977819051755	F	NaN	NaN	NaN
	57316	18.044174266474904	0.050927518639044655	F	NaN	NaN	NaN
	57317	18.060035417044052	0.0512886777370707	F	NaN	NaN	NaN
	57318	18.07584214593929	0.05135567564384223	F	NaN	NaN	NaN
	57319	18.091622673097397	0.051518807985563034	F	NaN	NaN	NaN
	57320	18.10737846681566	0.0518148215767623	F	NaN	NaN	NaN
	57321	18.123103756386577	0.051574011144775514	F	NaN	NaN	NaN
	57322	18.13881950858967	0.05164010409399891	F	NaN	NaN	NaN
	57323	18.15452471323602	0.05184773828582083	F	NaN	NaN	NaN
	57324	18.170163434281424	0.0518401400535826	F	NaN	NaN	NaN
	57325	18.185699721680592	0.05213364355771888	F	NaN	NaN	NaN
	57326	18.201136679265215	0.052225335765869185	F	NaN	NaN	NaN
	57327	18.21647407041675	0.05251860669863625	F	NaN	NaN	NaN
	57328	18.231717600183945	0.05272070033514738	F	NaN	NaN	NaN
	57329	18.24687137458087	0.053137046911051755	F	NaN	NaN	NaN
	57330	18.261938497439214	0.05344188707198491	F	NaN	NaN	NaN
	57331	18.27692068620512	0.05380228346693225	F	NaN	NaN	NaN
	57332	18.29181946257075	0.054532557940753776	F	NaN	NaN	NaN
	57333	18.30664346293346	0.05551145257814302	F	NaN	NaN	NaN
	57334	18.32138947090286	0.05653073529942617	F	NaN	NaN	NaN
	57335	18.33606683197945	0.057684655205313136	F	NaN	NaN	NaN
	57336	18.350676112179706	0.05909473270822811	F	NaN	NaN	NaN
	57337	18.365217315626342	0.060707100924736794	F	NaN	NaN	NaN
	57338	18.379699086679565	0.06250923314266009	F	NaN	NaN	NaN
	57339	18.394122398942738	0.06433138185591723	F	NaN	NaN	NaN
	57340	18.40848757881548	0.06677539445803252	F	NaN	NaN	NaN
	57341	18.422802540794212	0.06924134827848143	F	NaN	NaN	NaN
	57342	18.43706863734568	0.07193860168555333	F	NaN	NaN	NaN
	57343	18.451286574593407	0.07464245995207273	F	NaN	NaN	NaN