###################### HEADER ######################
# SNNAME:	SN2005hg
###################### HEADER ######################


# FILTER R
#        MJD  MAG  MAGERR  Upperlimit  Instrument  Telescope  Source
	53671	17.912198441155013	0.06807825587463837	F	NaN	NaN	NaN
	53672	17.76971634999161	0.0563447049213361	F	NaN	NaN	NaN
	53673	17.638217574215872	0.04645521721638605	F	NaN	NaN	NaN
	53674	17.51768286892775	0.03905911721638695	F	NaN	NaN	NaN
	53675	17.407548568390272	0.03328808385737053	F	NaN	NaN	NaN
	53676	17.30788035837179	0.029461053390450312	F	NaN	NaN	NaN
	53677	17.218892125031708	0.02769068238410197	F	NaN	NaN	NaN
	53678	17.140503752605543	0.02748577945886329	F	NaN	NaN	NaN
	53679	17.072196998808966	0.02786825812150746	F	NaN	NaN	NaN
	53680	17.01484361141121	0.028718387175883785	F	NaN	NaN	NaN
	53681	16.96895220835341	0.029609109420749343	F	NaN	NaN	NaN
	53682	16.932345760101594	0.030636071747399067	F	NaN	NaN	NaN
	53683	16.905876309619625	0.03137198162632411	F	NaN	NaN	NaN
	53684	16.89343983387856	0.03171270126617981	F	NaN	NaN	NaN
	53685	16.892891600773968	0.03221720412868762	F	NaN	NaN	NaN
	53686	16.901906326406582	0.03323067436878213	F	NaN	NaN	NaN
	53687	16.91813646155243	0.035462783630112106	F	NaN	NaN	NaN
	53688	16.93931388630903	0.037942477998686566	F	NaN	NaN	NaN
	53689	16.963075369689125	0.040123725592056736	F	NaN	NaN	NaN
	53690	16.98708385168059	0.04038105064207814	F	NaN	NaN	NaN
	53691	17.0177729163929	0.037934311475972954	F	NaN	NaN	NaN
	53692	17.059313646101554	0.03523315154263231	F	NaN	NaN	NaN
	53693	17.09916478517302	0.03339355619351403	F	NaN	NaN	NaN
	53694	17.13699269769195	0.030913623135100786	F	NaN	NaN	NaN
	53695	17.180955722777643	0.02873559278741275	F	NaN	NaN	NaN
	53696	17.22327342413095	0.028450098733528974	F	NaN	NaN	NaN
	53697	17.262198538412655	0.028160247535597597	F	NaN	NaN	NaN
	53698	17.302539279960502	0.028852058826236263	F	NaN	NaN	NaN
	53699	17.342642309311387	0.029789951904873907	F	NaN	NaN	NaN
	53700	17.38256266358725	0.0306272250473	F	NaN	NaN	NaN
	53701	17.42384067586557	0.03167383739035781	F	NaN	NaN	NaN
	53702	17.46590007769288	0.03328849861234197	F	NaN	NaN	NaN
	53703	17.508143686058702	0.036151383079932285	F	NaN	NaN	NaN
	53704	17.54997490999458	0.038863415712083	F	NaN	NaN	NaN
	53705	17.590798213026307	0.04129438569890354	F	NaN	NaN	NaN
	53706	17.630480347565918	0.04106345893639525	F	NaN	NaN	NaN
	53707	17.669736834019215	0.04032202930682783	F	NaN	NaN	NaN
	53708	17.70869955164937	0.04061175336474525	F	NaN	NaN	NaN
	53709	17.747470733111015	0.04161862771798662	F	NaN	NaN	NaN
	53710	17.78615364182836	0.042108489514166514	F	NaN	NaN	NaN
	53711	17.824741610963923	0.041830362419050415	F	NaN	NaN	NaN
	53712	17.862988729474633	0.04216122584766764	F	NaN	NaN	NaN
	53713	17.900677317673004	0.04232184701779455	F	NaN	NaN	NaN
	53714	17.937606054105665	0.043053745883558515	F	NaN	NaN	NaN
	53715	17.973559674307914	0.043967499824579016	F	NaN	NaN	NaN
	53716	18.008327033623843	0.045012390407728094	F	NaN	NaN	NaN
	53717	18.041696987397554	0.04579117372497963	F	NaN	NaN	NaN
	53718	18.07430186984264	0.04643060635638485	F	NaN	NaN	NaN
	53719	18.106924914863363	0.04755184792868118	F	NaN	NaN	NaN
	53720	18.13906383821893	0.049813615271772235	F	NaN	NaN	NaN
	53721	18.170193549537345	0.052779700594185804	F	NaN	NaN	NaN
	53722	18.199788958446593	0.05462206087569881	F	NaN	NaN	NaN
	53723	18.22741328270922	0.05488334343644469	F	NaN	NaN	NaN
	53724	18.253156512422592	0.05439809997752415	F	NaN	NaN	NaN
	53725	18.277278854925328	0.05327531381777076	F	NaN	NaN	NaN
	53726	18.300044686269334	0.051802461314504396	F	NaN	NaN	NaN
	53727	18.321714584331605	0.05062388005284961	F	NaN	NaN	NaN
	53728	18.342551681189615	0.049164911380710566	F	NaN	NaN	NaN
	53729	18.362820389721076	0.048878217968637755	F	NaN	NaN	NaN
	53730	18.382785268146126	0.04875907688840246	F	NaN	NaN	NaN
	53731	18.402710564768455	0.048565990216828295	F	NaN	NaN	NaN
	53732	18.422858558118723	0.04880794099230407	F	NaN	NaN	NaN
	53733	18.44349152672759	0.048963411554014846	F	NaN	NaN	NaN
	53734	18.46487174912571	0.04863147088344216	F	NaN	NaN	NaN
	53735	18.486629652328144	0.04787975214661018	F	NaN	NaN	NaN
	53736	18.507736236683442	0.04696443786621006	F	NaN	NaN	NaN
	53737	18.52826639137312	0.04589976729345796	F	NaN	NaN	NaN
	53738	18.54835125237571	0.04516120445316664	F	NaN	NaN	NaN
	53739	18.568121955669774	0.04464193800091129	F	NaN	NaN	NaN
	53740	18.58770972710481	0.044365258036687796	F	NaN	NaN	NaN
	53741	18.607245208886123	0.04466138305925431	F	NaN	NaN	NaN
	53742	18.62685987314963	0.04496805333119463	F	NaN	NaN	NaN
	53743	18.646684170936886	0.045088239661844276	F	NaN	NaN	NaN
	53744	18.666580176308646	0.04549688439614077	F	NaN	NaN	NaN
	53745	18.6862138430353	0.04579243820073475	F	NaN	NaN	NaN
	53746	18.70559525634223	0.04653059803306796	F	NaN	NaN	NaN
	53747	18.724737076836615	0.04717975657119196	F	NaN	NaN	NaN
	53748	18.74365369446081	0.047725901258885275	F	NaN	NaN	NaN
	53749	18.76235661710257	0.04829540692089963	F	NaN	NaN	NaN
	53750	18.780861391222317	0.04913206659728981	F	NaN	NaN	NaN
	53751	18.799180107944654	0.04985948914995983	F	NaN	NaN	NaN
	53752	18.817325976850643	0.05035657194696712	F	NaN	NaN	NaN
	53753	18.83531220752136	0.05105760386449286	F	NaN	NaN	NaN
	53754	18.8531312745719	0.0523350882947531	F	NaN	NaN	NaN
	53755	18.8707440559355	0.053616500239562354	F	NaN	NaN	NaN
	53756	18.888150008277847	0.05528961837614543	F	NaN	NaN	NaN
	53757	18.905332877647552	0.056485646149104125	F	NaN	NaN	NaN
	53758	18.92232516044337	0.05793148577823423	F	NaN	NaN	NaN
	53759	18.93911030061945	0.05993401110273803	F	NaN	NaN	NaN
	53760	18.9556881918162	0.06192458171302237	F	NaN	NaN	NaN
	53761	18.972058727674025	0.06456446027596888	F	NaN	NaN	NaN
	53762	18.98822180183333	0.06761110879586862	F	NaN	NaN	NaN
	53763	19.004177307934533	0.07078482832348865	F	NaN	NaN	NaN
	53764	19.01992513961804	0.07403344346714923	F	NaN	NaN	NaN
	53765	19.03546519052425	0.07836551960537097	F	NaN	NaN	NaN
	53766	19.050797354293582	0.08213447428026292	F	NaN	NaN	NaN
	53767	19.06592152456643	0.08666885428809337	F	NaN	NaN	NaN
	53768	19.08083759498322	0.09140993673922947	F	NaN	NaN	NaN
	53769	19.095545459184347	0.0964244108929275	F	NaN	NaN	NaN
	53770	19.110045010810225	0.10207741539268977	F	NaN	NaN	NaN
	53771	19.12433614350126	0.10777906175913451	F	NaN	NaN	NaN
	53772	19.138418750897863	0.11374783910497374	F	NaN	NaN	NaN
	53773	19.152292726640436	0.12038180366514395	F	NaN	NaN	NaN
	53774	19.165957964369394	0.12701946827522656	F	NaN	NaN	NaN
	53775	19.17941435772514	0.1339181270751391	F	NaN	NaN	NaN
	53776	19.192661800348088	0.14155326369972582	F	NaN	NaN	NaN

# FILTER V
#        MJD  MAG  MAGERR  Upperlimit  Instrument  Telescope  Source
	53671	18.508729976998943	0.0673690973592388	F	NaN	NaN	NaN
	53672	18.350624890050014	0.04388088112271157	F	NaN	NaN	NaN
	53673	18.207650048053242	0.03531248108925441	F	NaN	NaN	NaN
	53674	18.079828570427523	0.03972568277260813	F	NaN	NaN	NaN
	53675	17.967570089499706	0.045979876664534146	F	NaN	NaN	NaN
	53676	17.870716787079157	0.04720298282648132	F	NaN	NaN	NaN
	53677	17.788112065129212	0.04566802042759729	F	NaN	NaN	NaN
	53678	17.720809260735273	0.04043883536315613	F	NaN	NaN	NaN
	53679	17.67207297058764	0.02488390577296398	F	NaN	NaN	NaN
	53680	17.635023272204524	0.017203963510944074	F	NaN	NaN	NaN
	53681	17.60381736458122	0.020476054363679268	F	NaN	NaN	NaN
	53682	17.581683844567028	0.02681347764929317	F	NaN	NaN	NaN
	53683	17.571903152566794	0.028051985001010672	F	NaN	NaN	NaN
	53684	17.574287190907736	0.025788391515539903	F	NaN	NaN	NaN
	53685	17.58600726784438	0.02412622411578498	F	NaN	NaN	NaN
	53686	17.604231550012273	0.025047109655167717	F	NaN	NaN	NaN
	53687	17.630035778798437	0.030963857483375296	F	NaN	NaN	NaN
	53688	17.66357917453306	0.040863285994093425	F	NaN	NaN	NaN
	53689	17.70216362539326	0.0402511260312106	F	NaN	NaN	NaN
	53690	17.751447126507333	0.034523429776202576	F	NaN	NaN	NaN
	53691	17.806556512437048	0.03052800351158103	F	NaN	NaN	NaN
	53692	17.86199246847673	0.03044152755599342	F	NaN	NaN	NaN
	53693	17.91576916889494	0.030173099825541096	F	NaN	NaN	NaN
	53694	17.973415825563713	0.030640743982756957	F	NaN	NaN	NaN
	53695	18.02789013552554	0.03222305765582236	F	NaN	NaN	NaN
	53696	18.077451572618628	0.03355763200901069	F	NaN	NaN	NaN
	53697	18.12789418920461	0.03614076292657692	F	NaN	NaN	NaN
	53698	18.17881399574702	0.03869848821000827	F	NaN	NaN	NaN
	53699	18.230044418788825	0.03860395026372111	F	NaN	NaN	NaN
	53700	18.282320107073854	0.03690072097761208	F	NaN	NaN	NaN
	53701	18.33519563457803	0.03511561695497056	F	NaN	NaN	NaN
	53702	18.388084859488462	0.03483769519486711	F	NaN	NaN	NaN
	53703	18.44040576423768	0.03703747078861021	F	NaN	NaN	NaN
	53704	18.491571879804944	0.03990115234530522	F	NaN	NaN	NaN
	53705	18.54100022642748	0.042415639500920116	F	NaN	NaN	NaN
	53706	18.58811357069222	0.0424950323669972	F	NaN	NaN	NaN
	53707	18.632988414183586	0.03935291935976412	F	NaN	NaN	NaN
	53708	18.677328480938588	0.035867902133627165	F	NaN	NaN	NaN
	53709	18.720463638769743	0.0344068745028597	F	NaN	NaN	NaN
	53710	18.761501181630184	0.036004204170763894	F	NaN	NaN	NaN
	53711	18.799546710305847	0.03855036081120651	F	NaN	NaN	NaN
	53712	18.834515529210357	0.04019010710722677	F	NaN	NaN	NaN
	53713	18.867637249063897	0.0415935194455504	F	NaN	NaN	NaN
	53714	18.899078419284457	0.04327336204018001	F	NaN	NaN	NaN
	53715	18.92896879904052	0.04601316660479188	F	NaN	NaN	NaN
	53716	18.957447394369012	0.04935580891806837	F	NaN	NaN	NaN
	53717	18.984645631466655	0.05232968195131908	F	NaN	NaN	NaN
	53718	19.01069766471701	0.054953784789171026	F	NaN	NaN	NaN
	53719	19.035083292255443	0.05718152896670614	F	NaN	NaN	NaN
	53720	19.057135698658335	0.05953769824367211	F	NaN	NaN	NaN
	53721	19.07721651990528	0.06232093768317135	F	NaN	NaN	NaN
	53722	19.09569579682496	0.06498720776754616	F	NaN	NaN	NaN
	53723	19.112943570246056	0.06777491503849374	F	NaN	NaN	NaN
	53724	19.12932988099727	0.07074834068561077	F	NaN	NaN	NaN
	53725	19.14522462977658	0.07326479345407269	F	NaN	NaN	NaN
	53726	19.160998360939615	0.0754696089204553	F	NaN	NaN	NaN
	53727	19.177020677299847	0.07688706936154735	F	NaN	NaN	NaN
	53728	19.192928777752094	0.07737448011536283	F	NaN	NaN	NaN
	53729	19.20696102021791	0.07665496695593192	F	NaN	NaN	NaN
	53730	19.21932502506534	0.07442354142604556	F	NaN	NaN	NaN
	53731	19.23036615682107	0.07165099424563587	F	NaN	NaN	NaN
	53732	19.240432203707567	0.06824684601218967	F	NaN	NaN	NaN
	53733	19.2498637311756	0.06483595372991785	F	NaN	NaN	NaN
	53734	19.2590048271135	0.061221414907215256	F	NaN	NaN	NaN
	53735	19.268200771184933	0.058613266062907086	F	NaN	NaN	NaN
	53736	19.27779549522908	0.056850730215883424	F	NaN	NaN	NaN
	53737	19.28813304254307	0.055331479413485256	F	NaN	NaN	NaN
	53738	19.299556223902016	0.054604653689547686	F	NaN	NaN	NaN
	53739	19.312410559348777	0.05431191768167801	F	NaN	NaN	NaN
	53740	19.32646969672505	0.05409932681819767	F	NaN	NaN	NaN
	53741	19.340730884545813	0.05404460921791184	F	NaN	NaN	NaN
	53742	19.355195720310363	0.05403753547910935	F	NaN	NaN	NaN
	53743	19.369899221048964	0.054121587845147034	F	NaN	NaN	NaN
	53744	19.384878002620084	0.05419970348858654	F	NaN	NaN	NaN
	53745	19.4001670422124	0.05424974348228709	F	NaN	NaN	NaN
	53746	19.415801856734124	0.05431886575846245	F	NaN	NaN	NaN
	53747	19.431819003635468	0.05533504841122035	F	NaN	NaN	NaN
	53748	19.448252010492673	0.05600164572690203	F	NaN	NaN	NaN
	53749	19.46514006904423	0.05715202359952028	F	NaN	NaN	NaN
	53750	19.482513417705757	0.05844819115149947	F	NaN	NaN	NaN
	53751	19.500409898380344	0.05972005012952608	F	NaN	NaN	NaN
	53752	19.51886498478766	0.06112246785369799	F	NaN	NaN	NaN
	53753	19.537914150647346	0.06241934342318918	F	NaN	NaN	NaN
	53754	19.557591031517564	0.06393670532897508	F	NaN	NaN	NaN
	53755	19.577935506594443	0.06549606330583911	F	NaN	NaN	NaN
	53756	19.598615221213162	0.06715292018199928	F	NaN	NaN	NaN
	53757	19.619110533477528	0.06926066574529083	F	NaN	NaN	NaN
	53758	19.63942395414244	0.07126687305398084	F	NaN	NaN	NaN
	53759	19.65955901575637	0.07341639641350078	F	NaN	NaN	NaN
	53760	19.679518846060667	0.07569886837899834	F	NaN	NaN	NaN
	53761	19.699305123142288	0.0775041905362356	F	NaN	NaN	NaN
	53762	19.7189166830142	0.08000896892025337	F	NaN	NaN	NaN
	53763	19.738362644935727	0.08265330983636894	F	NaN	NaN	NaN
	53764	19.757646136648212	0.08488623907175405	F	NaN	NaN	NaN
	53765	19.77677176242347	0.0877207172603228	F	NaN	NaN	NaN
	53766	19.79573647548601	0.0906544743639624	F	NaN	NaN	NaN
	53767	19.814546762496512	0.09358691432429464	F	NaN	NaN	NaN
	53768	19.8332059104976	0.09692481380746634	F	NaN	NaN	NaN
	53769	19.851711912900495	0.1006093110350472	F	NaN	NaN	NaN
	53770	19.87007903171531	0.10452145487349804	F	NaN	NaN	NaN
	53771	19.888305940903805	0.10885073180806668	F	NaN	NaN	NaN
	53772	19.906395659798232	0.11398833477248878	F	NaN	NaN	NaN
	53773	19.924344449556443	0.11843337964956066	F	NaN	NaN	NaN
	53774	19.942162742564616	0.12325292204048924	F	NaN	NaN	NaN
	53775	19.95985365080899	0.12838493082768893	F	NaN	NaN	NaN
	53776	19.977420286275795	0.1335869177241709	F	NaN	NaN	NaN
	53777	19.994865760951253	0.14000985880673902	F	NaN	NaN	NaN
	53778	20.012190805864705	0.14638564248968183	F	NaN	NaN	NaN
	53779	20.029397365371192	0.15167330319359745	F	NaN	NaN	NaN
	53780	20.0464617503723	0.15878466009781445	F	NaN	NaN	NaN
	53781	20.063464435143736	0.1661529552202457	F	NaN	NaN	NaN
	53782	20.080341603140493	0.17407924690244161	F	NaN	NaN	NaN
	53783	20.09710994090229	0.18257724077764476	F	NaN	NaN	NaN
	53784	20.113813436437393	0.19135309073751383	F	NaN	NaN	NaN
	53785	20.130372966241097	0.20004481641985167	F	NaN	NaN	NaN
	53786	20.146863486139402	0.20909576821658094	F	NaN	NaN	NaN
	53787	20.163276498097254	0.2185501820398809	F	NaN	NaN	NaN
	53788	20.17956882846208	0.22852085428016633	F	NaN	NaN	NaN
	53789	20.19580787157502	0.23872743447881367	F	NaN	NaN	NaN
	53790	20.211952450342526	0.24935919150065533	F	NaN	NaN	NaN
	53791	20.22801467529483	0.26038175984231154	F	NaN	NaN	NaN
	53792	20.244028582700523	0.2716904218929014	F	NaN	NaN	NaN
	53793	20.25993753161283	0.28417805284615344	F	NaN	NaN	NaN
	53794	20.275795992230734	0.29697761409273266	F	NaN	NaN	NaN
	53795	20.291599427466124	0.310117136986066	F	NaN	NaN	NaN
	53796	20.30731722739955	0.3237773978538596	F	NaN	NaN	NaN
	53797	20.32299826476117	0.33744443444546807	F	NaN	NaN	NaN
	53798	20.33861527514408	0.3509475203124439	F	NaN	NaN	NaN
	53799	20.354177023194076	0.36448465597798557	F	NaN	NaN	NaN
	53800	20.36970697837754	0.37816083796911937	F	NaN	NaN	NaN
	53801	20.385170367243102	0.39317227218120554	F	NaN	NaN	NaN
	53802	20.40060240448778	0.40820901681888544	F	NaN	NaN	NaN
	53803	20.416001283845354	0.4232725300959794	F	NaN	NaN	NaN
	53804	20.431350189254573	0.4387921437827091	F	NaN	NaN	NaN
	53805	20.44667885677206	0.45451607594586657	F	NaN	NaN	NaN
	53806	20.461973319615005	0.4706004357364582	F	NaN	NaN	NaN
	53807	20.47724022666987	0.4870301623988106	F	NaN	NaN	NaN
	53808	20.492491865538284	0.5036601058649463	F	NaN	NaN	NaN
	53809	20.50771471520175	0.5207382698995333	F	NaN	NaN	NaN
	53810	20.52292596498039	0.5387089101344832	F	NaN	NaN	NaN
	53811	20.538125309304796	0.5575955365811643	F	NaN	NaN	NaN

# FILTER r
#        MJD  MAG  MAGERR  Upperlimit  Instrument  Telescope  Source
	53668	18.847011888374617	0.15073525881007788	F	NaN	NaN	NaN
	53669	18.697454248839314	0.11542165956405992	F	NaN	NaN	NaN
	53670	18.553513109908334	0.08806907189983511	F	NaN	NaN	NaN
	53671	18.412058247667233	0.06687111772260387	F	NaN	NaN	NaN
	53672	18.273460093918622	0.051432437535600464	F	NaN	NaN	NaN
	53673	18.143267571488344	0.04053493423887141	F	NaN	NaN	NaN
	53674	18.022150289202013	0.03346586715546104	F	NaN	NaN	NaN
	53675	17.9106294122572	0.029106032785151614	F	NaN	NaN	NaN
	53676	17.809288150467165	0.026161089064076368	F	NaN	NaN	NaN
	53677	17.72076856896062	0.02333729900502223	F	NaN	NaN	NaN
	53678	17.649432628374623	0.021375747984768118	F	NaN	NaN	NaN
	53679	17.591180889696673	0.021361190163505447	F	NaN	NaN	NaN
	53680	17.54267389916099	0.020874271104757904	F	NaN	NaN	NaN
	53681	17.502760000100498	0.020456850210376822	F	NaN	NaN	NaN
	53682	17.471098904972486	0.02124071031244267	F	NaN	NaN	NaN
	53683	17.44488360923882	0.022980970822623556	F	NaN	NaN	NaN
	53684	17.4256114647038	0.02359559836643233	F	NaN	NaN	NaN
	53685	17.414173362149832	0.02433982327587345	F	NaN	NaN	NaN
	53686	17.413702535528117	0.028435387095901134	F	NaN	NaN	NaN
	53687	17.42764501268338	0.026537089920532046	F	NaN	NaN	NaN
	53688	17.451370720135337	0.026951919695317687	F	NaN	NaN	NaN
	53689	17.47792252753429	0.029419008220464664	F	NaN	NaN	NaN
	53690	17.510197722678097	0.03469013543568768	F	NaN	NaN	NaN
	53691	17.544273488437163	0.036015099259871966	F	NaN	NaN	NaN
	53692	17.58207537911876	0.037560698636024986	F	NaN	NaN	NaN
	53693	17.62431390480025	0.03951968765810657	F	NaN	NaN	NaN
	53694	17.671245241045796	0.03609652508652432	F	NaN	NaN	NaN
	53695	17.722345393975232	0.032652842912579014	F	NaN	NaN	NaN
	53696	17.774650225708058	0.03584852208391994	F	NaN	NaN	NaN
	53697	17.822612392486008	0.039507132248382856	F	NaN	NaN	NaN
	53698	17.870336690705013	0.04374500269355794	F	NaN	NaN	NaN
	53699	17.91739808316841	0.045660572736306325	F	NaN	NaN	NaN
	53700	17.963731766345433	0.045767750049378025	F	NaN	NaN	NaN
	53701	18.009381560049963	0.04393349248731645	F	NaN	NaN	NaN
	53702	18.05438521171171	0.04058165514000347	F	NaN	NaN	NaN
	53703	18.098773082855296	0.0369960218690737	F	NaN	NaN	NaN
	53704	18.142575535005346	0.03310346214053576	F	NaN	NaN	NaN
	53705	18.185820097505122	0.029993961213545733	F	NaN	NaN	NaN
	53706	18.22852412256539	0.028274367539010168	F	NaN	NaN	NaN
	53707	18.27074744567052	0.02717174320565833	F	NaN	NaN	NaN
	53708	18.312496734404412	0.027186849779577145	F	NaN	NaN	NaN
	53709	18.35381266011669	0.02692242028728905	F	NaN	NaN	NaN
	53710	18.394496248229903	0.02729999030906478	F	NaN	NaN	NaN
	53711	18.43412970586616	0.028369130850411726	F	NaN	NaN	NaN
	53712	18.472738181619977	0.02971396616668209	F	NaN	NaN	NaN
	53713	18.510360632173846	0.031040972659251875	F	NaN	NaN	NaN
	53714	18.547081064791147	0.03232047001371277	F	NaN	NaN	NaN
	53715	18.58303379763875	0.03351993801776241	F	NaN	NaN	NaN
	53716	18.618256039439967	0.03469700462009231	F	NaN	NaN	NaN
	53717	18.652707940805684	0.03578645794566184	F	NaN	NaN	NaN
	53718	18.686370366317945	0.0374058237908889	F	NaN	NaN	NaN
	53719	18.71922418055877	0.039415330006327076	F	NaN	NaN	NaN
	53720	18.75125024811021	0.04085559998999898	F	NaN	NaN	NaN
	53721	18.782429433554288	0.04268355931822081	F	NaN	NaN	NaN
	53722	18.812742601473055	0.044302100981814724	F	NaN	NaN	NaN
	53723	18.842170616448534	0.046055557024564014	F	NaN	NaN	NaN
	53724	18.87069434306277	0.048674258981195415	F	NaN	NaN	NaN
	53725	18.898319258849835	0.05104151524769687	F	NaN	NaN	NaN
	53726	18.924976945573395	0.05366833474009298	F	NaN	NaN	NaN
	53727	18.950672901015565	0.05657104557058708	F	NaN	NaN	NaN
	53728	18.97538798892238	0.05961840124845305	F	NaN	NaN	NaN
	53729	18.999320411140122	0.06317631804059226	F	NaN	NaN	NaN
	53730	19.023110148015235	0.06666591794022289	F	NaN	NaN	NaN
	53731	19.046782183223964	0.07049538832060635	F	NaN	NaN	NaN
	53732	19.070321934596013	0.07381316983631356	F	NaN	NaN	NaN
	53733	19.093701212553068	0.07677873954636855	F	NaN	NaN	NaN
	53734	19.116886477800097	0.07934789876856556	F	NaN	NaN	NaN
	53735	19.139858853181323	0.08153972605857329	F	NaN	NaN	NaN
	53736	19.162595596770714	0.08324183688357799	F	NaN	NaN	NaN
	53737	19.18507258424374	0.08461943469418327	F	NaN	NaN	NaN
	53738	19.2072656912759	0.08610736206969272	F	NaN	NaN	NaN
	53739	19.229150351795077	0.08706083804106539	F	NaN	NaN	NaN
	53740	19.25068463166757	0.08777452164829902	F	NaN	NaN	NaN
	53741	19.271859872722352	0.08829892391159005	F	NaN	NaN	NaN
	53742	19.29248072174258	0.08825152676079887	F	NaN	NaN	NaN
	53743	19.312512876890434	0.0880179783494809	F	NaN	NaN	NaN
	53744	19.3319358921567	0.08737613255262794	F	NaN	NaN	NaN
	53745	19.35078695911492	0.08624906616007905	F	NaN	NaN	NaN
	53746	19.36910326933863	0.08490271198110039	F	NaN	NaN	NaN
	53747	19.386922014401367	0.083559829736333	F	NaN	NaN	NaN
	53748	19.404240704364433	0.08184945646382731	F	NaN	NaN	NaN
	53749	19.421116332381963	0.0794446863584613	F	NaN	NaN	NaN
	53750	19.43762171259217	0.07724722455654316	F	NaN	NaN	NaN
	53751	19.45379403656858	0.0761527691940583	F	NaN	NaN	NaN
	53752	19.469670495884746	0.075470335011323	F	NaN	NaN	NaN
	53753	19.485288282114194	0.0745642321263043	F	NaN	NaN	NaN
	53754	19.500684586830467	0.07375597806710782	F	NaN	NaN	NaN
	53755	19.5158966016071	0.07325026926363651	F	NaN	NaN	NaN
	53756	19.530947705703785	0.07239752107482092	F	NaN	NaN	NaN
	53757	19.54590041810255	0.07219753391918839	F	NaN	NaN	NaN
	53758	19.560796157915323	0.0720788742705076	F	NaN	NaN	NaN
	53759	19.575672116715644	0.0723765739426344	F	NaN	NaN	NaN
	53760	19.590565486077047	0.0728697743164419	F	NaN	NaN	NaN
	53761	19.605513457573068	0.07311800409909487	F	NaN	NaN	NaN
	53762	19.620553222777254	0.07310760901228422	F	NaN	NaN	NaN
	53763	19.635725115901913	0.0730770706027159	F	NaN	NaN	NaN
	53764	19.651099267615454	0.07271442235451359	F	NaN	NaN	NaN
	53765	19.6666596883565	0.0715827550669152	F	NaN	NaN	NaN
	53766	19.68233393128478	0.0714132157529408	F	NaN	NaN	NaN
	53767	19.697852370209255	0.07058010278108678	F	NaN	NaN	NaN
	53768	19.713216468793647	0.07003562723958201	F	NaN	NaN	NaN
	53769	19.728430526143768	0.06917305809875322	F	NaN	NaN	NaN
	53770	19.743503673693745	0.06894744547264636	F	NaN	NaN	NaN
	53771	19.758437742631244	0.0696503093958895	F	NaN	NaN	NaN
	53772	19.77324212345127	0.0699703835734488	F	NaN	NaN	NaN
	53773	19.787922431948573	0.0704176949461757	F	NaN	NaN	NaN
	53774	19.802483406813565	0.0712337823810379	F	NaN	NaN	NaN
	53775	19.816927357036477	0.07222254153721042	F	NaN	NaN	NaN
	53776	19.831264568874563	0.0731302118208026	F	NaN	NaN	NaN
	53777	19.84550065812256	0.07401885684144419	F	NaN	NaN	NaN
	53778	19.859628067184673	0.07484845429631792	F	NaN	NaN	NaN
	53779	19.87362707562223	0.0758242855383128	F	NaN	NaN	NaN
	53780	19.887501449913003	0.07701270414050666	F	NaN	NaN	NaN
	53781	19.901252933139627	0.07891999423928965	F	NaN	NaN	NaN
	53782	19.914882756779342	0.08070500168954067	F	NaN	NaN	NaN
	53783	19.9283951661707	0.08259563403237102	F	NaN	NaN	NaN
	53784	19.941792183021057	0.08488254349116758	F	NaN	NaN	NaN
	53785	19.955072740149728	0.0870920101671889	F	NaN	NaN	NaN
	53786	19.968241862953587	0.08882915053777729	F	NaN	NaN	NaN
	53787	19.981302570727806	0.09093132449818478	F	NaN	NaN	NaN
	53788	19.994271819224892	0.0935751949908138	F	NaN	NaN	NaN
	53789	20.007141205220293	0.09701475099332851	F	NaN	NaN	NaN
	53790	20.0199129401068	0.10058844679461637	F	NaN	NaN	NaN
	53791	20.032591855241836	0.10444981306474652	F	NaN	NaN	NaN
	53792	20.045170547551677	0.10841653719847574	F	NaN	NaN	NaN
	53793	20.05765207104539	0.11263525507459665	F	NaN	NaN	NaN
	53794	20.0700408320619	0.11730817962382259	F	NaN	NaN	NaN
	53795	20.08232901045254	0.1228464860444682	F	NaN	NaN	NaN
	53796	20.094520501796982	0.1290553634317646	F	NaN	NaN	NaN
	53797	20.106619287938496	0.13578437705026222	F	NaN	NaN	NaN
	53798	20.1186171321763	0.1427863200312141	F	NaN	NaN	NaN
	53799	20.130521590292688	0.1497823439649845	F	NaN	NaN	NaN
	53800	20.142327867621876	0.15775614601871735	F	NaN	NaN	NaN
	53801	20.154037723859002	0.16550913769384573	F	NaN	NaN	NaN
	53802	20.165651178822188	0.1746284790149242	F	NaN	NaN	NaN
	53803	20.177167829118837	0.18342109832055578	F	NaN	NaN	NaN
	53804	20.18858707359382	0.19328009415887334	F	NaN	NaN	NaN
	53805	20.199909976881884	0.2047529645777864	F	NaN	NaN	NaN
	53806	20.211137957103954	0.21720190071782292	F	NaN	NaN	NaN
	53807	20.22226733522204	0.2308328592126898	F	NaN	NaN	NaN
	53808	20.233301154463906	0.24132220347244165	F	NaN	NaN	NaN
	53809	20.244239469001073	0.2529727763557534	F	NaN	NaN	NaN
	53810	20.255079587478065	0.2673168008838841	F	NaN	NaN	NaN
	53811	20.26582409047238	0.28075651033730364	F	NaN	NaN	NaN

# FILTER i
#        MJD  MAG  MAGERR  Upperlimit  Instrument  Telescope  Source
	53672	18.331977642241025	0.0777904186684241	F	NaN	NaN	NaN
	53673	18.176874539809152	0.05919881678895528	F	NaN	NaN	NaN
	53674	18.03693399490053	0.04481258887786914	F	NaN	NaN	NaN
	53675	17.91231972972791	0.03478527108015629	F	NaN	NaN	NaN
	53676	17.801999668852062	0.029691097552781397	F	NaN	NaN	NaN
	53677	17.706612633680088	0.026761753288146166	F	NaN	NaN	NaN
	53678	17.6280244293978	0.02378578416916534	F	NaN	NaN	NaN
	53679	17.5664533808545	0.021844061252331494	F	NaN	NaN	NaN
	53680	17.51483210924899	0.022594668800827052	F	NaN	NaN	NaN
	53681	17.468139628225924	0.022913178756613285	F	NaN	NaN	NaN
	53682	17.427994013659845	0.025091284831057166	F	NaN	NaN	NaN
	53683	17.390574788013254	0.026462331946803985	F	NaN	NaN	NaN
	53684	17.358839000172967	0.026680377230163168	F	NaN	NaN	NaN
	53685	17.33088329536728	0.03011791135985948	F	NaN	NaN	NaN
	53686	17.3135158936061	0.034334481624609364	F	NaN	NaN	NaN
	53687	17.313122784669513	0.03036838719142902	F	NaN	NaN	NaN
	53688	17.322252022228028	0.029521370042824683	F	NaN	NaN	NaN
	53689	17.32976867354867	0.029284973284813137	F	NaN	NaN	NaN
	53690	17.34127176790518	0.031935314916321074	F	NaN	NaN	NaN
	53691	17.357405013819566	0.033295262164997536	F	NaN	NaN	NaN
	53692	17.377451714883257	0.03273062698325867	F	NaN	NaN	NaN
	53693	17.403293235278635	0.03138465913798265	F	NaN	NaN	NaN
	53694	17.43624850829416	0.029037485109129298	F	NaN	NaN	NaN
	53695	17.47414956921563	0.028809743944913372	F	NaN	NaN	NaN
	53696	17.515707993241183	0.03326402287368755	F	NaN	NaN	NaN
	53697	17.55890068720579	0.040716791578707515	F	NaN	NaN	NaN
	53698	17.599944984484452	0.046309822267396564	F	NaN	NaN	NaN
	53699	17.639014149732887	0.048620858475662235	F	NaN	NaN	NaN
	53700	17.676403943376517	0.04813493543909218	F	NaN	NaN	NaN
	53701	17.712548429609317	0.04608774742321217	F	NaN	NaN	NaN
	53702	17.74785742290727	0.043827986440217424	F	NaN	NaN	NaN
	53703	17.78272228254985	0.041813612827616684	F	NaN	NaN	NaN
	53704	17.81753436781654	0.040686539940061835	F	NaN	NaN	NaN
	53705	17.852688356610482	0.04012534378188317	F	NaN	NaN	NaN
	53706	17.88861253770368	0.039480256294778485	F	NaN	NaN	NaN
	53707	17.92564719074371	0.038015532740557106	F	NaN	NaN	NaN
	53708	17.963792586497416	0.035849343897113334	F	NaN	NaN	NaN
	53709	18.001954428828466	0.034720007751971274	F	NaN	NaN	NaN
	53710	18.040018680722568	0.034618856368620485	F	NaN	NaN	NaN
	53711	18.077938585413023	0.034939782424962484	F	NaN	NaN	NaN
	53712	18.115667149624436	0.03544037623419281	F	NaN	NaN	NaN
	53713	18.15315741428012	0.035994909891354065	F	NaN	NaN	NaN
	53714	18.190569155363598	0.03635530554442108	F	NaN	NaN	NaN
	53715	18.228452891802487	0.03640426713718989	F	NaN	NaN	NaN
	53716	18.266607902597016	0.036462987074572725	F	NaN	NaN	NaN
	53717	18.30481464696597	0.03723374222143854	F	NaN	NaN	NaN
	53718	18.342838397124734	0.0380746880084802	F	NaN	NaN	NaN
	53719	18.380444425288676	0.039938165533716145	F	NaN	NaN	NaN
	53720	18.417398003673185	0.04196454224054508	F	NaN	NaN	NaN
	53721	18.453464404493634	0.04416908487897003	F	NaN	NaN	NaN
	53722	18.488408899965403	0.04629815004154848	F	NaN	NaN	NaN
	53723	18.521996762303868	0.04883687275096579	F	NaN	NaN	NaN
	53724	18.55399326372441	0.051193781568151214	F	NaN	NaN	NaN
	53725	18.584558968418193	0.05317119235017234	F	NaN	NaN	NaN
	53726	18.614382271056446	0.05475706364442507	F	NaN	NaN	NaN
	53727	18.643583571481834	0.056992382859087934	F	NaN	NaN	NaN
	53728	18.672178893853918	0.05944350372986464	F	NaN	NaN	NaN
	53729	18.700186773573485	0.062290255604774816	F	NaN	NaN	NaN
	53730	18.72761735410064	0.06587412846136392	F	NaN	NaN	NaN
	53731	18.754472383390112	0.06890712005366986	F	NaN	NaN	NaN
	53732	18.78081017704665	0.07242251732359331	F	NaN	NaN	NaN
	53733	18.806626150245183	0.07546307461186291	F	NaN	NaN	NaN
	53734	18.831913715107643	0.07844245254324185	F	NaN	NaN	NaN
	53735	18.856709210904807	0.08160098717229913	F	NaN	NaN	NaN
	53736	18.88103142570104	0.08436333417019702	F	NaN	NaN	NaN
	53737	18.904895939683968	0.08696376938921609	F	NaN	NaN	NaN
	53738	18.928318333041233	0.0896485718580312	F	NaN	NaN	NaN
	53739	18.951313190652463	0.09211835740746313	F	NaN	NaN	NaN
	53740	18.973877806802683	0.09486241009410523	F	NaN	NaN	NaN
	53741	18.99604884178429	0.09685817429228208	F	NaN	NaN	NaN
	53742	19.017545868843914	0.09849784492677296	F	NaN	NaN	NaN
	53743	19.038258868271633	0.09936794179708969	F	NaN	NaN	NaN
	53744	19.058168145432862	0.0997786641001808	F	NaN	NaN	NaN
	53745	19.077342886637574	0.10069018627769157	F	NaN	NaN	NaN
	53746	19.095852278195746	0.10247554236849787	F	NaN	NaN	NaN
	53747	19.11376550641734	0.10369115206432702	F	NaN	NaN	NaN
	53748	19.131108747007435	0.10483585172463966	F	NaN	NaN	NaN
	53749	19.147984183417194	0.10648922041316042	F	NaN	NaN	NaN
	53750	19.164500300943484	0.10909450287816239	F	NaN	NaN	NaN
	53751	19.18072628589628	0.11120969139209078	F	NaN	NaN	NaN
	53752	19.196731324585553	0.1130869131379012	F	NaN	NaN	NaN
	53753	19.21258460332128	0.11550660786535653	F	NaN	NaN	NaN
	53754	19.228355308413427	0.11873153337309707	F	NaN	NaN	NaN
	53755	19.244112626171972	0.12295572961009929	F	NaN	NaN	NaN
	53756	19.25994807176155	0.12545748151935643	F	NaN	NaN	NaN
	53757	19.27593967654329	0.12826059421073227	F	NaN	NaN	NaN
	53758	19.292154738444534	0.1310039964938403	F	NaN	NaN	NaN
	53759	19.308662443775248	0.13331195455683084	F	NaN	NaN	NaN
	53760	19.3255319788454	0.13552128934082125	F	NaN	NaN	NaN
	53761	19.342832529964973	0.13773125169392034	F	NaN	NaN	NaN
	53762	19.36063328344394	0.1392109518834783	F	NaN	NaN	NaN
	53763	19.379016734811756	0.140188753973831	F	NaN	NaN	NaN
	53764	19.39815619600583	0.1384883857576828	F	NaN	NaN	NaN
	53765	19.41792711298342	0.13789973303992603	F	NaN	NaN	NaN
	53766	19.438574915492985	0.1373533267299455	F	NaN	NaN	NaN
	53767	19.459830635518497	0.13404544253174472	F	NaN	NaN	NaN
	53768	19.481161999740337	0.13266908742275685	F	NaN	NaN	NaN
	53769	19.502552397382832	0.13247465919231724	F	NaN	NaN	NaN
	53770	19.523998637684674	0.13082532199320004	F	NaN	NaN	NaN
	53771	19.545500611945272	0.13020188691217188	F	NaN	NaN	NaN
	53772	19.56705503140639	0.12963695038590867	F	NaN	NaN	NaN
	53773	19.58866015594424	0.1290247048259568	F	NaN	NaN	NaN
	53774	19.610314569929944	0.12843974532648206	F	NaN	NaN	NaN
	53775	19.632018035241263	0.1275833897404108	F	NaN	NaN	NaN
	53776	19.653766834493233	0.12740516437841748	F	NaN	NaN	NaN
	53777	19.67555922756207	0.1277515721962484	F	NaN	NaN	NaN
	53778	19.69739338775051	0.12752959618828905	F	NaN	NaN	NaN
	53779	19.71926889728416	0.12873044725114827	F	NaN	NaN	NaN
	53780	19.7411830286034	0.12932377305602955	F	NaN	NaN	NaN
	53781	19.76313595942819	0.13032374796799479	F	NaN	NaN	NaN
	53782	19.785130403515264	0.13210464337043204	F	NaN	NaN	NaN
	53783	19.807165612136572	0.13394204527425801	F	NaN	NaN	NaN
	53784	19.829241673964567	0.13721863867061143	F	NaN	NaN	NaN
	53785	19.851359789810406	0.14117699374516335	F	NaN	NaN	NaN
	53786	19.87351903619426	0.1457239408919646	F	NaN	NaN	NaN
	53787	19.895721170826555	0.15120799580336375	F	NaN	NaN	NaN
	53788	19.917962509031728	0.15742293341158986	F	NaN	NaN	NaN
	53789	19.940246812971225	0.16465477339956336	F	NaN	NaN	NaN
	53790	19.962573298427177	0.1729576884031828	F	NaN	NaN	NaN
	53791	19.98493996432124	0.18008454153788495	F	NaN	NaN	NaN
	53792	20.007349959499017	0.1894057725455856	F	NaN	NaN	NaN
	53793	20.02980232991706	0.19943920678765814	F	NaN	NaN	NaN
	53794	20.052295142768163	0.21021653175995786	F	NaN	NaN	NaN
	53795	20.074831649520195	0.22275122228234512	F	NaN	NaN	NaN
	53796	20.09741072416847	0.23522770689321265	F	NaN	NaN	NaN
	53797	20.12003050324476	0.24820379288709496	F	NaN	NaN	NaN
	53798	20.14269434190702	0.26136326896693096	F	NaN	NaN	NaN

# FILTER B
#        MJD  MAG  MAGERR  Upperlimit  Instrument  Telescope  Source
	53672	18.73358535461312	0.0729001283707407	F	NaN	NaN	NaN
	53673	18.617255503213013	0.05754992698883294	F	NaN	NaN	NaN
	53674	18.51388804452724	0.04746298833802593	F	NaN	NaN	NaN
	53675	18.423462971000735	0.04236257068003833	F	NaN	NaN	NaN
	53676	18.345812064335792	0.0402820126105313	F	NaN	NaN	NaN
	53677	18.280919601226042	0.038592466898185664	F	NaN	NaN	NaN
	53678	18.229951419551245	0.03665662599084393	F	NaN	NaN	NaN
	53679	18.193351284518673	0.03544657781224998	F	NaN	NaN	NaN
	53680	18.163783658657994	0.03267015426715397	F	NaN	NaN	NaN
	53681	18.142149810082223	0.03128446070985394	F	NaN	NaN	NaN
	53682	18.133534271389063	0.02959079257314105	F	NaN	NaN	NaN
	53683	18.13973348012595	0.031331735994254574	F	NaN	NaN	NaN
	53684	18.165854697630063	0.03507142576971438	F	NaN	NaN	NaN
	53685	18.21060411818152	0.04034251491331453	F	NaN	NaN	NaN
	53686	18.27116586635543	0.047757670957379234	F	NaN	NaN	NaN
	53687	18.34794819248282	0.059201489108562697	F	NaN	NaN	NaN
	53688	18.431429460730126	0.07124662803834868	F	NaN	NaN	NaN
	53689	18.51147383787559	0.08024039808577149	F	NaN	NaN	NaN
	53690	18.591924799063907	0.0865706973722633	F	NaN	NaN	NaN
	53691	18.676703312197326	0.09234812820605193	F	NaN	NaN	NaN
	53692	18.766048633901324	0.09871348179420261	F	NaN	NaN	NaN
	53693	18.857597951323328	0.10704322164146213	F	NaN	NaN	NaN
	53694	18.949031717338848	0.11845733669696602	F	NaN	NaN	NaN
	53695	19.037996393334026	0.12734768992184053	F	NaN	NaN	NaN
	53696	19.122138440695004	0.13291546666254483	F	NaN	NaN	NaN
	53697	19.201449142148643	0.1332908354321996	F	NaN	NaN	NaN
	53698	19.282434090555295	0.13323976328524303	F	NaN	NaN	NaN
	53699	19.36449681122955	0.1306390934943405	F	NaN	NaN	NaN
	53700	19.446312721120098	0.12812220834283994	F	NaN	NaN	NaN
	53701	19.526471532132838	0.12812008666527297	F	NaN	NaN	NaN
	53702	19.60362669680642	0.12491466737448237	F	NaN	NaN	NaN
	53703	19.67642800073059	0.12350809755948937	F	NaN	NaN	NaN
	53704	19.743525229495095	0.12068329431026151	F	NaN	NaN	NaN
	53705	19.803542028680223	0.11675290633379107	F	NaN	NaN	NaN
	53706	19.85480821778126	0.1116541037996879	F	NaN	NaN	NaN
	53707	19.8984282305448	0.10860532304110465	F	NaN	NaN	NaN
	53708	19.93999066524336	0.11054048816794344	F	NaN	NaN	NaN
	53709	19.97969132297243	0.11397478213928042	F	NaN	NaN	NaN
	53710	20.01785538180527	0.12011065373106683	F	NaN	NaN	NaN
	53711	20.056069996601313	0.12744904025972223	F	NaN	NaN	NaN
	53712	20.094288546261023	0.13574335433059947	F	NaN	NaN	NaN
	53713	20.13241041683586	0.14353354381563457	F	NaN	NaN	NaN
	53714	20.170334994377274	0.15081964291524602	F	NaN	NaN	NaN
	53715	20.207960606097778	0.1563339910769357	F	NaN	NaN	NaN
	53716	20.24516056994698	0.1621954735461888	F	NaN	NaN	NaN
	53717	20.281874744291997	0.16648866081490432	F	NaN	NaN	NaN
	53718	20.31801257132491	0.17021271933115378	F	NaN	NaN	NaN
	53719	20.353482334049563	0.1737468456718554	F	NaN	NaN	NaN
	53720	20.38805684037161	0.17731177964977118	F	NaN	NaN	NaN
	53721	20.421757842746008	0.17965243325792782	F	NaN	NaN	NaN
	53722	20.454494783364854	0.1835890150182238	F	NaN	NaN	NaN
	53723	20.486177104420236	0.18653231428712932	F	NaN	NaN	NaN
	53724	20.51653156581424	0.1889270052631612	F	NaN	NaN	NaN
	53725	20.545606196981158	0.19132073982410874	F	NaN	NaN	NaN
	53726	20.57332905194907	0.19417138321943872	F	NaN	NaN	NaN
	53727	20.599609572910058	0.19679994823052085	F	NaN	NaN	NaN
	53728	20.62414561499258	0.19929472346020352	F	NaN	NaN	NaN
	53729	20.646980675715152	0.2018323525709853	F	NaN	NaN	NaN
	53730	20.66807624579526	0.2044130235665449	F	NaN	NaN	NaN
	53731	20.68750468153682	0.2069894138529918	F	NaN	NaN	NaN
	53732	20.705490309575016	0.2094583271661308	F	NaN	NaN	NaN
	53733	20.722152607122155	0.21180427953778613	F	NaN	NaN	NaN
	53734	20.737450291746576	0.2140205254474256	F	NaN	NaN	NaN
	53735	20.75145818253702	0.21611187864133016	F	NaN	NaN	NaN
	53736	20.764201401707883	0.21759117610159698	F	NaN	NaN	NaN
	53737	20.77569877849042	0.2197412871968304	F	NaN	NaN	NaN
	53738	20.785969142115906	0.21989624167644845	F	NaN	NaN	NaN
	53739	20.795026995672632	0.22216909644759783	F	NaN	NaN	NaN
	53740	20.802839564612253	0.22284968798935603	F	NaN	NaN	NaN
	53741	20.809483779266287	0.22337009361588647	F	NaN	NaN	NaN
	53742	20.814863014432476	0.22415455974537823	F	NaN	NaN	NaN
	53743	20.819196515089768	0.22515308953335839	F	NaN	NaN	NaN
	53744	20.8224340921155	0.2257219667348404	F	NaN	NaN	NaN
	53745	20.824593703458312	0.22614124513817108	F	NaN	NaN	NaN
	53746	20.82569330706682	0.22697789059905227	F	NaN	NaN	NaN
	53747	20.82575086088965	0.2278113240534302	F	NaN	NaN	NaN
	53748	20.824682695388343	0.22867711951457853	F	NaN	NaN	NaN
	53749	20.82254127313048	0.22961931472827388	F	NaN	NaN	NaN
	53750	20.819419279900373	0.23067675685091243	F	NaN	NaN	NaN
	53751	20.815334673646657	0.23186075889173502	F	NaN	NaN	NaN
	53752	20.810305412317952	0.23255693038609737	F	NaN	NaN	NaN
	53753	20.804349453862887	0.23315538716434703	F	NaN	NaN	NaN
	53754	20.797484756230077	0.23493556305445984	F	NaN	NaN	NaN
	53755	20.789729277368156	0.23701469684132337	F	NaN	NaN	NaN
	53756	20.78097374340143	0.2396436762568303	F	NaN	NaN	NaN
	53757	20.77134949742872	0.24286144193010273	F	NaN	NaN	NaN
	53758	20.76089594904034	0.2456221321752612	F	NaN	NaN	NaN
	53759	20.749631056184917	0.24902754854859682	F	NaN	NaN	NaN
	53760	20.737572776811067	0.25412245234579534	F	NaN	NaN	NaN
	53761	20.724739068867418	0.2607380837035035	F	NaN	NaN	NaN
	53762	20.711147890302595	0.26795457833339015	F	NaN	NaN	NaN
	53763	20.69680013709698	0.2775836773468337	F	NaN	NaN	NaN
	53764	20.68162687952647	0.28699288062230915	F	NaN	NaN	NaN
	53765	20.665849262643675	0.2963718601537089	F	NaN	NaN	NaN
	53766	20.6493178622606	0.3090516533722376	F	NaN	NaN	NaN

# FILTER U
#        MJD  MAG  MAGERR  Upperlimit  Instrument  Telescope  Source
	53672	18.782587469829625	0.17769758343423067	F	NaN	NaN	NaN
	53673	18.647215381843765	0.14178016015312297	F	NaN	NaN	NaN
	53674	18.530445437004747	0.1121134157987998	F	NaN	NaN	NaN
	53675	18.43218512529258	0.08987786522656742	F	NaN	NaN	NaN
	53676	18.35254108721324	0.07568332588728281	F	NaN	NaN	NaN
	53677	18.29152518663544	0.0661502152360779	F	NaN	NaN	NaN
	53678	18.249244555641617	0.06345805179786503	F	NaN	NaN	NaN
	53679	18.22581326226808	0.06149070035691235	F	NaN	NaN	NaN
	53680	18.22127227332428	0.059364442109500405	F	NaN	NaN	NaN
	53681	18.23536022136784	0.058566417515594396	F	NaN	NaN	NaN
	53682	18.26817124912015	0.059114597780727925	F	NaN	NaN	NaN
	53683	18.318649800034187	0.06432406054299147	F	NaN	NaN	NaN
	53684	18.386323170625158	0.07461035103700694	F	NaN	NaN	NaN
	53685	18.464508258022104	0.08884141266933099	F	NaN	NaN	NaN
	53686	18.55406232657575	0.10769128556488669	F	NaN	NaN	NaN
	53687	18.651413089870804	0.12991864916492743	F	NaN	NaN	NaN
	53688	18.74450000438711	0.14896402273408293	F	NaN	NaN	NaN
	53689	18.833672801589284	0.16359531288522192	F	NaN	NaN	NaN
	53690	18.9199542819905	0.17824107557938237	F	NaN	NaN	NaN
	53691	19.00439700079211	0.1912645381595547	F	NaN	NaN	NaN
	53692	19.088027761700026	0.20420684347334128	F	NaN	NaN	NaN
	53693	19.171862491451275	0.22074696940732202	F	NaN	NaN	NaN
	53694	19.25691711678287	0.2388656703346041	F	NaN	NaN	NaN
	53695	19.344230242559217	0.25526788481228024	F	NaN	NaN	NaN
	53696	19.434036565526622	0.2751296681168576	F	NaN	NaN	NaN
	53697	19.523923810461035	0.29626819380846736	F	NaN	NaN	NaN
	53698	19.613667206176366	0.3160976213918923	F	NaN	NaN	NaN
	53699	19.703310222409566	0.33513949442439567	F	NaN	NaN	NaN
	53700	19.792900887098845	0.35700213831115923	F	NaN	NaN	NaN
	53701	19.88248722818243	0.38502612222482124	F	NaN	NaN	NaN
	53702	19.97211727359851	0.4126465828379864	F	NaN	NaN	NaN
	53703	20.06183905128531	0.4491248498124095	F	NaN	NaN	NaN
	53704	20.151700589181036	0.4878581450466146	F	NaN	NaN	NaN
	53705	20.241749915223902	0.5335884198556999	F	NaN	NaN	NaN
	53706	20.332035057352122	0.5874717343723254	F	NaN	NaN	NaN
	53707	20.422597063890777	0.6472641286541974	F	NaN	NaN	NaN
	53708	20.513496980634027	0.7099939784758176	F	NaN	NaN	NaN
	53709	20.60477674691382	0.7820879185024358	F	NaN	NaN	NaN