###################### HEADER ######################
# SNNAME:	SN2006lc
###################### HEADER ######################


# FILTER r
#        MJD  MAG  MAGERR  Upperlimit  Instrument  Telescope  Source
	54026	20.517071501695106	0.19624965419803492	F	NaN	NaN	NaN
	54027	20.02444582649898	0.14268862010380928	F	NaN	NaN	NaN
	54028	19.576933300655643	0.09941924376145035	F	NaN	NaN	NaN
	54029	19.17944466837235	0.06612771790747371	F	NaN	NaN	NaN
	54030	18.831878533228306	0.04242262859506022	F	NaN	NaN	NaN
	54031	18.528217931461903	0.029964061140490682	F	NaN	NaN	NaN
	54032	18.278097831847692	0.025506151735036377	F	NaN	NaN	NaN
	54033	18.074543391908882	0.023614533776303577	F	NaN	NaN	NaN
	54034	17.901242131381505	0.023361358714840196	F	NaN	NaN	NaN
	54035	17.76465005197012	0.022444121947465822	F	NaN	NaN	NaN
	54036	17.652692710557098	0.020942890937382243	F	NaN	NaN	NaN
	54037	17.56303492552783	0.016967303974969455	F	NaN	NaN	NaN
	54038	17.492726288192127	0.01657209083037188	F	NaN	NaN	NaN
	54039	17.431501832392893	0.018982873047761733	F	NaN	NaN	NaN
	54040	17.383636298929535	0.021589828786737576	F	NaN	NaN	NaN
	54041	17.350250354244835	0.027834155014661667	F	NaN	NaN	NaN
	54042	17.33002969975906	0.037799405245132596	F	NaN	NaN	NaN
	54043	17.321566197646447	0.04381294311280118	F	NaN	NaN	NaN
	54044	17.3232539611569	0.0440089167010469	F	NaN	NaN	NaN
	54045	17.337270157931695	0.04243166272384957	F	NaN	NaN	NaN
	54046	17.366568776224415	0.03310071841629204	F	NaN	NaN	NaN
	54047	17.409539896160897	0.022149649653163343	F	NaN	NaN	NaN
	54048	17.46474373669755	0.021957584559374486	F	NaN	NaN	NaN
	54049	17.526419741190338	0.023924714329057226	F	NaN	NaN	NaN
	54050	17.59288485940009	0.03970216474766051	F	NaN	NaN	NaN
	54051	17.678776625150576	0.05082057411157613	F	NaN	NaN	NaN
	54052	17.799063621820604	0.030809253754356718	F	NaN	NaN	NaN
	54053	17.923930302976093	0.03140866129615159	F	NaN	NaN	NaN
	54054	18.00698386967824	0.02866147984292206	F	NaN	NaN	NaN
	54055	18.045347642082838	0.035650625986750804	F	NaN	NaN	NaN
	54056	18.06342882428918	0.04577436390633681	F	NaN	NaN	NaN
	54057	18.137178922121688	0.037079131251121014	F	NaN	NaN	NaN
	54058	18.225973524825083	0.02856622190297695	F	NaN	NaN	NaN
	54059	18.28327374616449	0.02422971925839977	F	NaN	NaN	NaN
	54060	18.339722785268783	0.02659616600620815	F	NaN	NaN	NaN
	54061	18.397017574824897	0.028392078243805643	F	NaN	NaN	NaN
	54062	18.45371949896423	0.032120279520261884	F	NaN	NaN	NaN
	54063	18.512462310260346	0.035008700557391914	F	NaN	NaN	NaN
	54064	18.575175086998385	0.03230097076432012	F	NaN	NaN	NaN
	54065	18.639878245597608	0.03344511238166448	F	NaN	NaN	NaN
	54066	18.70472831142699	0.038774537033372344	F	NaN	NaN	NaN
	54067	18.772842860081774	0.04538989252814166	F	NaN	NaN	NaN
	54068	18.849193739568378	0.06775016331943787	F	NaN	NaN	NaN
	54069	18.922639016811623	0.09727457670075441	F	NaN	NaN	NaN
	54070	18.981781182289087	0.11252516623554815	F	NaN	NaN	NaN
	54071	19.01817818619319	0.09689669195168044	F	NaN	NaN	NaN
	54072	19.04388519975894	0.08514886805131279	F	NaN	NaN	NaN
	54073	19.067363156954915	0.08520660283750126	F	NaN	NaN	NaN
	54074	19.079468506493647	0.09413006116821951	F	NaN	NaN	NaN
	54075	19.071230958471446	0.0910762299586891	F	NaN	NaN	NaN
	54076	19.0549326513878	0.08418556323705566	F	NaN	NaN	NaN
	54077	19.05408296578577	0.06840714435469543	F	NaN	NaN	NaN
	54078	19.053431902064926	0.05220479841789525	F	NaN	NaN	NaN
	54079	19.066041484373084	0.049423687705547587	F	NaN	NaN	NaN
	54080	19.094447640226075	0.05060265493426934	F	NaN	NaN	NaN
	54081	19.130611744741937	0.05555949074058758	F	NaN	NaN	NaN
	54082	19.175294713681048	0.06777642624095147	F	NaN	NaN	NaN
	54083	19.228330179563926	0.0861679818708467	F	NaN	NaN	NaN
	54084	19.289630901519185	0.1106201787905113	F	NaN	NaN	NaN
	54085	19.3590615576162	0.14280727899272272	F	NaN	NaN	NaN
	54086	19.43648682592435	0.18019250590437494	F	NaN	NaN	NaN

# FILTER i
#        MJD  MAG  MAGERR  Upperlimit  Instrument  Telescope  Source
	54026	19.89485869756952	0.2860514893158244	F	NaN	NaN	NaN
	54027	19.571235021212704	0.22859279362131635	F	NaN	NaN	NaN
	54028	19.26778897490039	0.17652039714666634	F	NaN	NaN	NaN
	54029	18.985856057291365	0.1303529378533556	F	NaN	NaN	NaN
	54030	18.72570858972379	0.09079712474638825	F	NaN	NaN	NaN
	54031	18.48556283299713	0.05786400411393297	F	NaN	NaN	NaN
	54032	18.26530553061936	0.032887773144945315	F	NaN	NaN	NaN
	54033	18.064907691080837	0.022147309246475018	F	NaN	NaN	NaN
	54034	17.884267473945375	0.028348815465511407	F	NaN	NaN	NaN
	54035	17.723532648813396	0.03819360948472038	F	NaN	NaN	NaN
	54036	17.582592298283824	0.04549567405369106	F	NaN	NaN	NaN
	54037	17.46378993982953	0.04500129889249764	F	NaN	NaN	NaN
	54038	17.36471309643503	0.04043470863327604	F	NaN	NaN	NaN
	54039	17.286523365622823	0.03687780185319161	F	NaN	NaN	NaN
	54040	17.234641686337458	0.0299649428497401	F	NaN	NaN	NaN
	54041	17.20211982944607	0.026051015741486556	F	NaN	NaN	NaN
	54042	17.182038583259686	0.02914882929773622	F	NaN	NaN	NaN
	54043	17.16747530565498	0.03503425456684224	F	NaN	NaN	NaN
	54044	17.161795918808888	0.040930522243230114	F	NaN	NaN	NaN
	54045	17.17195757248692	0.04942170585028207	F	NaN	NaN	NaN
	54046	17.189712484571974	0.055744031388307115	F	NaN	NaN	NaN
	54047	17.21334771766641	0.05377627760337293	F	NaN	NaN	NaN
	54048	17.24817656453965	0.04430144959950672	F	NaN	NaN	NaN
	54049	17.292139657835175	0.03245712084269199	F	NaN	NaN	NaN
	54050	17.34300881563333	0.02340095878504363	F	NaN	NaN	NaN
	54051	17.398599111505618	0.020686283396099417	F	NaN	NaN	NaN
	54052	17.45672683632101	0.020164145693073898	F	NaN	NaN	NaN
	54053	17.52013202976277	0.020201036813011154	F	NaN	NaN	NaN
	54054	17.584839426314705	0.03168346384117153	F	NaN	NaN	NaN
	54055	17.644661094717446	0.040848792608991526	F	NaN	NaN	NaN
	54056	17.70085776804488	0.04348984408244222	F	NaN	NaN	NaN
	54057	17.75441418466144	0.04218673065476313	F	NaN	NaN	NaN
	54058	17.806967284639	0.04068389556773628	F	NaN	NaN	NaN
	54059	17.858472378334096	0.03751943556297783	F	NaN	NaN	NaN
	54060	17.90818249964368	0.031305755300765695	F	NaN	NaN	NaN
	54061	17.959006387707493	0.026592997753476705	F	NaN	NaN	NaN
	54062	18.013908831942864	0.026177683309184338	F	NaN	NaN	NaN
	54063	18.075902230023026	0.03219378109517481	F	NaN	NaN	NaN
	54064	18.146484551571294	0.05548214385898961	F	NaN	NaN	NaN
	54065	18.219605459923862	0.09031038985479395	F	NaN	NaN	NaN
	54066	18.286860458585064	0.10816396723230694	F	NaN	NaN	NaN
	54067	18.348005963961086	0.11893378577996086	F	NaN	NaN	NaN
	54068	18.407003107550583	0.14547186303440765	F	NaN	NaN	NaN
	54069	18.46049288342487	0.1735449338455186	F	NaN	NaN	NaN
	54070	18.50508877376257	0.18808529615269845	F	NaN	NaN	NaN
	54071	18.537545513415242	0.1745419469311122	F	NaN	NaN	NaN
	54072	18.55903440743801	0.13716965820151775	F	NaN	NaN	NaN
	54073	18.57374574764865	0.09316637988968371	F	NaN	NaN	NaN
	54074	18.585897972119472	0.06194131872680478	F	NaN	NaN	NaN
	54075	18.599688373502968	0.05257116547439414	F	NaN	NaN	NaN
	54076	18.613789878252092	0.05149311646780485	F	NaN	NaN	NaN
	54077	18.623826409217706	0.05088090745100454	F	NaN	NaN	NaN
	54078	18.632341563391257	0.05142721054537204	F	NaN	NaN	NaN
	54079	18.641920595843622	0.054261751043657144	F	NaN	NaN	NaN
	54080	18.652711716560013	0.060006140496202044	F	NaN	NaN	NaN
	54081	18.66250784447757	0.06967211709054463	F	NaN	NaN	NaN
	54082	18.67117061693709	0.08296753505025431	F	NaN	NaN	NaN
	54083	18.678604937511196	0.10051455830376882	F	NaN	NaN	NaN
	54084	18.684695984107254	0.12224570952603228	F	NaN	NaN	NaN
	54085	18.689335146936962	0.14699615685357922	F	NaN	NaN	NaN
	54086	18.692413816212007	0.17718347294094156	F	NaN	NaN	NaN

# FILTER z
#        MJD  MAG  MAGERR  Upperlimit  Instrument  Telescope  Source
	54026	19.692600526065952	0.1821482615111048	F	NaN	NaN	NaN
	54027	19.42370835569172	0.153478390115238	F	NaN	NaN	NaN
	54028	19.16957580934343	0.12846708124245282	F	NaN	NaN	NaN
	54029	18.93159427067619	0.10736047181331845	F	NaN	NaN	NaN
	54030	18.709750478270227	0.0895296260267242	F	NaN	NaN	NaN
	54031	18.502498294641825	0.0747225957275664	F	NaN	NaN	NaN
	54032	18.310630839295087	0.06360948432559976	F	NaN	NaN	NaN
	54033	18.133384435335554	0.05689921965832126	F	NaN	NaN	NaN
	54034	17.97077570119104	0.05399469996636922	F	NaN	NaN	NaN
	54035	17.82276914332022	0.054244470452010224	F	NaN	NaN	NaN
	54036	17.689329268181723	0.05615221678049699	F	NaN	NaN	NaN
	54037	17.5713150859189	0.05830351344459531	F	NaN	NaN	NaN
	54038	17.469291702317328	0.06052693961463334	F	NaN	NaN	NaN
	54039	17.38092230597271	0.06174088533489408	F	NaN	NaN	NaN
	54040	17.306533041667	0.060982091355355685	F	NaN	NaN	NaN
	54041	17.248621610826657	0.0581190985130777	F	NaN	NaN	NaN
	54042	17.20675359333117	0.05364634674757829	F	NaN	NaN	NaN
	54043	17.178710895850102	0.04883624453790575	F	NaN	NaN	NaN
	54044	17.16297355773032	0.04581553443817654	F	NaN	NaN	NaN
	54045	17.15802161831866	0.04434800974916806	F	NaN	NaN	NaN
	54046	17.162555477302302	0.0448809444376013	F	NaN	NaN	NaN
	54047	17.17486595454935	0.04534812929164355	F	NaN	NaN	NaN
	54048	17.193274652473107	0.044695546610864556	F	NaN	NaN	NaN
	54049	17.2239298963133	0.04075116991535919	F	NaN	NaN	NaN
	54050	17.274910567065362	0.0362564090486322	F	NaN	NaN	NaN
	54051	17.334796808523556	0.0353521561427193	F	NaN	NaN	NaN
	54052	17.391780101770156	0.037945839476359725	F	NaN	NaN	NaN
	54053	17.43947132526471	0.039632203277311	F	NaN	NaN	NaN
	54054	17.48320060392573	0.03977563533120647	F	NaN	NaN	NaN
	54055	17.523542011313776	0.04083052826534675	F	NaN	NaN	NaN
	54056	17.558165576289706	0.04197666300150978	F	NaN	NaN	NaN
	54057	17.58755522798215	0.04713653405907278	F	NaN	NaN	NaN
	54058	17.617928266103362	0.0519692569588917	F	NaN	NaN	NaN
	54059	17.651750792795898	0.052089256194824476	F	NaN	NaN	NaN
	54060	17.685628119077528	0.05014208034812624	F	NaN	NaN	NaN
	54061	17.720718034801113	0.049944033368379714	F	NaN	NaN	NaN
	54062	17.756339654358815	0.05665452999209242	F	NaN	NaN	NaN
	54063	17.79271084716217	0.07382094773569209	F	NaN	NaN	NaN

# FILTER g
#        MJD  MAG  MAGERR  Upperlimit  Instrument  Telescope  Source
	54026	21.90153940420292	0.5301410423773039	F	NaN	NaN	NaN
	54027	21.29120734045314	0.3954023971003887	F	NaN	NaN	NaN
	54028	20.735641579505717	0.27946333150385744	F	NaN	NaN	NaN
	54029	20.23788904539862	0.183036850959225	F	NaN	NaN	NaN
	54030	19.798007336643533	0.10598002398152859	F	NaN	NaN	NaN
	54031	19.411641999626593	0.05069955519183823	F	NaN	NaN	NaN
	54032	19.080248890347892	0.03397486296546678	F	NaN	NaN	NaN
	54033	18.803807765436037	0.043959708149968954	F	NaN	NaN	NaN
	54034	18.579841850118402	0.04872336337341604	F	NaN	NaN	NaN
	54035	18.405563624127367	0.04470827112197924	F	NaN	NaN	NaN
	54036	18.27828426537912	0.03608057593250107	F	NaN	NaN	NaN
	54037	18.201104697311308	0.036347725813980304	F	NaN	NaN	NaN
	54038	18.138266518211218	0.054006996459163056	F	NaN	NaN	NaN
	54039	18.07878459679765	0.06231076270548597	F	NaN	NaN	NaN
	54040	18.040183670060053	0.07193823688864988	F	NaN	NaN	NaN
	54041	18.03628691671865	0.06927402549466272	F	NaN	NaN	NaN
	54042	18.064259318140948	0.05622897519338991	F	NaN	NaN	NaN
	54043	18.117124921306687	0.03772633200058455	F	NaN	NaN	NaN
	54044	18.18926574717329	0.021837860588038733	F	NaN	NaN	NaN
	54045	18.275125699195275	0.02631880635389085	F	NaN	NaN	NaN
	54046	18.369058470313174	0.04220752869380022	F	NaN	NaN	NaN
	54047	18.464908633101878	0.053776793284505145	F	NaN	NaN	NaN
	54048	18.557058208518825	0.055460532881573626	F	NaN	NaN	NaN
	54049	18.65350722292291	0.044692195888924625	F	NaN	NaN	NaN
	54050	18.770503504270124	0.027655728525865172	F	NaN	NaN	NaN
	54051	18.895576551804727	0.020028343333712006	F	NaN	NaN	NaN
	54052	19.015317589360347	0.024418844219068925	F	NaN	NaN	NaN
	54053	19.12161757828421	0.026436838345903373	F	NaN	NaN	NaN
	54054	19.219968731820835	0.02731919349384046	F	NaN	NaN	NaN
	54055	19.311270660562286	0.027616054643000883	F	NaN	NaN	NaN
	54056	19.394128348334103	0.029944500027176767	F	NaN	NaN	NaN
	54057	19.47005458224244	0.03529784917911221	F	NaN	NaN	NaN
	54058	19.540567123105543	0.03929240120026328	F	NaN	NaN	NaN
	54059	19.60627413287922	0.03911762817950704	F	NaN	NaN	NaN
	54060	19.666158613808328	0.03786133839097798	F	NaN	NaN	NaN
	54061	19.720543259514727	0.037270235061413914	F	NaN	NaN	NaN
	54062	19.769835131303335	0.0382177491689578	F	NaN	NaN	NaN
	54063	19.814375788054328	0.04402552085272654	F	NaN	NaN	NaN
	54064	19.855637241246008	0.05434248383527875	F	NaN	NaN	NaN
	54065	19.895716024132085	0.06353098365624593	F	NaN	NaN	NaN
	54066	19.934492571674742	0.07113745703640147	F	NaN	NaN	NaN
	54067	19.97170540300447	0.07594749197183716	F	NaN	NaN	NaN
	54068	20.0074284381049	0.07823136225383812	F	NaN	NaN	NaN
	54069	20.041143965477325	0.07854580200729284	F	NaN	NaN	NaN
	54070	20.073015883343132	0.07900034778232276	F	NaN	NaN	NaN
	54071	20.1025578983675	0.07878254182076803	F	NaN	NaN	NaN
	54072	20.129864660378463	0.07893084626373628	F	NaN	NaN	NaN
	54073	20.154538908879964	0.08028021464478426	F	NaN	NaN	NaN
	54074	20.176566476415857	0.0837505283297684	F	NaN	NaN	NaN
	54075	20.195678704219674	0.08918307135464379	F	NaN	NaN	NaN
	54076	20.21171303866029	0.09581717470651263	F	NaN	NaN	NaN
	54077	20.224568991591592	0.10411697947470339	F	NaN	NaN	NaN
	54078	20.23389605431674	0.11425205332937373	F	NaN	NaN	NaN
	54079	20.239801478200715	0.1254823716721306	F	NaN	NaN	NaN

# FILTER B
#        MJD  MAG  MAGERR  Upperlimit  Instrument  Telescope  Source
	54034	18.953371819113563	0.05367878652136851	F	NaN	NaN	NaN
	54035	18.836177817722877	0.04088141836634524	F	NaN	NaN	NaN
	54036	18.738056086297046	0.036659666367737945	F	NaN	NaN	NaN
	54037	18.65936899785876	0.03896603792218256	F	NaN	NaN	NaN
	54038	18.599749006693678	0.043992759398311175	F	NaN	NaN	NaN
	54039	18.56144728081822	0.04943152434038722	F	NaN	NaN	NaN
	54040	18.546201134774645	0.051954171501067035	F	NaN	NaN	NaN
	54041	18.552654063840027	0.05321953459989742	F	NaN	NaN	NaN
	54042	18.579067587942905	0.0544266191165754	F	NaN	NaN	NaN
	54043	18.62370322701169	0.0553047276211484	F	NaN	NaN	NaN
	54044	18.684822500974914	0.056642638394263485	F	NaN	NaN	NaN
	54045	18.760686929761057	0.05922857588826229	F	NaN	NaN	NaN
	54046	18.849558033298575	0.06006708772171189	F	NaN	NaN	NaN
	54047	18.94969733151597	0.05919412418222986	F	NaN	NaN	NaN
	54048	19.059366344341697	0.054894408907679784	F	NaN	NaN	NaN
	54049	19.1888715227985	0.05012968139598897	F	NaN	NaN	NaN
	54050	19.344348666979805	0.055918363246371006	F	NaN	NaN	NaN
	54051	19.508297345117413	0.06884663007559191	F	NaN	NaN	NaN
	54052	19.662988650420168	0.07372862592442378	F	NaN	NaN	NaN
	54053	19.801464900569606	0.07449932365895208	F	NaN	NaN	NaN
	54054	19.92580374134673	0.08282770799073667	F	NaN	NaN	NaN
	54055	20.035928236795616	0.09118114344483083	F	NaN	NaN	NaN
	54056	20.135084920588124	0.09724344325067147	F	NaN	NaN	NaN
	54057	20.220203220841793	0.1006871895391154	F	NaN	NaN	NaN
	54058	20.288684562990547	0.10260006723036592	F	NaN	NaN	NaN
	54059	20.342534849984332	0.10629756570295679	F	NaN	NaN	NaN
	54060	20.384534123327153	0.11218526023812013	F	NaN	NaN	NaN
	54061	20.41746242452301	0.12115699538514199	F	NaN	NaN	NaN
	54062	20.444099795075903	0.13444267928050385	F	NaN	NaN	NaN
	54063	20.46722627648982	0.14764411893031715	F	NaN	NaN	NaN
	54064	20.489621910268784	0.1608415830604214	F	NaN	NaN	NaN
	54065	20.514066737916774	0.16983217255270466	F	NaN	NaN	NaN
	54066	20.543340800937802	0.1735376496978426	F	NaN	NaN	NaN
	54067	20.574386246781426	0.1732258161560642	F	NaN	NaN	NaN
	54068	20.60267842281949	0.1728041142217225	F	NaN	NaN	NaN
	54069	20.627563747377216	0.17044352542690078	F	NaN	NaN	NaN
	54070	20.649549978371034	0.16761267489178927	F	NaN	NaN	NaN
	54071	20.668084081642554	0.16506872054610283	F	NaN	NaN	NaN
	54072	20.683788928882826	0.16355972495137575	F	NaN	NaN	NaN
	54073	20.696214202364985	0.16465286588590738	F	NaN	NaN	NaN
	54074	20.70576624448265	0.16778616573758556	F	NaN	NaN	NaN
	54075	20.71222106233205	0.17393871725040128	F	NaN	NaN	NaN
	54076	20.7157561829758	0.18436202307300664	F	NaN	NaN	NaN
	54077	20.716371614331262	0.198928422452831	F	NaN	NaN	NaN
	54078	20.714025697149804	0.2193156878138362	F	NaN	NaN	NaN
	54079	20.70893281115019	0.24614763113835225	F	NaN	NaN	NaN

# FILTER V
#        MJD  MAG  MAGERR  Upperlimit  Instrument  Telescope  Source
	54034	18.146589706168925	0.13458600693767145	F	NaN	NaN	NaN
	54035	18.026935885768815	0.122546665670247	F	NaN	NaN	NaN
	54036	17.923702988276247	0.11100593948232684	F	NaN	NaN	NaN
	54037	17.838885322604437	0.0984489153904904	F	NaN	NaN	NaN
	54038	17.774233805448496	0.08523520992280316	F	NaN	NaN	NaN
	54039	17.72846272706881	0.07178823487503831	F	NaN	NaN	NaN
	54040	17.69958473482389	0.059040719582696334	F	NaN	NaN	NaN
	54041	17.68625920474496	0.048128232124110826	F	NaN	NaN	NaN
	54042	17.686979706277906	0.039905242324123805	F	NaN	NaN	NaN
	54043	17.700278306749926	0.035101543174536315	F	NaN	NaN	NaN
	54044	17.724760331275128	0.03345038094947497	F	NaN	NaN	NaN
	54045	17.75870249590164	0.03297456185074323	F	NaN	NaN	NaN
	54046	17.812640643831926	0.03352044762523658	F	NaN	NaN	NaN
	54047	17.868446184000934	0.03377287723642767	F	NaN	NaN	NaN
	54048	17.941287821728995	0.034221213918697764	F	NaN	NaN	NaN
	54049	18.026333545270408	0.03541083932691602	F	NaN	NaN	NaN
	54050	18.118012649181843	0.03837032499117092	F	NaN	NaN	NaN
	54051	18.210912849717527	0.041621576872489345	F	NaN	NaN	NaN
	54052	18.299563402365674	0.044684237717538225	F	NaN	NaN	NaN
	54053	18.384126171795202	0.045747109722992264	F	NaN	NaN	NaN
	54054	18.46641278379695	0.04573741992796494	F	NaN	NaN	NaN
	54055	18.54502386848923	0.04759982763106445	F	NaN	NaN	NaN
	54056	18.620657340920232	0.0509255160868069	F	NaN	NaN	NaN
	54057	18.696238227421482	0.05304531975577525	F	NaN	NaN	NaN
	54058	18.770880715356487	0.05599020051103318	F	NaN	NaN	NaN
	54059	18.843767080686025	0.06106300960971788	F	NaN	NaN	NaN
	54060	18.913871131431556	0.06833297868929597	F	NaN	NaN	NaN
	54061	18.980436638847703	0.07591147922873981	F	NaN	NaN	NaN
	54062	19.042409536857182	0.08286817813441834	F	NaN	NaN	NaN
	54063	19.099027976409335	0.08731936441433082	F	NaN	NaN	NaN
	54064	19.14927700613618	0.08830770956962071	F	NaN	NaN	NaN
	54065	19.193026502435192	0.08496976043132481	F	NaN	NaN	NaN
	54066	19.23237517352718	0.08210998509945877	F	NaN	NaN	NaN
	54067	19.264243995669908	0.07986464780612221	F	NaN	NaN	NaN
	54068	19.285649540812997	0.07946687602045877	F	NaN	NaN	NaN
	54069	19.301017092702462	0.0838640548972504	F	NaN	NaN	NaN
	54070	19.314738167573918	0.0929738400242674	F	NaN	NaN	NaN
	54071	19.331204096084093	0.10078383503061446	F	NaN	NaN	NaN
	54072	19.354928958419187	0.10590591519350856	F	NaN	NaN	NaN
	54073	19.389299244375724	0.10133136329040246	F	NaN	NaN	NaN
	54074	19.426850551591503	0.09517539236490685	F	NaN	NaN	NaN
	54075	19.461468823561688	0.0900995391270115	F	NaN	NaN	NaN
	54076	19.496989209395327	0.08402876514201864	F	NaN	NaN	NaN
	54077	19.53110743458615	0.08210179474682222	F	NaN	NaN	NaN
	54078	19.56544336175583	0.08557779436461263	F	NaN	NaN	NaN
	54079	19.600567564243644	0.09710816888716009	F	NaN	NaN	NaN
	54080	19.63654247551208	0.12013633975739837	F	NaN	NaN	NaN
	54081	19.67300318568383	0.15282933483996203	F	NaN	NaN	NaN
	54082	19.710025210835884	0.19584357705093206	F	NaN	NaN	NaN
	54083	19.747678204996017	0.24636478582807741	F	NaN	NaN	NaN
	54084	19.786042483776153	0.3035449601852236	F	NaN	NaN	NaN
	54085	19.825195045705463	0.3630234546849423	F	NaN	NaN	NaN
	54086	19.865212889313128	0.4288562820707385	F	NaN	NaN	NaN