###################### HEADER ######################
# SNNAME:	SN2006lv
###################### HEADER ######################


# FILTER i
#        MJD  MAG  MAGERR  Upperlimit  Instrument  Telescope  Source
	54044	17.66406103014491	0.04459069118040612	F	NaN	NaN	NaN
	54045	17.681298143932054	0.0402711071766193	F	NaN	NaN	NaN
	54046	17.698465607670062	0.03715513865232865	F	NaN	NaN	NaN
	54047	17.715578871024295	0.03446863592875675	F	NaN	NaN	NaN
	54048	17.732647346992135	0.032483417901532405	F	NaN	NaN	NaN
	54049	17.749675155843672	0.031444450464278184	F	NaN	NaN	NaN
	54050	17.766666399147663	0.030887955667932898	F	NaN	NaN	NaN
	54051	17.78362522502002	0.030828185712857642	F	NaN	NaN	NaN
	54052	17.800555731622378	0.0314837365331654	F	NaN	NaN	NaN
	54053	17.817462076468843	0.032027553218429886	F	NaN	NaN	NaN
	54054	17.834342536947915	0.03334115714606091	F	NaN	NaN	NaN
	54055	17.851164249879332	0.034522022427785376	F	NaN	NaN	NaN
	54056	17.86792662548801	0.03585326614114563	F	NaN	NaN	NaN
	54057	17.884633396798463	0.03729926147314936	F	NaN	NaN	NaN
	54058	17.901296543965913	0.03869693589677534	F	NaN	NaN	NaN
	54059	17.91791683701434	0.04013197244331272	F	NaN	NaN	NaN
	54060	17.934505302897488	0.041415245711680114	F	NaN	NaN	NaN
	54061	17.951061859095578	0.042510086481265	F	NaN	NaN	NaN
	54062	17.967598158949084	0.04332605619620281	F	NaN	NaN	NaN
	54063	17.984117432797436	0.04459549821146125	F	NaN	NaN	NaN
	54064	18.000626884341067	0.045777189202074096	F	NaN	NaN	NaN
	54065	18.01713252787516	0.046969014635492704	F	NaN	NaN	NaN
	54066	18.03364052888355	0.04794297250928756	F	NaN	NaN	NaN
	54067	18.050156114084015	0.04886468500369486	F	NaN	NaN	NaN
	54068	18.06668806233179	0.04936224475578031	F	NaN	NaN	NaN
	54069	18.083239065068078	0.050571678482324744	F	NaN	NaN	NaN
	54070	18.09981845444103	0.051294668532880124	F	NaN	NaN	NaN
	54071	18.116358048507443	0.051944196429541664	F	NaN	NaN	NaN
	54072	18.13253213663533	0.05323125038209181	F	NaN	NaN	NaN
	54073	18.148485205076426	0.05444000000530875	F	NaN	NaN	NaN
	54074	18.16444176064246	0.057554777964650694	F	NaN	NaN	NaN
	54075	18.180626491187763	0.0596657596583649	F	NaN	NaN	NaN
	54076	18.19721968024219	0.06048979117285446	F	NaN	NaN	NaN
	54077	18.21406340394419	0.06067567700320542	F	NaN	NaN	NaN
	54078	18.231073167606564	0.060781555309169476	F	NaN	NaN	NaN
	54079	18.248215217940334	0.06043412369270304	F	NaN	NaN	NaN
	54080	18.26545339218296	0.060267821276115956	F	NaN	NaN	NaN
	54081	18.28274924852627	0.059693927582109646	F	NaN	NaN	NaN
	54082	18.300065347911683	0.059854013658784046	F	NaN	NaN	NaN
	54083	18.317364823546907	0.05945566734490554	F	NaN	NaN	NaN
	54084	18.334611020475304	0.05951833466160887	F	NaN	NaN	NaN
	54085	18.351767064881347	0.05932166962417129	F	NaN	NaN	NaN
	54086	18.36879330834708	0.0590608363113622	F	NaN	NaN	NaN
	54087	18.385655032076524	0.05912922345934024	F	NaN	NaN	NaN
	54088	18.402316011144116	0.05889837992131214	F	NaN	NaN	NaN
	54089	18.418733627199877	0.05835502125247384	F	NaN	NaN	NaN
	54090	18.43491617835613	0.05823854013061965	F	NaN	NaN	NaN
	54091	18.451016777154813	0.05762092882827838	F	NaN	NaN	NaN
	54092	18.467055691819123	0.0571113116349803	F	NaN	NaN	NaN
	54093	18.483023105055963	0.057030636603268535	F	NaN	NaN	NaN
	54094	18.49890919957224	0.057001791442968366	F	NaN	NaN	NaN
	54095	18.51470415807484	0.05681411840900151	F	NaN	NaN	NaN
	54096	18.530393842306438	0.0563117095694949	F	NaN	NaN	NaN
	54097	18.545969709116633	0.05652926527171276	F	NaN	NaN	NaN
	54098	18.561423742409403	0.05689161849537325	F	NaN	NaN	NaN
	54099	18.576746124891645	0.05750335899072273	F	NaN	NaN	NaN
	54100	18.591927039270256	0.0585906950775795	F	NaN	NaN	NaN
	54101	18.606955455182444	0.06006354053392484	F	NaN	NaN	NaN
	54102	18.62181763284324	0.061751477586027045	F	NaN	NaN	NaN
	54103	18.636523210592582	0.06369197442494799	F	NaN	NaN	NaN
	54104	18.651136720924328	0.06563728208955744	F	NaN	NaN	NaN
	54105	18.665627450103187	0.0684305631681288	F	NaN	NaN	NaN
	54106	18.67994522405238	0.07168702120159745	F	NaN	NaN	NaN
	54107	18.694035955999535	0.07514407261125518	F	NaN	NaN	NaN
	54108	18.707906906072285	0.080125797522291	F	NaN	NaN	NaN
	54109	18.721573045992074	0.0845489510165208	F	NaN	NaN	NaN
	54110	18.735049347480345	0.09012066191309194	F	NaN	NaN	NaN
	54111	18.74835042575926	0.09603183506993121	F	NaN	NaN	NaN
	54112	18.761492070087172	0.10199950125407917	F	NaN	NaN	NaN
	54113	18.774488780501976	0.10864063531838747	F	NaN	NaN	NaN
	54114	18.78735552729458	0.11600505871119045	F	NaN	NaN	NaN
	54115	18.800107376761478	0.1231715625466918	F	NaN	NaN	NaN
	54116	18.812759156027155	0.1310121022285537	F	NaN	NaN	NaN
	54117	18.82532575536022	0.13969577797651872	F	NaN	NaN	NaN

# FILTER V
#        MJD  MAG  MAGERR  Upperlimit  Instrument  Telescope  Source
	54044	18.442771092264202	0.07257665548248471	F	NaN	NaN	NaN
	54045	18.456129497334192	0.06493469185710612	F	NaN	NaN	NaN
	54046	18.46969880623221	0.057996214260071	F	NaN	NaN	NaN
	54047	18.483486041554027	0.0526327616061799	F	NaN	NaN	NaN
	54048	18.49749376811798	0.04960477082802581	F	NaN	NaN	NaN
	54049	18.51172436813191	0.04754959511577455	F	NaN	NaN	NaN
	54050	18.526180096994864	0.047570311285788015	F	NaN	NaN	NaN
	54051	18.540862975243268	0.04838757956595034	F	NaN	NaN	NaN
	54052	18.55577878445622	0.049951870915581995	F	NaN	NaN	NaN
	54053	18.570944564980984	0.05216014468033293	F	NaN	NaN	NaN
	54054	18.586351604847017	0.05412561098507415	F	NaN	NaN	NaN
	54055	18.601986662292816	0.05643393060304651	F	NaN	NaN	NaN
	54056	18.617835818462108	0.05830479453815355	F	NaN	NaN	NaN
	54057	18.633909102685543	0.06022193328383735	F	NaN	NaN	NaN
	54058	18.65024713632814	0.061501625172364176	F	NaN	NaN	NaN
	54059	18.666850574194925	0.06239693757704284	F	NaN	NaN	NaN
	54060	18.683720362986374	0.06310008051165873	F	NaN	NaN	NaN
	54061	18.70081832303771	0.06366154877259927	F	NaN	NaN	NaN
	54062	18.718158547452685	0.064246930263938	F	NaN	NaN	NaN
	54063	18.735691594025536	0.06463195759049606	F	NaN	NaN	NaN
	54064	18.753440934538745	0.06517304966714459	F	NaN	NaN	NaN
	54065	18.771354624378	0.06571756547985394	F	NaN	NaN	NaN
	54066	18.78944676905622	0.06703217607254194	F	NaN	NaN	NaN
	54067	18.807680165073915	0.0684354682452678	F	NaN	NaN	NaN
	54068	18.826055295816765	0.06955110600189611	F	NaN	NaN	NaN
	54069	18.844547078487594	0.07065857867814981	F	NaN	NaN	NaN
	54070	18.863142220734918	0.07251699758376104	F	NaN	NaN	NaN
	54071	18.881831376519706	0.07391744987352936	F	NaN	NaN	NaN
	54072	18.900595657965297	0.07538601293667531	F	NaN	NaN	NaN
	54073	18.91923271426837	0.07717895095500807	F	NaN	NaN	NaN
	54074	18.936989070691574	0.08014230010997823	F	NaN	NaN	NaN
	54075	18.954222283629683	0.08286218589560032	F	NaN	NaN	NaN
	54076	18.971439263191453	0.08453830015589635	F	NaN	NaN	NaN
	54077	18.989030002290264	0.08664759426130975	F	NaN	NaN	NaN
	54078	19.00655898386132	0.08823034353071742	F	NaN	NaN	NaN
	54079	19.02390604303692	0.08993501035739726	F	NaN	NaN	NaN
	54080	19.04107313849344	0.09204206145343777	F	NaN	NaN	NaN
	54081	19.058066474070863	0.0935984820806305	F	NaN	NaN	NaN
	54082	19.074891234666467	0.0969191271407287	F	NaN	NaN	NaN
	54083	19.091551811927545	0.09877423319231562	F	NaN	NaN	NaN
	54084	19.108052848969834	0.10026436527233937	F	NaN	NaN	NaN
	54085	19.12439849096601	0.10168494445428339	F	NaN	NaN	NaN
	54086	19.14059091784821	0.10444944142706833	F	NaN	NaN	NaN
	54087	19.15663704302642	0.10728752455229781	F	NaN	NaN	NaN
	54088	19.17254190581438	0.11134316437972872	F	NaN	NaN	NaN
	54089	19.18830635800376	0.11572167585153623	F	NaN	NaN	NaN
	54090	19.20393916258745	0.11839925758926503	F	NaN	NaN	NaN
	54091	19.219439331224905	0.12230222576133915	F	NaN	NaN	NaN
	54092	19.234816145653244	0.1271220941591525	F	NaN	NaN	NaN
	54093	19.250073890438728	0.13200318705100533	F	NaN	NaN	NaN
	54094	19.265216850147652	0.13790725682964272	F	NaN	NaN	NaN
	54095	19.28024930934627	0.14389701371277486	F	NaN	NaN	NaN
	54096	19.295171372825454	0.15142290958035795	F	NaN	NaN	NaN
	54097	19.309990455093264	0.1586271891327908	F	NaN	NaN	NaN
	54098	19.324712434178114	0.1663420945985381	F	NaN	NaN	NaN
	54099	19.33934159464629	0.17464083224761492	F	NaN	NaN	NaN
	54100	19.35388222106406	0.18351985650175326	F	NaN	NaN	NaN
	54101	19.368327760622403	0.19158425606099413	F	NaN	NaN	NaN
	54102	19.382630813377567	0.20365813194751825	F	NaN	NaN	NaN
	54103	19.39680204007938	0.21420304126141443	F	NaN	NaN	NaN
	54104	19.410860039636923	0.22532860512458702	F	NaN	NaN	NaN
	54105	19.424807711688434	0.23705011204626164	F	NaN	NaN	NaN
	54106	19.43857943113633	0.24935727300702526	F	NaN	NaN	NaN
	54107	19.452175541312617	0.26227205732863246	F	NaN	NaN	NaN
	54108	19.465607845738568	0.2769278372331688	F	NaN	NaN	NaN
	54109	19.47888565175098	0.29192719530606603	F	NaN	NaN	NaN
	54110	19.49201703831767	0.3067755958277629	F	NaN	NaN	NaN
	54111	19.505007848017637	0.3223041245539162	F	NaN	NaN	NaN
	54112	19.517872883883495	0.33848308483457956	F	NaN	NaN	NaN
	54113	19.53062145325203	0.3565960246432013	F	NaN	NaN	NaN
	54114	19.54326286346003	0.37277199074545647	F	NaN	NaN	NaN
	54115	19.555803878379432	0.3907915235031144	F	NaN	NaN	NaN
	54116	19.56825609905904	0.4094173757113245	F	NaN	NaN	NaN
	54117	19.580628795694494	0.42898380072125564	F	NaN	NaN	NaN

# FILTER B
#        MJD  MAG  MAGERR  Upperlimit  Instrument  Telescope  Source
	54042	16.931537673847274	0.5004250603387812	F	NaN	NaN	NaN
	54043	18.238141662904376	0.3425119384162176	F	NaN	NaN	NaN
	54044	19.26121509783102	0.3871869215668333	F	NaN	NaN	NaN
	54045	19.906102824727366	0.4595877007502208	F	NaN	NaN	NaN
	54046	20.222923393990317	0.46300074403454544	F	NaN	NaN	NaN
	54047	20.301381430171787	0.41614915326558743	F	NaN	NaN	NaN
	54048	20.230712840932707	0.3637808365456421	F	NaN	NaN	NaN
	54049	20.10494902447578	0.335793650700348	F	NaN	NaN	NaN
	54050	20.013923302774586	0.3314271732198248	F	NaN	NaN	NaN
	54051	20.021533085128528	0.3160847972266547	F	NaN	NaN	NaN
	54052	20.04288234488575	0.2931983690301812	F	NaN	NaN	NaN
	54053	20.054357893157434	0.26966288317178605	F	NaN	NaN	NaN
	54054	20.053949891106	0.25648966477463436	F	NaN	NaN	NaN
	54055	20.04248934648975	0.2870641274807507	F	NaN	NaN	NaN
	54056	20.012088141017173	0.36794857665784947	F	NaN	NaN	NaN
	54057	19.952125243181733	0.5108986010894979	F	NaN	NaN	NaN
	54058	19.90537690144791	0.6278441067369398	F	NaN	NaN	NaN
	54059	19.87966749678645	0.7062240374005727	F	NaN	NaN	NaN
	54060	19.869667721088113	0.7472406625838075	F	NaN	NaN	NaN
	54061	19.87578888998968	0.7427241010204172	F	NaN	NaN	NaN
	54062	19.892498709535523	0.7079101235644971	F	NaN	NaN	NaN
	54063	19.91849343372175	0.6500416784685303	F	NaN	NaN	NaN
	54064	19.950504803480236	0.5814653678075291	F	NaN	NaN	NaN
	54065	19.98578513891297	0.5099206130063537	F	NaN	NaN	NaN
	54066	20.021690013852563	0.453642142193551	F	NaN	NaN	NaN
	54067	20.055647074895226	0.40598620287489895	F	NaN	NaN	NaN
	54068	20.084058351582826	0.38441694291711626	F	NaN	NaN	NaN
	54069	20.105339508206193	0.378210411986234	F	NaN	NaN	NaN
	54070	20.115613827601333	0.37449714410852847	F	NaN	NaN	NaN
	54071	20.11571391491842	0.36574844215163277	F	NaN	NaN	NaN
	54072	20.108356122076664	0.35896732722509395	F	NaN	NaN	NaN
	54073	20.08302913290708	0.3606474503128192	F	NaN	NaN	NaN
	54074	20.05289058042311	0.37002253448298533	F	NaN	NaN	NaN
	54075	20.027504482525917	0.38980092339511757	F	NaN	NaN	NaN
	54076	20.01461709154733	0.41737254530745915	F	NaN	NaN	NaN
	54077	20.018800474665856	0.4306998264207354	F	NaN	NaN	NaN
	54078	20.036965589647206	0.4315882214868496	F	NaN	NaN	NaN
	54079	20.065733526225394	0.4257566976268577	F	NaN	NaN	NaN
	54080	20.101048673844407	0.4203150580067497	F	NaN	NaN	NaN
	54081	20.139326672455685	0.42031766823324657	F	NaN	NaN	NaN
	54082	20.17674763134894	0.43022895276107775	F	NaN	NaN	NaN
	54083	20.209461200566764	0.44196655707753607	F	NaN	NaN	NaN
	54084	20.236321737742227	0.44964632259023163	F	NaN	NaN	NaN
	54085	20.269002227108345	0.45547887028780065	F	NaN	NaN	NaN
	54086	20.30740174490403	0.4619331854868872	F	NaN	NaN	NaN
	54087	20.34762460264254	0.475189431717134	F	NaN	NaN	NaN
	54088	20.38593184587922	0.49202291490604627	F	NaN	NaN	NaN
	54089	20.418372349220043	0.5076415943948442	F	NaN	NaN	NaN
	54090	20.442091823369456	0.5125758733736212	F	NaN	NaN	NaN
	54091	20.458663481494295	0.5056965511841423	F	NaN	NaN	NaN
	54092	20.470115192064473	0.4855957213050561	F	NaN	NaN	NaN
	54093	20.47781062149264	0.46694772198624507	F	NaN	NaN	NaN
	54094	20.483113436191445	0.45871585000681	F	NaN	NaN	NaN
	54095	20.487387302573538	0.456646210706699	F	NaN	NaN	NaN
	54096	20.492078209914105	0.46001608673722183	F	NaN	NaN	NaN
	54097	20.49864560068698	0.47191063798577276	F	NaN	NaN	NaN
	54098	20.508448065250885	0.48692986297948726	F	NaN	NaN	NaN
	54099	20.522849270018472	0.5017094908805817	F	NaN	NaN	NaN
	54100	20.54321288140238	0.5091574103910645	F	NaN	NaN	NaN
	54101	20.56989037183237	0.5077730727395559	F	NaN	NaN	NaN
	54102	20.59815651124114	0.5064373959009081	F	NaN	NaN	NaN
	54103	20.627939138898757	0.4984505891444098	F	NaN	NaN	NaN
	54104	20.660232947235926	0.48907655161618413	F	NaN	NaN	NaN
	54105	20.695648177138406	0.4797645500473571	F	NaN	NaN	NaN
	54106	20.732888858638667	0.4688549663315235	F	NaN	NaN	NaN
	54107	20.77184782816121	0.4617241842197336	F	NaN	NaN	NaN
	54108	20.81266795504839	0.457395364953685	F	NaN	NaN	NaN
	54109	20.855492108642554	0.453918055075678	F	NaN	NaN	NaN
	54110	20.900463158286055	0.4593983135715836	F	NaN	NaN	NaN
	54111	20.947723973321224	0.4656056103218621	F	NaN	NaN	NaN
	54112	20.997417423090422	0.4804572694674081	F	NaN	NaN	NaN
	54113	21.049686376935988	0.505354561384252	F	NaN	NaN	NaN
	54114	21.104673704200273	0.540512924498674	F	NaN	NaN	NaN
	54115	21.16251755941784	0.5865886717580828	F	NaN	NaN	NaN
	54116	21.22323799307113	0.6435669552021591	F	NaN	NaN	NaN
	54117	21.286437464540754	0.7156042622756189	F	NaN	NaN	NaN

# FILTER r
#        MJD  MAG  MAGERR  Upperlimit  Instrument  Telescope  Source
	54046	17.92303810749351	0.06266191910298194	F	NaN	NaN	NaN
	54047	17.947846814313106	0.05580642108586646	F	NaN	NaN	NaN
	54048	17.972212115700263	0.049762072552814826	F	NaN	NaN	NaN
	54049	17.996061729967156	0.044901183691336125	F	NaN	NaN	NaN
	54050	18.019323194113472	0.040534817615589136	F	NaN	NaN	NaN
	54051	18.04192514698889	0.03730429973032049	F	NaN	NaN	NaN
	54052	18.063804275164692	0.03505217909373173	F	NaN	NaN	NaN
	54053	18.085016892331314	0.033712086593587196	F	NaN	NaN	NaN
	54054	18.105664118447837	0.03316165066743322	F	NaN	NaN	NaN
	54055	18.12584224033429	0.03322873373938115	F	NaN	NaN	NaN
	54056	18.145649158140657	0.03387939166229366	F	NaN	NaN	NaN
	54057	18.165045423023543	0.034496364289952536	F	NaN	NaN	NaN
	54058	18.183606838831977	0.03516340793059393	F	NaN	NaN	NaN
	54059	18.201320333403885	0.03599978726309974	F	NaN	NaN	NaN
	54060	18.218235701561515	0.03668946017631691	F	NaN	NaN	NaN
	54061	18.234517542243513	0.037322922608383956	F	NaN	NaN	NaN
	54062	18.250188234917488	0.03781024599697454	F	NaN	NaN	NaN
	54063	18.26542746289601	0.03852520212034951	F	NaN	NaN	NaN
	54064	18.280254852253478	0.03916597963283831	F	NaN	NaN	NaN
	54065	18.294834887418165	0.03978808483880156	F	NaN	NaN	NaN
	54066	18.309225966923055	0.04042820797131231	F	NaN	NaN	NaN
	54067	18.323547939004122	0.04089604843599767	F	NaN	NaN	NaN
	54068	18.337891992279793	0.04126897194677209	F	NaN	NaN	NaN
	54069	18.35235727344439	0.04110264273324629	F	NaN	NaN	NaN
	54070	18.367031549083887	0.040879708877031934	F	NaN	NaN	NaN
	54071	18.382034502291837	0.04026530934739575	F	NaN	NaN	NaN
	54072	18.397456558786637	0.03980595562764045	F	NaN	NaN	NaN
	54073	18.41312665985957	0.039195237816588	F	NaN	NaN	NaN
	54074	18.428397056481412	0.03815565084454078	F	NaN	NaN	NaN
	54075	18.444422519816897	0.037852822890078436	F	NaN	NaN	NaN
	54076	18.46087324757999	0.03770136262164271	F	NaN	NaN	NaN
	54077	18.477548078044443	0.038217140472366774	F	NaN	NaN	NaN
	54078	18.494396082677476	0.03931497619727532	F	NaN	NaN	NaN
	54079	18.5113759890521	0.04199091562272938	F	NaN	NaN	NaN
	54080	18.52844371607478	0.04573718221604166	F	NaN	NaN	NaN
	54081	18.54555281420985	0.04835892291701682	F	NaN	NaN	NaN
	54082	18.562658218068357	0.051592994957977555	F	NaN	NaN	NaN
	54083	18.579715313022803	0.05436097230493841	F	NaN	NaN	NaN
	54084	18.596695181678662	0.05600620842188744	F	NaN	NaN	NaN
	54085	18.613659901260082	0.057008972218394904	F	NaN	NaN	NaN
	54086	18.630612815122575	0.058378321712681036	F	NaN	NaN	NaN
	54087	18.647537214734466	0.05966520950144606	F	NaN	NaN	NaN
	54088	18.66441660604504	0.06090990031901066	F	NaN	NaN	NaN
	54089	18.6812326084179	0.06192389382922048	F	NaN	NaN	NaN
	54090	18.697970540361183	0.06396880741701785	F	NaN	NaN	NaN
	54091	18.714609369809846	0.06527313048117653	F	NaN	NaN	NaN
	54092	18.731135678474068	0.06641319549513922	F	NaN	NaN	NaN
	54093	18.747533119695944	0.06740844964812183	F	NaN	NaN	NaN
	54094	18.763785346817585	0.06835403280849865	F	NaN	NaN	NaN
	54095	18.779876013181077	0.06907935823382753	F	NaN	NaN	NaN
	54096	18.795780979168846	0.07012452639048428	F	NaN	NaN	NaN
	54097	18.8114866408799	0.07066407840279501	F	NaN	NaN	NaN
	54098	18.82697962778465	0.07106744506852428	F	NaN	NaN	NaN
	54099	18.842243593225202	0.07144038720314388	F	NaN	NaN	NaN
	54100	18.85726219054365	0.07224991231233403	F	NaN	NaN	NaN
	54101	18.87201680815074	0.07231514049466972	F	NaN	NaN	NaN
	54102	18.886518139862986	0.07319680449087698	F	NaN	NaN	NaN
	54103	18.900889400330364	0.07401515453797457	F	NaN	NaN	NaN
	54104	18.915135249700544	0.07457505332156282	F	NaN	NaN	NaN
	54105	18.92924662215429	0.07615268897359152	F	NaN	NaN	NaN
	54106	18.943214773714296	0.0783983660212835	F	NaN	NaN	NaN
	54107	18.95703094965449	0.08137132889404286	F	NaN	NaN	NaN
	54108	18.970686368547568	0.08512998920984158	F	NaN	NaN	NaN
	54109	18.98417223700079	0.08961979749267873	F	NaN	NaN	NaN
	54110	18.997479761621445	0.09465327554552047	F	NaN	NaN	NaN
	54111	19.01059686294937	0.10082825404451719	F	NaN	NaN	NaN
	54112	19.023509857494595	0.10785933870319908	F	NaN	NaN	NaN
	54113	19.036229540050925	0.11558539813147024	F	NaN	NaN	NaN
	54114	19.04877073858622	0.12445539617714453	F	NaN	NaN	NaN
	54115	19.061148431721545	0.1333549772807717	F	NaN	NaN	NaN
	54116	19.073377250261867	0.1426193819281268	F	NaN	NaN	NaN
	54117	19.085471818562144	0.1530480728329499	F	NaN	NaN	NaN