###################### HEADER ######################
# SNNAME:	SN2014C
###################### HEADER ######################


# FILTER U
#        MJD  MAG  MAGERR  Upperlimit  Instrument  Telescope  Source
	56664	17.024308809427584	0.2876211227317804	F	NaN	NaN	NaN
	56665	16.917178869348778	0.21558082894462532	F	NaN	NaN	NaN
	56666	16.84584849231387	0.18577048858338524	F	NaN	NaN	NaN
	56667	16.806872237410072	0.17913353281913957	F	NaN	NaN	NaN
	56668	16.80247423263861	0.18185810853056322	F	NaN	NaN	NaN
	56669	16.83833344609728	0.17781987892599233	F	NaN	NaN	NaN
	56670	16.939639629112268	0.20157130219360003	F	NaN	NaN	NaN
	56671	17.022840037914563	0.20701648426238273	F	NaN	NaN	NaN
	56672	17.102698267495715	0.19635006500720206	F	NaN	NaN	NaN
	56673	17.184225457161794	0.18914341534512805	F	NaN	NaN	NaN
	56674	17.266544204440493	0.18481622483627003	F	NaN	NaN	NaN
	56675	17.350932819776773	0.20102471202608224	F	NaN	NaN	NaN
	56676	17.437273329177028	0.2757523483483122	F	NaN	NaN	NaN

# FILTER B
#        MJD  MAG  MAGERR  Upperlimit  Instrument  Telescope  Source
	56667	16.073541750456172	0.11435545767888788	F	NaN	NaN	NaN
	56668	16.0523738265705	0.09552321585831877	F	NaN	NaN	NaN
	56669	16.04494955325031	0.10848914401210728	F	NaN	NaN	NaN
	56670	16.050574495174345	0.11350527978774702	F	NaN	NaN	NaN
	56671	16.073637447608714	0.1092171991820286	F	NaN	NaN	NaN
	56672	16.1165920204216	0.10546025338828958	F	NaN	NaN	NaN
	56673	16.173775662917574	0.10602580697418376	F	NaN	NaN	NaN
	56674	16.244933930922826	0.09872625844660102	F	NaN	NaN	NaN
	56675	16.32139908085913	0.10106393780887138	F	NaN	NaN	NaN
	56676	16.406689105362393	0.13848275725849193	F	NaN	NaN	NaN

# FILTER V
#        MJD  MAG  MAGERR  Upperlimit  Instrument  Telescope  Source
	56667	15.048152929900965	0.10343096954707047	F	NaN	NaN	NaN
	56668	14.98514149117208	0.09297275744450079	F	NaN	NaN	NaN
	56669	14.942985939358623	0.10404654086568121	F	NaN	NaN	NaN
	56670	14.922283818027104	0.10818484544134939	F	NaN	NaN	NaN
	56671	14.923847695842564	0.10138068221373928	F	NaN	NaN	NaN
	56672	14.950529534800411	0.09750065252054002	F	NaN	NaN	NaN
	56673	14.979560482944006	0.09620781545462895	F	NaN	NaN	NaN
	56674	15.016361421043733	0.0891861958659003	F	NaN	NaN	NaN
	56675	15.057877923093486	0.0841068185803914	F	NaN	NaN	NaN
	56676	15.105381926036639	0.11403000931028853	F	NaN	NaN	NaN