###################### HEADER ######################
# SNNAME:	SN2004ao
###################### HEADER ######################


# FILTER B
#        MJD  MAG  MAGERR  Upperlimit  Instrument  Telescope  Source
	53076	16.965971273870597	0.05202124854669445	F	NaN	NaN	NaN
	53077	16.99630984875474	0.04652649305588498	F	NaN	NaN	NaN
	53078	17.025618358179262	0.04118294583635957	F	NaN	NaN	NaN
	53079	17.053784197498906	0.03642560337867466	F	NaN	NaN	NaN
	53080	17.08074206572555	0.03206455294100287	F	NaN	NaN	NaN
	53081	17.106661085932863	0.02852204461618561	F	NaN	NaN	NaN
	53082	17.13158783761891	0.02517054637542522	F	NaN	NaN	NaN
	53083	17.15552653886847	0.02252474090895066	F	NaN	NaN	NaN
	53084	17.17847964905275	0.02047235706274608	F	NaN	NaN	NaN
	53085	17.200449421617193	0.019081462545456396	F	NaN	NaN	NaN
	53086	17.221420834860766	0.01844699122938204	F	NaN	NaN	NaN
	53087	17.241361089108224	0.01828500010349332	F	NaN	NaN	NaN
	53088	17.26029685673406	0.01859955916998957	F	NaN	NaN	NaN
	53089	17.27826927901816	0.01931461338000577	F	NaN	NaN	NaN
	53090	17.295319497240456	0.020157281845804453	F	NaN	NaN	NaN
	53091	17.31149374273819	0.02079088031319237	F	NaN	NaN	NaN
	53092	17.3266185929141	0.021647657528765116	F	NaN	NaN	NaN
	53093	17.339801253863286	0.022262145534178386	F	NaN	NaN	NaN
	53094	17.35115590039571	0.02299142553078624	F	NaN	NaN	NaN
	53095	17.36104884661086	0.024325172656438895	F	NaN	NaN	NaN
	53096	17.369718084453076	0.02590340429888119	F	NaN	NaN	NaN
	53097	17.37748552798337	0.02777297464047319	F	NaN	NaN	NaN
	53098	17.384655446573216	0.029501760036885327	F	NaN	NaN	NaN
	53099	17.391510242645115	0.031217693314191677	F	NaN	NaN	NaN
	53100	17.39836260899261	0.03228781557241358	F	NaN	NaN	NaN
	53101	17.405498341162623	0.032983218049419026	F	NaN	NaN	NaN
	53102	17.41228657233908	0.03286624287848217	F	NaN	NaN	NaN
	53103	17.41803360089633	0.0326797859783093	F	NaN	NaN	NaN
	53104	17.42294884260573	0.03185564586249765	F	NaN	NaN	NaN
	53105	17.427239982984947	0.031012984105077773	F	NaN	NaN	NaN
	53106	17.43111251841237	0.03043074539096957	F	NaN	NaN	NaN
	53107	17.43477995660589	0.030000017757103467	F	NaN	NaN	NaN
	53108	17.438463222296292	0.02982507377691164	F	NaN	NaN	NaN
	53109	17.442370001001237	0.02948155806676509	F	NaN	NaN	NaN
	53110	17.4467079782384	0.029164211879411938	F	NaN	NaN	NaN
	53111	17.45169777200772	0.02842396941639811	F	NaN	NaN	NaN
	53112	17.45755609134432	0.02757284133869725	F	NaN	NaN	NaN
	53113	17.464274503638386	0.026000342502027145	F	NaN	NaN	NaN
	53114	17.47114239256252	0.02475722079212623	F	NaN	NaN	NaN
	53115	17.478100667321886	0.023979602731112132	F	NaN	NaN	NaN
	53116	17.48516677161815	0.023620209017070452	F	NaN	NaN	NaN
	53117	17.49235907204178	0.023725878921348306	F	NaN	NaN	NaN
	53118	17.499694800734133	0.02426921897031214	F	NaN	NaN	NaN
	53119	17.507191826834312	0.02437420211097558	F	NaN	NaN	NaN
	53120	17.514867992923758	0.024593611992388284	F	NaN	NaN	NaN
	53121	17.522741244329932	0.024904913733281634	F	NaN	NaN	NaN
	53122	17.530809089736497	0.02495856741989408	F	NaN	NaN	NaN
	53123	17.538985562879223	0.024849892937114704	F	NaN	NaN	NaN
	53124	17.547259786627915	0.024960014937405586	F	NaN	NaN	NaN
	53125	17.55563172050563	0.02508710483812631	F	NaN	NaN	NaN
	53126	17.564092767312292	0.02514020294371667	F	NaN	NaN	NaN
	53127	17.572639467900895	0.025391468424504536	F	NaN	NaN	NaN
	53128	17.58127247220246	0.025652341095100173	F	NaN	NaN	NaN
	53129	17.58998317445705	0.026100262482024145	F	NaN	NaN	NaN
	53130	17.598767902287896	0.0266638211156112	F	NaN	NaN	NaN
	53131	17.607629521218527	0.027314621671205887	F	NaN	NaN	NaN
	53132	17.616555323367642	0.027988807321677557	F	NaN	NaN	NaN
	53133	17.62554154260275	0.028981969015494803	F	NaN	NaN	NaN
	53134	17.63459160303771	0.029939517772107058	F	NaN	NaN	NaN
	53135	17.643697875080942	0.031179673116787796	F	NaN	NaN	NaN
	53136	17.65285348007668	0.03230228556629135	F	NaN	NaN	NaN
	53137	17.66205810961318	0.033583458078660734	F	NaN	NaN	NaN
	53138	17.671309628009656	0.03482646394476162	F	NaN	NaN	NaN
	53139	17.68059939522516	0.036059517437875575	F	NaN	NaN	NaN
	53140	17.689924598753805	0.037166698001274784	F	NaN	NaN	NaN
	53141	17.69928613996267	0.03817732164433244	F	NaN	NaN	NaN
	53142	17.708674845857068	0.03907899053503933	F	NaN	NaN	NaN
	53143	17.71808737584156	0.03984976222788383	F	NaN	NaN	NaN
	53144	17.727522968748858	0.040257271185994786	F	NaN	NaN	NaN
	53145	17.736975389781293	0.04055161051305853	F	NaN	NaN	NaN
	53146	17.746440175669548	0.040770935149822954	F	NaN	NaN	NaN
	53147	17.75591786987377	0.040895692980929224	F	NaN	NaN	NaN
	53148	17.765430606907987	0.04073358587215355	F	NaN	NaN	NaN
	53149	17.774990785881428	0.04044182287016464	F	NaN	NaN	NaN
	53150	17.78459324498957	0.04010421968107346	F	NaN	NaN	NaN
	53151	17.794240471828527	0.03978708710079963	F	NaN	NaN	NaN
	53152	17.803950254060037	0.03960528688672823	F	NaN	NaN	NaN
	53153	17.81370041762012	0.03921119141231294	F	NaN	NaN	NaN
	53154	17.823490639361033	0.038735014581203944	F	NaN	NaN	NaN
	53155	17.83333020707734	0.038522444222528276	F	NaN	NaN	NaN
	53156	17.84322177245586	0.03802749620964098	F	NaN	NaN	NaN
	53157	17.853151497209083	0.03742003853368347	F	NaN	NaN	NaN
	53158	17.863119058189273	0.0367553373793459	F	NaN	NaN	NaN
	53159	17.873139694187227	0.03617831625542505	F	NaN	NaN	NaN
	53160	17.883202619319256	0.03556032526791521	F	NaN	NaN	NaN
	53161	17.893301481872133	0.034983469255011376	F	NaN	NaN	NaN
	53162	17.903436567504674	0.0345065446839494	F	NaN	NaN	NaN
	53163	17.913626390381996	0.0342121010327643	F	NaN	NaN	NaN
	53164	17.92385025187404	0.03384251432853851	F	NaN	NaN	NaN
	53165	17.934107828833067	0.03349439238487159	F	NaN	NaN	NaN
	53166	17.944405195087743	0.03335713166070958	F	NaN	NaN	NaN
	53167	17.95474775288545	0.03348422261291016	F	NaN	NaN	NaN
	53168	17.965122127344014	0.033747641551820695	F	NaN	NaN	NaN
	53169	17.975527995315694	0.03418394842611529	F	NaN	NaN	NaN
	53170	17.985976369596795	0.03511101991365336	F	NaN	NaN	NaN
	53171	17.99646123892139	0.036213681909598595	F	NaN	NaN	NaN
	53172	18.006975702952982	0.0375198068170951	F	NaN	NaN	NaN
	53173	18.01751943854382	0.03906235508918862	F	NaN	NaN	NaN
	53174	18.028107548255647	0.04085864062957341	F	NaN	NaN	NaN
	53175	18.03871688354971	0.04264452041947133	F	NaN	NaN	NaN

# FILTER I
#        MJD  MAG  MAGERR  Upperlimit  Instrument  Telescope  Source
	53076	14.551971727359025	0.029980225573398057	F	NaN	NaN	NaN
	53077	14.573566661447677	0.027957363126708414	F	NaN	NaN	NaN
	53078	14.594995459722819	0.026130227165658146	F	NaN	NaN	NaN
	53079	14.616216863579846	0.02449369475124604	F	NaN	NaN	NaN
	53080	14.637207108772921	0.022800307421457038	F	NaN	NaN	NaN
	53081	14.658034228261256	0.02123751004383291	F	NaN	NaN	NaN
	53082	14.67870824458995	0.01989271867930707	F	NaN	NaN	NaN
	53083	14.699222743073554	0.018567573728263398	F	NaN	NaN	NaN
	53084	14.719571037860634	0.017459906595619096	F	NaN	NaN	NaN
	53085	14.739746402167189	0.01641810370091075	F	NaN	NaN	NaN
	53086	14.759741453805505	0.015447910820648805	F	NaN	NaN	NaN
	53087	14.779558089269756	0.014773234763387124	F	NaN	NaN	NaN
	53088	14.799204189314136	0.01441616989526602	F	NaN	NaN	NaN
	53089	14.818689077777833	0.014129220208059748	F	NaN	NaN	NaN
	53090	14.83802207850003	0.014054204923180384	F	NaN	NaN	NaN
	53091	14.857213339666322	0.014025607192381079	F	NaN	NaN	NaN
	53092	14.876260460558202	0.014003366706650318	F	NaN	NaN	NaN
	53093	14.895123517683215	0.01420772452837121	F	NaN	NaN	NaN
	53094	14.913802045995467	0.014512915843102346	F	NaN	NaN	NaN
	53095	14.932313287128945	0.014842907949151643	F	NaN	NaN	NaN
	53096	14.950660093634674	0.01528817847393015	F	NaN	NaN	NaN
	53097	14.968854578618215	0.015818165911602133	F	NaN	NaN	NaN
	53098	14.986909052899685	0.016341610446286535	F	NaN	NaN	NaN
	53099	15.004827342753336	0.016829246509117587	F	NaN	NaN	NaN
	53100	15.022624105602123	0.017390488855774176	F	NaN	NaN	NaN
	53101	15.040309159197484	0.017958178556352244	F	NaN	NaN	NaN
	53102	15.057823636124782	0.0183870522596689	F	NaN	NaN	NaN
	53103	15.075123554302639	0.01886891587731315	F	NaN	NaN	NaN
	53104	15.092225835733267	0.01947452138193399	F	NaN	NaN	NaN
	53105	15.109146684523903	0.02004672266289042	F	NaN	NaN	NaN
	53106	15.12590071221074	0.020532401808618362	F	NaN	NaN	NaN
	53107	15.142501552121555	0.020909434915515737	F	NaN	NaN	NaN
	53108	15.158970888128168	0.021485894752603884	F	NaN	NaN	NaN
	53109	15.175324924337822	0.022029758069309464	F	NaN	NaN	NaN
	53110	15.191579864857756	0.02241417885423222	F	NaN	NaN	NaN
	53111	15.207750829834117	0.022834419375521976	F	NaN	NaN	NaN
	53112	15.223854748483667	0.023218935052109074	F	NaN	NaN	NaN
	53113	15.239831456637052	0.02358761873013657	F	NaN	NaN	NaN
	53114	15.255435482768512	0.024178793695048217	F	NaN	NaN	NaN
	53115	15.270711110917956	0.024774437313121726	F	NaN	NaN	NaN
	53116	15.28573431232227	0.025481905940200604	F	NaN	NaN	NaN
	53117	15.300579325236972	0.02618652728306754	F	NaN	NaN	NaN
	53118	15.31532206767554	0.02690137400284151	F	NaN	NaN	NaN
	53119	15.330037425117926	0.02744919066389094	F	NaN	NaN	NaN
	53120	15.344800516035283	0.02800666295486698	F	NaN	NaN	NaN
	53121	15.359686736684031	0.028414261558824393	F	NaN	NaN	NaN
	53122	15.374708721402046	0.028656886861217888	F	NaN	NaN	NaN
	53123	15.389676596692636	0.028826140484753238	F	NaN	NaN	NaN
	53124	15.40457334382339	0.02899905212864646	F	NaN	NaN	NaN
	53125	15.419404536404201	0.029134436258493428	F	NaN	NaN	NaN
	53126	15.43418128327326	0.02939039784892227	F	NaN	NaN	NaN
	53127	15.448911080013612	0.02950106384173761	F	NaN	NaN	NaN
	53128	15.463599836872215	0.02967737930984981	F	NaN	NaN	NaN
	53129	15.478257798716152	0.030007727800198645	F	NaN	NaN	NaN
	53130	15.492892574646088	0.030256649576630563	F	NaN	NaN	NaN
	53131	15.507511040845197	0.030471292157915473	F	NaN	NaN	NaN
	53132	15.522122831994324	0.03066772696272107	F	NaN	NaN	NaN
	53133	15.536734954682467	0.0308619171064584	F	NaN	NaN	NaN
	53134	15.551356170132452	0.031089038471238957	F	NaN	NaN	NaN
	53135	15.565994301975248	0.03129129889383759	F	NaN	NaN	NaN
	53136	15.580655725812688	0.03145513603502727	F	NaN	NaN	NaN
	53137	15.595350097766179	0.031598382206870196	F	NaN	NaN	NaN
	53138	15.610087537932284	0.031715914015392636	F	NaN	NaN	NaN
	53139	15.624871230548663	0.0318066680731599	F	NaN	NaN	NaN
	53140	15.639709197493456	0.03186670995781361	F	NaN	NaN	NaN
	53141	15.654618913612518	0.031887111116394584	F	NaN	NaN	NaN
	53142	15.669597842637485	0.03187019964117742	F	NaN	NaN	NaN
	53143	15.684652904319313	0.03181321850321814	F	NaN	NaN	NaN
	53144	15.69980480276304	0.03170688537247782	F	NaN	NaN	NaN
	53145	15.715051935826237	0.031553866063482296	F	NaN	NaN	NaN
	53146	15.730394151044566	0.031356133851158076	F	NaN	NaN	NaN
	53147	15.745856503815897	0.031106670234905813	F	NaN	NaN	NaN
	53148	15.76137013885356	0.03085857620140217	F	NaN	NaN	NaN
	53149	15.776885706310406	0.030580710588610942	F	NaN	NaN	NaN
	53150	15.792404138910188	0.030288186133386366	F	NaN	NaN	NaN
	53151	15.807926733741587	0.029991885430841487	F	NaN	NaN	NaN
	53152	15.823458544623803	0.029611967550287863	F	NaN	NaN	NaN
	53153	15.838998424157719	0.029307679846400893	F	NaN	NaN	NaN
	53154	15.854547258353604	0.029060183704091462	F	NaN	NaN	NaN
	53155	15.87010902903742	0.028815663190726017	F	NaN	NaN	NaN
	53156	15.885687625499495	0.02859536547972152	F	NaN	NaN	NaN
	53157	15.901280380132304	0.028337223314148417	F	NaN	NaN	NaN
	53158	15.91688817894611	0.028044824793094246	F	NaN	NaN	NaN
	53159	15.932520008876514	0.027863634345177836	F	NaN	NaN	NaN
	53160	15.948173953940262	0.027810221051198306	F	NaN	NaN	NaN
	53161	15.963848146693778	0.027755336045549778	F	NaN	NaN	NaN
	53162	15.979543840229775	0.027614996098418915	F	NaN	NaN	NaN
	53163	15.995276245718482	0.027665631184200658	F	NaN	NaN	NaN
	53164	16.011034102405727	0.0277561517049521	F	NaN	NaN	NaN
	53165	16.026818296301773	0.027867737820899092	F	NaN	NaN	NaN
	53166	16.042635521407963	0.027972394011100188	F	NaN	NaN	NaN
	53167	16.058494312022955	0.0281566016361871	F	NaN	NaN	NaN
	53168	16.074384643355515	0.028497508081789434	F	NaN	NaN	NaN
	53169	16.090307401415906	0.029013106503997986	F	NaN	NaN	NaN
	53170	16.106277041486464	0.029738083147662287	F	NaN	NaN	NaN
	53171	16.122290780249557	0.030469627857731267	F	NaN	NaN	NaN
	53172	16.138342149249254	0.031273801046593816	F	NaN	NaN	NaN
	53173	16.154432034495812	0.03219260033619949	F	NaN	NaN	NaN
	53174	16.170584972924903	0.03336466826368427	F	NaN	NaN	NaN
	53175	16.186770326159905	0.0347332365282944	F	NaN	NaN	NaN

# FILTER R
#        MJD  MAG  MAGERR  Upperlimit  Instrument  Telescope  Source
	53076	14.990332453862631	0.028724010679885018	F	NaN	NaN	NaN
	53077	15.021483167553411	0.02613617175013523	F	NaN	NaN	NaN
	53078	15.052164821456591	0.023657131595450555	F	NaN	NaN	NaN
	53079	15.082359542252696	0.021414296076041422	F	NaN	NaN	NaN
	53080	15.11205204995431	0.019158245069022722	F	NaN	NaN	NaN
	53081	15.141219244497007	0.017388779234966255	F	NaN	NaN	NaN
	53082	15.169853476188148	0.01583716528258614	F	NaN	NaN	NaN
	53083	15.1979907197704	0.014439658587800223	F	NaN	NaN	NaN
	53084	15.225641308802684	0.013462072712316645	F	NaN	NaN	NaN
	53085	15.252809204391488	0.012755437259884626	F	NaN	NaN	NaN
	53086	15.279496537032207	0.012460779173287797	F	NaN	NaN	NaN
	53087	15.305712355901868	0.012409442110151728	F	NaN	NaN	NaN
	53088	15.331458464934721	0.01248980329526202	F	NaN	NaN	NaN
	53089	15.356739123313849	0.012893186208583329	F	NaN	NaN	NaN
	53090	15.38155859022233	0.01338575419494246	F	NaN	NaN	NaN
	53091	15.405904083716868	0.013857642453950186	F	NaN	NaN	NaN
	53092	15.429685543493344	0.01431129516320572	F	NaN	NaN	NaN
	53093	15.452918514923985	0.014877531289738309	F	NaN	NaN	NaN
	53094	15.475619174035048	0.015372117044149336	F	NaN	NaN	NaN
	53095	15.497834168027069	0.015938053925363654	F	NaN	NaN	NaN
	53096	15.519568806895096	0.016353615737853034	F	NaN	NaN	NaN
	53097	15.540854395506551	0.01677567411886236	F	NaN	NaN	NaN
	53098	15.561723889265323	0.017079914940691124	F	NaN	NaN	NaN
	53099	15.582184583139481	0.017429917429382408	F	NaN	NaN	NaN
	53100	15.602275966949746	0.017606562529794333	F	NaN	NaN	NaN
	53101	15.622023543568663	0.017659255713462763	F	NaN	NaN	NaN
	53102	15.640997461467506	0.017611397165825833	F	NaN	NaN	NaN
	53103	15.658905259821184	0.017425924114690655	F	NaN	NaN	NaN
	53104	15.675917396559406	0.01715990363948302	F	NaN	NaN	NaN
	53105	15.692200954440713	0.017147861852915378	F	NaN	NaN	NaN
	53106	15.707918829121782	0.017445544232031294	F	NaN	NaN	NaN
	53107	15.723237625736125	0.01767535697640064	F	NaN	NaN	NaN
	53108	15.738342665494116	0.01813081715232978	F	NaN	NaN	NaN
	53109	15.75340103115429	0.018457575129216953	F	NaN	NaN	NaN
	53110	15.768579805475191	0.0187473463177692	F	NaN	NaN	NaN
	53111	15.784052903789217	0.018663398233526363	F	NaN	NaN	NaN
	53112	15.799994799170248	0.018385726847347357	F	NaN	NaN	NaN
	53113	15.816401474869167	0.017750108345046756	F	NaN	NaN	NaN
	53114	15.832723447301856	0.017134576085064815	F	NaN	NaN	NaN
	53115	15.848926613404501	0.016815511943223286	F	NaN	NaN	NaN
	53116	15.86503765991969	0.016650447320047425	F	NaN	NaN	NaN
	53117	15.881082658614192	0.016559529873890956	F	NaN	NaN	NaN
	53118	15.897088282978098	0.016632259896634367	F	NaN	NaN	NaN
	53119	15.91308086017125	0.01684713168438323	F	NaN	NaN	NaN
	53120	15.929086722036498	0.01699074521707492	F	NaN	NaN	NaN
	53121	15.945132401996958	0.017097356943900698	F	NaN	NaN	NaN
	53122	15.96119122636489	0.017175179455171857	F	NaN	NaN	NaN
	53123	15.977099296785134	0.017174320402340928	F	NaN	NaN	NaN
	53124	15.992846455023887	0.017128434566753246	F	NaN	NaN	NaN
	53125	16.008440333873647	0.01708148872224083	F	NaN	NaN	NaN
	53126	16.023901295495477	0.017158704645137732	F	NaN	NaN	NaN
	53127	16.039241519718768	0.017155795818029743	F	NaN	NaN	NaN
	53128	16.054468439343875	0.017254321006240136	F	NaN	NaN	NaN
	53129	16.069601374409388	0.017307704744680744	F	NaN	NaN	NaN
	53130	16.084652851155	0.01750268744908766	F	NaN	NaN	NaN
	53131	16.099630735803974	0.017805814792285928	F	NaN	NaN	NaN
	53132	16.114555682686273	0.0180705114496146	F	NaN	NaN	NaN
	53133	16.12943717970776	0.018360713835617295	F	NaN	NaN	NaN
	53134	16.144287737274208	0.018785063831493566	F	NaN	NaN	NaN
	53135	16.15912242531839	0.019255607110315383	F	NaN	NaN	NaN
	53136	16.173953110431633	0.01967604989614919	F	NaN	NaN	NaN
	53137	16.188793929221262	0.020194579034770718	F	NaN	NaN	NaN
	53138	16.20365601410464	0.020689102990547922	F	NaN	NaN	NaN
	53139	16.21855675674148	0.021181070182691497	F	NaN	NaN	NaN
	53140	16.233505492431618	0.02165560847804954	F	NaN	NaN	NaN
	53141	16.2485146448972	0.021959334953536996	F	NaN	NaN	NaN
	53142	16.26360429942381	0.02241417799966395	F	NaN	NaN	NaN
	53143	16.278775797672363	0.022749302918867162	F	NaN	NaN	NaN
	53144	16.2940533425026	0.02300916474907427	F	NaN	NaN	NaN
	53145	16.309446188257358	0.02318467732421029	F	NaN	NaN	NaN
	53146	16.32496739826108	0.023265460553636423	F	NaN	NaN	NaN
	53147	16.340630148396922	0.023242484274999177	F	NaN	NaN	NaN
	53148	16.35635975055852	0.023168275129292225	F	NaN	NaN	NaN
	53149	16.372092745745835	0.023086500857329897	F	NaN	NaN	NaN
	53150	16.387828672347585	0.02299812022054927	F	NaN	NaN	NaN
	53151	16.40356720988611	0.022903845954565277	F	NaN	NaN	NaN
	53152	16.419308037883756	0.022820295817492835	F	NaN	NaN	NaN
	53153	16.435050835862874	0.022778901537420335	F	NaN	NaN	NaN
	53154	16.450795349162988	0.0226706908402232	F	NaN	NaN	NaN
	53155	16.466541158604176	0.022560038713458547	F	NaN	NaN	NaN
	53156	16.482287935527626	0.022448000013775275	F	NaN	NaN	NaN
	53157	16.498035359455688	0.022335674769475816	F	NaN	NaN	NaN
	53158	16.513783108931054	0.02221948689267578	F	NaN	NaN	NaN
	53159	16.529530833980477	0.022036868893761594	F	NaN	NaN	NaN
	53160	16.54527821014691	0.021968238764776084	F	NaN	NaN	NaN
	53161	16.561024934317793	0.021845500394924024	F	NaN	NaN	NaN
	53162	16.57677070338055	0.021720293458059432	F	NaN	NaN	NaN
	53163	16.592515039439235	0.02162455579569955	F	NaN	NaN	NaN
	53164	16.608257679503858	0.021510859799199096	F	NaN	NaN	NaN
	53165	16.623998374821426	0.021390771322709	F	NaN	NaN	NaN
	53166	16.639736822279357	0.02132872919238172	F	NaN	NaN	NaN
	53167	16.65547263999593	0.02128150871553903	F	NaN	NaN	NaN
	53168	16.67120519425802	0.02125263071897401	F	NaN	NaN	NaN
	53169	16.686934511021548	0.021275072628976044	F	NaN	NaN	NaN
	53170	16.702660287173938	0.021319543684321575	F	NaN	NaN	NaN
	53171	16.718382219602614	0.02141484183900642	F	NaN	NaN	NaN
	53172	16.73409957618975	0.021397631104154168	F	NaN	NaN	NaN
	53173	16.749812164698508	0.021471095212822335	F	NaN	NaN	NaN
	53174	16.765519919844635	0.021571187930123935	F	NaN	NaN	NaN
	53175	16.78122284044651	0.02169784585076456	F	NaN	NaN	NaN
	53176	16.796917861075787	0.021867615807252997	F	NaN	NaN	NaN
	53177	16.812610109084776	0.022047804649667827	F	NaN	NaN	NaN
	53178	16.828293355192752	0.022230241190029705	F	NaN	NaN	NaN
	53179	16.84397108642102	0.02246605111118041	F	NaN	NaN	NaN
	53180	16.859643609449655	0.022752266342556397	F	NaN	NaN	NaN
	53181	16.875305302073897	0.023094239886803272	F	NaN	NaN	NaN
	53182	16.89096180496916	0.023479772178161832	F	NaN	NaN	NaN
	53183	16.90661041041059	0.023935694532636352	F	NaN	NaN	NaN
	53184	16.922248654864713	0.024443246029566074	F	NaN	NaN	NaN
	53185	16.93788113737177	0.024954797850317324	F	NaN	NaN	NaN
	53186	16.95350252998795	0.02542802845805616	F	NaN	NaN	NaN
	53187	16.969114534216768	0.02601004841009679	F	NaN	NaN	NaN
	53188	16.984720204280435	0.0266462589342436	F	NaN	NaN	NaN
	53189	17.000311088833328	0.027131235563833997	F	NaN	NaN	NaN
	53190	17.01589406078164	0.027695086982470068	F	NaN	NaN	NaN
	53191	17.03146845558862	0.02834443745606406	F	NaN	NaN	NaN
	53192	17.047027207598276	0.029104640173915584	F	NaN	NaN	NaN
	53193	17.0625783552109	0.029859433931298508	F	NaN	NaN	NaN
	53194	17.078117299097528	0.030578752172012495	F	NaN	NaN	NaN
	53195	17.093642006934385	0.03142941048773691	F	NaN	NaN	NaN
	53196	17.10915853815612	0.03234568090714253	F	NaN	NaN	NaN
	53197	17.124658735884353	0.033366150332935725	F	NaN	NaN	NaN
	53198	17.140146607493215	0.03447373228701371	F	NaN	NaN	NaN
	53199	17.15562573026887	0.03563668786265846	F	NaN	NaN	NaN
	53200	17.171083886600666	0.03665739831469121	F	NaN	NaN	NaN
	53201	17.186532129926345	0.03766731032895333	F	NaN	NaN	NaN
	53202	17.201968029845663	0.03866377642137514	F	NaN	NaN	NaN
	53203	17.217383871898054	0.039917717848216024	F	NaN	NaN	NaN
	53204	17.23278969488535	0.04123307516584894	F	NaN	NaN	NaN
	53205	17.248178610551168	0.042603090678276126	F	NaN	NaN	NaN
	53206	17.263549812428074	0.04402055811640219	F	NaN	NaN	NaN
	53207	17.278910850718574	0.04545154467597469	F	NaN	NaN	NaN
	53208	17.2942429868274	0.046863670802492305	F	NaN	NaN	NaN
	53209	17.309545488473386	0.048163796151002775	F	NaN	NaN	NaN
	53210	17.3248196476767	0.04951325979376961	F	NaN	NaN	NaN
	53211	17.340064793067178	0.050910222346938705	F	NaN	NaN	NaN
	53212	17.355283991540837	0.05242439278328914	F	NaN	NaN	NaN
	53213	17.37047489414765	0.05418167987912617	F	NaN	NaN	NaN
	53214	17.385642148067507	0.05583174549190836	F	NaN	NaN	NaN
	53215	17.40078192136251	0.05753026481465971	F	NaN	NaN	NaN
	53216	17.415899635547344	0.0592690991203961	F	NaN	NaN	NaN
	53217	17.43099200435945	0.061055881083439886	F	NaN	NaN	NaN
	53218	17.446063129712254	0.06288433970538149	F	NaN	NaN	NaN
	53219	17.46111127278618	0.06475942655894001	F	NaN	NaN	NaN
	53220	17.47613878446543	0.06667794988792212	F	NaN	NaN	NaN
	53221	17.491145258294512	0.06864230582170769	F	NaN	NaN	NaN
	53222	17.50613332952354	0.07064818532970416	F	NaN	NaN	NaN
	53223	17.52110162671038	0.0727003149435619	F	NaN	NaN	NaN
	53224	17.53605156736345	0.0747970136263101	F	NaN	NaN	NaN
	53225	17.5509852597241	0.07693462371397085	F	NaN	NaN	NaN
	53226	17.56590149130205	0.07936439512384708	F	NaN	NaN	NaN
	53227	17.58080179806098	0.0815941551290908	F	NaN	NaN	NaN
	53228	17.595688010835126	0.08386383913732343	F	NaN	NaN	NaN
	53229	17.610559103573213	0.08617824125377652	F	NaN	NaN	NaN
	53230	17.62541667571987	0.08853451309937481	F	NaN	NaN	NaN
	53231	17.640262308189378	0.09092948700502576	F	NaN	NaN	NaN
	53232	17.655095188856663	0.09336795354451988	F	NaN	NaN	NaN
	53233	17.669916925672908	0.09584658295128895	F	NaN	NaN	NaN
	53234	17.684728877119646	0.09836248939096981	F	NaN	NaN	NaN
	53235	17.69953051031234	0.10092027085365297	F	NaN	NaN	NaN
	53236	17.714323398931093	0.10351609785030436	F	NaN	NaN	NaN
	53237	17.729108425623444	0.10614877748179116	F	NaN	NaN	NaN
	53238	17.74388562100076	0.10882136135845594	F	NaN	NaN	NaN
	53239	17.758656806172752	0.11118581463147278	F	NaN	NaN	NaN
	53240	17.773421535851515	0.11391208704273723	F	NaN	NaN	NaN
	53241	17.788181614576008	0.11667953911106213	F	NaN	NaN	NaN
	53242	17.802937238300366	0.11948343672905404	F	NaN	NaN	NaN
	53243	17.817689368974865	0.12232148717049404	F	NaN	NaN	NaN
	53244	17.83243882316432	0.12519240990515254	F	NaN	NaN	NaN
	53245	17.847186164186322	0.12809859680494795	F	NaN	NaN	NaN
	53246	17.861932381523562	0.13103452941909416	F	NaN	NaN	NaN
	53247	17.876678095027398	0.1340061371716047	F	NaN	NaN	NaN
	53248	17.891424109506083	0.13700666435897446	F	NaN	NaN	NaN

# FILTER V
#        MJD  MAG  MAGERR  Upperlimit  Instrument  Telescope  Source
	53076	15.559183510572197	0.03661907113725631	F	NaN	NaN	NaN
	53077	15.601888995271969	0.030305643510825597	F	NaN	NaN	NaN
	53078	15.642889781951466	0.025162853353519463	F	NaN	NaN	NaN
	53079	15.682110188900145	0.021313853504816536	F	NaN	NaN	NaN
	53080	15.719562760416654	0.01856029109730868	F	NaN	NaN	NaN
	53081	15.755344366203634	0.01658106841856276	F	NaN	NaN	NaN
	53082	15.789477386572402	0.015735863659793826	F	NaN	NaN	NaN
	53083	15.821827648690908	0.015032855115653273	F	NaN	NaN	NaN
	53084	15.852518569599617	0.014750854252448252	F	NaN	NaN	NaN
	53085	15.88171540947607	0.014519855242403415	F	NaN	NaN	NaN
	53086	15.909465936604937	0.014310557587282533	F	NaN	NaN	NaN
	53087	15.935476543849322	0.01377862509741888	F	NaN	NaN	NaN
	53088	15.959880881752602	0.013473984073113392	F	NaN	NaN	NaN
	53089	15.982886952228379	0.013477595535171555	F	NaN	NaN	NaN
	53090	16.00470275719025	0.013701300985463584	F	NaN	NaN	NaN
	53091	16.02531882361295	0.014312365270612665	F	NaN	NaN	NaN
	53092	16.044727756243812	0.015294785353433368	F	NaN	NaN	NaN
	53093	16.062674121956263	0.016377190336730414	F	NaN	NaN	NaN
	53094	16.079177901430466	0.017765633887255522	F	NaN	NaN	NaN
	53095	16.09454367078376	0.019384593530243698	F	NaN	NaN	NaN
	53096	16.108977220062638	0.021766049156790056	F	NaN	NaN	NaN
	53097	16.122746850957075	0.024219582321762207	F	NaN	NaN	NaN
	53098	16.136108235352772	0.026551625506400917	F	NaN	NaN	NaN
	53099	16.14930351371432	0.02860119175456436	F	NaN	NaN	NaN
	53100	16.162592715288017	0.03017083252732585	F	NaN	NaN	NaN
	53101	16.176216360434317	0.030950695853193197	F	NaN	NaN	NaN
	53102	16.189830025415088	0.030854482456931617	F	NaN	NaN	NaN
	53103	16.202953400456813	0.030213215029177214	F	NaN	NaN	NaN
	53104	16.21565969991636	0.029151732873635233	F	NaN	NaN	NaN
	53105	16.228021948378935	0.02801333217149627	F	NaN	NaN	NaN
	53106	16.2401110660033	0.026963789390249022	F	NaN	NaN	NaN
	53107	16.25199928473863	0.02588095524573008	F	NaN	NaN	NaN
	53108	16.263768458715695	0.024955961271555055	F	NaN	NaN	NaN
	53109	16.27549161251972	0.02436655550851855	F	NaN	NaN	NaN
	53110	16.28724177073592	0.023436117441126086	F	NaN	NaN	NaN
	53111	16.2990945387788	0.022456947242714347	F	NaN	NaN	NaN
	53112	16.311126206845373	0.021371181075940597	F	NaN	NaN	NaN
	53113	16.323328821507847	0.01988580621732502	F	NaN	NaN	NaN
	53114	16.335445454364013	0.01868345964879308	F	NaN	NaN	NaN
	53115	16.34746605016544	0.01822658966792185	F	NaN	NaN	NaN
	53116	16.35940903981201	0.018438744693170573	F	NaN	NaN	NaN
	53117	16.371292362719057	0.01964329283089175	F	NaN	NaN	NaN
	53118	16.383112785678584	0.021340690825549822	F	NaN	NaN	NaN
	53119	16.39483878188533	0.023642385818556676	F	NaN	NaN	NaN
	53120	16.406578327077412	0.02589879889003725	F	NaN	NaN	NaN
	53121	16.418454288973667	0.028169858950189024	F	NaN	NaN	NaN
	53122	16.43051112424135	0.02973526793261041	F	NaN	NaN	NaN
	53123	16.442528349308198	0.030764137351049888	F	NaN	NaN	NaN
	53124	16.45448683778465	0.03144241122186634	F	NaN	NaN	NaN
	53125	16.466395157118935	0.03176995418247782	F	NaN	NaN	NaN
	53126	16.47826584254186	0.03175983816087545	F	NaN	NaN	NaN
	53127	16.490108580671514	0.03163658399735894	F	NaN	NaN	NaN
	53128	16.501932733345335	0.03118362445076555	F	NaN	NaN	NaN
	53129	16.513749552088694	0.030563835894815844	F	NaN	NaN	NaN
	53130	16.52556878603645	0.029826761035312045	F	NaN	NaN	NaN
	53131	16.537401937139762	0.028910627190247565	F	NaN	NaN	NaN
	53132	16.54925749182525	0.02814558383073118	F	NaN	NaN	NaN
	53133	16.561145957084733	0.02738626639849289	F	NaN	NaN	NaN
	53134	16.573080228091275	0.026546646717411623	F	NaN	NaN	NaN
	53135	16.58506581546238	0.02605963313920542	F	NaN	NaN	NaN
	53136	16.597117644236512	0.025608899689229345	F	NaN	NaN	NaN
	53137	16.6092446097529	0.025417111240300813	F	NaN	NaN	NaN
	53138	16.62145179584336	0.025399680394314936	F	NaN	NaN	NaN
	53139	16.633761034923904	0.025379239315143402	F	NaN	NaN	NaN
	53140	16.64617226098386	0.025730092195701985	F	NaN	NaN	NaN
	53141	16.658695811559735	0.026069413434977005	F	NaN	NaN	NaN
	53142	16.671353308006115	0.026337505959769858	F	NaN	NaN	NaN
	53143	16.684136291893623	0.026675595473710994	F	NaN	NaN	NaN
	53144	16.697071865543318	0.026936562609833653	F	NaN	NaN	NaN
	53145	16.71016417677256	0.02707850003862574	F	NaN	NaN	NaN
	53146	16.72338308824615	0.027197521048191203	F	NaN	NaN	NaN
	53147	16.736608649841678	0.027232757714208092	F	NaN	NaN	NaN
	53148	16.749846089541844	0.027393276546339287	F	NaN	NaN	NaN
	53149	16.76311370966717	0.027394646486628257	F	NaN	NaN	NaN
	53150	16.776427502999887	0.02748731975530761	F	NaN	NaN	NaN
	53151	16.78980388508158	0.027561895315876453	F	NaN	NaN	NaN
	53152	16.80325927145382	0.027535442694353176	F	NaN	NaN	NaN
	53153	16.816810077658182	0.02748738207372124	F	NaN	NaN	NaN
	53154	16.830479514064855	0.027402004739748485	F	NaN	NaN	NaN
	53155	16.84427986964849	0.027208403962037386	F	NaN	NaN	NaN
	53156	16.858226995188026	0.0268420834547189	F	NaN	NaN	NaN
	53157	16.872337306225052	0.02658085503081089	F	NaN	NaN	NaN
	53158	16.886626288127967	0.026176865110245653	F	NaN	NaN	NaN
	53159	16.901059802525772	0.025666649311110904	F	NaN	NaN	NaN
	53160	16.915580667163542	0.0251289936092153	F	NaN	NaN	NaN
	53161	16.930189342138707	0.024656312719469286	F	NaN	NaN	NaN
	53162	16.94488628754871	0.02409117842952968	F	NaN	NaN	NaN
	53163	16.95968192493011	0.023771015613365733	F	NaN	NaN	NaN
	53164	16.97457052410848	0.023090410462103972	F	NaN	NaN	NaN
	53165	16.989548895953686	0.022818097919141186	F	NaN	NaN	NaN
	53166	17.00461750056317	0.022812481964978076	F	NaN	NaN	NaN
	53167	17.019779371150424	0.022961690941840567	F	NaN	NaN	NaN
	53168	17.035043825727847	0.023237420057776282	F	NaN	NaN	NaN
	53169	17.050400015301552	0.023443056185179285	F	NaN	NaN	NaN
	53170	17.065848399968992	0.023951843874007193	F	NaN	NaN	NaN
	53171	17.081389439827596	0.024559076278924633	F	NaN	NaN	NaN
	53172	17.097032722370088	0.025177601975885353	F	NaN	NaN	NaN
	53173	17.11277485053075	0.025828594456535164	F	NaN	NaN	NaN
	53174	17.128611136114596	0.026581546470083026	F	NaN	NaN	NaN
	53175	17.144536789819817	0.027430274100620867	F	NaN	NaN	NaN
	53176	17.16062094101552	0.028359023123280227	F	NaN	NaN	NaN
	53177	17.176767747346126	0.02933510798123215	F	NaN	NaN	NaN
	53178	17.193115342442617	0.030340878662659485	F	NaN	NaN	NaN
	53179	17.209576474713458	0.03139230568605531	F	NaN	NaN	NaN
	53180	17.226144060459724	0.032486540506154266	F	NaN	NaN	NaN
	53181	17.242917161069876	0.0335125363740199	F	NaN	NaN	NaN
	53182	17.259782434528024	0.03461733191714549	F	NaN	NaN	NaN
	53183	17.276786172434786	0.0358679714797961	F	NaN	NaN	NaN
	53184	17.293959975410104	0.03712765972703576	F	NaN	NaN	NaN
	53185	17.31122506517064	0.03843215059328796	F	NaN	NaN	NaN
	53186	17.32865984971915	0.03989567027976036	F	NaN	NaN	NaN
	53187	17.346230030174706	0.04128955069553068	F	NaN	NaN	NaN
	53188	17.363890611352705	0.042655325994870236	F	NaN	NaN	NaN
	53189	17.381751337024227	0.04422017591231277	F	NaN	NaN	NaN
	53190	17.399713570075093	0.045895799609146005	F	NaN	NaN	NaN
	53191	17.4177853517386	0.0476909723863272	F	NaN	NaN	NaN
	53192	17.436046879061422	0.049747208482429126	F	NaN	NaN	NaN
	53193	17.45439683982267	0.05193409934371143	F	NaN	NaN	NaN
	53194	17.472886904331077	0.05433215285488939	F	NaN	NaN	NaN
	53195	17.49153272054214	0.057190236269019326	F	NaN	NaN	NaN
	53196	17.51026608412885	0.06025221397124805	F	NaN	NaN	NaN
	53197	17.529169325963416	0.06355840534513571	F	NaN	NaN	NaN
	53198	17.548195106177786	0.06661117091442088	F	NaN	NaN	NaN
	53199	17.567307547705035	0.06950595360834576	F	NaN	NaN	NaN
	53200	17.58661886134702	0.07292299968088463	F	NaN	NaN	NaN
	53201	17.60602028067978	0.07637409929096839	F	NaN	NaN	NaN
	53202	17.625533715655944	0.07986753284117615	F	NaN	NaN	NaN
	53203	17.6452217551933	0.08356719848069116	F	NaN	NaN	NaN
	53204	17.664994488759525	0.08736573611565171	F	NaN	NaN	NaN
	53205	17.684908337264996	0.0913281415048784	F	NaN	NaN	NaN
	53206	17.704964252213667	0.09545089424643068	F	NaN	NaN	NaN
	53207	17.725095895073327	0.0996594377143393	F	NaN	NaN	NaN
	53208	17.745387034914156	0.1040501699298072	F	NaN	NaN	NaN
	53209	17.765802675178886	0.10858130041024601	F	NaN	NaN	NaN
	53210	17.786339912332213	0.11324808207561818	F	NaN	NaN	NaN
	53211	17.80700463311947	0.11805529414353369	F	NaN	NaN	NaN
	53212	17.827785949548208	0.12298939958067741	F	NaN	NaN	NaN
	53213	17.848697667722927	0.12786687789859044	F	NaN	NaN	NaN
	53214	17.869721045389998	0.1332491230628087	F	NaN	NaN	NaN
	53215	17.89087767781712	0.13858750356526783	F	NaN	NaN	NaN
	53216	17.912144226502335	0.14353120341266531	F	NaN	NaN	NaN
	53217	17.933540562229897	0.1490843364219051	F	NaN	NaN	NaN
	53218	17.955048987262227	0.15474929567601248	F	NaN	NaN	NaN
	53219	17.976682219789115	0.16053701918662067	F	NaN	NaN	NaN
	53220	17.998431247913445	0.16701283180520887	F	NaN	NaN	NaN
	53221	18.020302146704424	0.17304393944888807	F	NaN	NaN	NaN
	53222	18.04228328592828	0.17917882285348158	F	NaN	NaN	NaN
	53223	18.06438715930498	0.18542751108080158	F	NaN	NaN	NaN
	53224	18.086609376868825	0.1917842427696515	F	NaN	NaN	NaN
	53225	18.108940393479855	0.19823883781775392	F	NaN	NaN	NaN
	53226	18.131393222244526	0.20480132996766254	F	NaN	NaN	NaN
	53227	18.153962142468853	0.21146504804618155	F	NaN	NaN	NaN
	53228	18.17663842035469	0.21822098824168065	F	NaN	NaN	NaN
	53229	18.199435570004056	0.22507915444894872	F	NaN	NaN	NaN
	53230	18.222346576776502	0.23203209847795536	F	NaN	NaN	NaN
	53231	18.245363499824755	0.23907190007411858	F	NaN	NaN	NaN
	53232	18.268500335855567	0.24620850151104623	F	NaN	NaN	NaN
	53233	18.291748813063748	0.25391428932196836	F	NaN	NaN	NaN
	53234	18.315101765162055	0.2615988945634544	F	NaN	NaN	NaN