###################### HEADER ######################
# SNNAME:	SN2008D
###################### HEADER ######################


# FILTER B
#        MJD  MAG  MAGERR  Upperlimit  Instrument  Telescope  Source
	54481	19.197023051696977	0.0794606014128814	F	NaN	NaN	NaN
	54482	19.05335803481369	0.046879750778784056	F	NaN	NaN	NaN
	54483	18.92326888499541	0.04899022182893914	F	NaN	NaN	NaN
	54484	18.806970118707277	0.06935763695394996	F	NaN	NaN	NaN
	54485	18.704579288656014	0.08882128961997449	F	NaN	NaN	NaN
	54486	18.615394314930082	0.09962353243663763	F	NaN	NaN	NaN
	54487	18.539789481609272	0.10186524274616371	F	NaN	NaN	NaN
	54488	18.478320661652536	0.09904349521249053	F	NaN	NaN	NaN
	54489	18.43154372801881	0.0929411452456946	F	NaN	NaN	NaN
	54490	18.399944593914565	0.08647615512618245	F	NaN	NaN	NaN
	54491	18.384286464607445	0.08106595237409851	F	NaN	NaN	NaN
	54492	18.384963856845907	0.07483990165420062	F	NaN	NaN	NaN
	54493	18.40260232094155	0.06617153745619425	F	NaN	NaN	NaN
	54494	18.438133861080846	0.05394478554500645	F	NaN	NaN	NaN
	54495	18.491356777458336	0.04237595952376871	F	NaN	NaN	NaN
	54496	18.553818956367802	0.03794728834074383	F	NaN	NaN	NaN
	54497	18.6276832707819	0.03887568121287906	F	NaN	NaN	NaN
	54498	18.714162447324245	0.0450477773287556	F	NaN	NaN	NaN
	54499	18.802105591100013	0.048450839295514594	F	NaN	NaN	NaN
	54500	18.895236092152274	0.049874093297566806	F	NaN	NaN	NaN
	54501	18.990513271888698	0.05423388670855851	F	NaN	NaN	NaN
	54502	19.084627631045354	0.052652430596249494	F	NaN	NaN	NaN
	54503	19.180004015396058	0.050588685304916226	F	NaN	NaN	NaN
	54504	19.276223571247275	0.05086074076311593	F	NaN	NaN	NaN
	54505	19.373546260625268	0.05121635371252476	F	NaN	NaN	NaN
	54506	19.471240687403014	0.052774252814382944	F	NaN	NaN	NaN
	54507	19.5676294810551	0.05925550228884002	F	NaN	NaN	NaN
	54508	19.662981435438038	0.0713724333448523	F	NaN	NaN	NaN
	54509	19.757789025696106	0.0890295402536922	F	NaN	NaN	NaN
	54510	19.850238761570473	0.11149079656804423	F	NaN	NaN	NaN
	54511	19.93442432743817	0.1284981295929014	F	NaN	NaN	NaN
	54512	20.011173195086943	0.13976165256083029	F	NaN	NaN	NaN
	54513	20.08096451596222	0.14740605672874657	F	NaN	NaN	NaN
	54514	20.144518993260817	0.15223707282930354	F	NaN	NaN	NaN
	54515	20.202557330179555	0.15505773863525177	F	NaN	NaN	NaN
	54516	20.25580022991524	0.15773208310610096	F	NaN	NaN	NaN
	54517	20.304968395664705	0.15996546175378332	F	NaN	NaN	NaN
	54518	20.35078253062475	0.16209962948904866	F	NaN	NaN	NaN
	54519	20.3939633379922	0.16456506461704656	F	NaN	NaN	NaN
	54520	20.43523152096387	0.16654051043810555	F	NaN	NaN	NaN
	54521	20.474160992787965	0.16814736727398838	F	NaN	NaN	NaN
	54522	20.508389936789175	0.16848028449739094	F	NaN	NaN	NaN
	54523	20.53818770625625	0.1685051540182898	F	NaN	NaN	NaN
	54524	20.563949897695846	0.16839452075787756	F	NaN	NaN	NaN
	54525	20.586073256104093	0.16666724649901202	F	NaN	NaN	NaN
	54526	20.604963905132223	0.16630513129724908	F	NaN	NaN	NaN
	54527	20.620980232794953	0.16470244030174372	F	NaN	NaN	NaN
	54528	20.634548042187664	0.16425162801284193	F	NaN	NaN	NaN
	54529	20.6460626675825	0.16341409533072287	F	NaN	NaN	NaN
	54530	20.65591871018976	0.16459175565193435	F	NaN	NaN	NaN
	54531	20.66451077121976	0.166069050038493	F	NaN	NaN	NaN
	54532	20.672236867585866	0.168287242504927	F	NaN	NaN	NaN
	54533	20.679481824523872	0.17061542368126534	F	NaN	NaN	NaN
	54534	20.686647192983145	0.17223985836937478	F	NaN	NaN	NaN
	54535	20.694128579252894	0.17433542405804164	F	NaN	NaN	NaN
	54536	20.702321589622322	0.1766119376630076	F	NaN	NaN	NaN
	54537	20.711611801445304	0.1795170583343217	F	NaN	NaN	NaN
	54538	20.721691735227974	0.1811662846912629	F	NaN	NaN	NaN
	54539	20.731438725775618	0.1824687681968524	F	NaN	NaN	NaN
	54540	20.740826155731128	0.18458833053430118	F	NaN	NaN	NaN
	54541	20.749894492546236	0.18628627363328112	F	NaN	NaN	NaN
	54542	20.758628768639955	0.18737511282957223	F	NaN	NaN	NaN
	54543	20.76703795309166	0.18921276584939029	F	NaN	NaN	NaN
	54544	20.775140979490345	0.19113528616466058	F	NaN	NaN	NaN
	54545	20.782947954995493	0.19325662930560739	F	NaN	NaN	NaN
	54546	20.79046898676658	0.19585628892731807	F	NaN	NaN	NaN
	54547	20.7977141819631	0.1977761681335619	F	NaN	NaN	NaN
	54548	20.804693647744536	0.19948293270220938	F	NaN	NaN	NaN
	54549	20.81141749127037	0.20180433297930006	F	NaN	NaN	NaN
	54550	20.817895819700084	0.20394371714809922	F	NaN	NaN	NaN
	54551	20.824138740193167	0.20539366671001397	F	NaN	NaN	NaN
	54552	20.8301563599091	0.20737867145642058	F	NaN	NaN	NaN
	54553	20.835958786007367	0.2089060445666591	F	NaN	NaN	NaN
	54554	20.841556125647458	0.21211790139734898	F	NaN	NaN	NaN
	54555	20.846958485988846	0.21595509477321445	F	NaN	NaN	NaN
	54556	20.852175974191027	0.2189784202386977	F	NaN	NaN	NaN
	54557	20.85721869741348	0.22268807612445424	F	NaN	NaN	NaN
	54558	20.86209676281569	0.22688481166359342	F	NaN	NaN	NaN
	54559	20.86681915300537	0.2306601470444648	F	NaN	NaN	NaN
	54560	20.87139518506139	0.2355017424456209	F	NaN	NaN	NaN
	54561	20.875838296460678	0.2398577550160237	F	NaN	NaN	NaN
	54562	20.880158328322885	0.24456818633222122	F	NaN	NaN	NaN
	54563	20.88436087851913	0.25180431326644176	F	NaN	NaN	NaN
	54564	20.888459562209878	0.25798169303101504	F	NaN	NaN	NaN
	54565	20.892465956989476	0.2643797051933015	F	NaN	NaN	NaN
	54566	20.89638990397759	0.27200963376674586	F	NaN	NaN	NaN
	54567	20.900241244293884	0.27818193940036506	F	NaN	NaN	NaN
	54568	20.904028790833838	0.28635312698333865	F	NaN	NaN	NaN
	54569	20.907762337496944	0.29347171934047156	F	NaN	NaN	NaN
	54570	20.911620306207038	0.3024786138304697	F	NaN	NaN	NaN
	54571	20.915866550719834	0.3106487781002483	F	NaN	NaN	NaN
	54572	20.920493057503464	0.31852473258690484	F	NaN	NaN	NaN
	54573	20.925490314974645	0.32647024413864323	F	NaN	NaN	NaN
	54574	20.930833430101	0.3345123505616481	F	NaN	NaN	NaN
	54575	20.93651302746869	0.3426883432481495	F	NaN	NaN	NaN
	54576	20.94251499053992	0.3510403733880094	F	NaN	NaN	NaN
	54577	20.94882887024143	0.3596184933626542	F	NaN	NaN	NaN
	54578	20.955435597850403	0.3710664097066989	F	NaN	NaN	NaN
	54579	20.962320783443687	0.3801571768460916	F	NaN	NaN	NaN
	54580	20.969567367854026	0.38978111634868956	F	NaN	NaN	NaN
	54581	20.976878371829475	0.3996283922963947	F	NaN	NaN	NaN
	54582	20.98458814158334	0.4118842450222402	F	NaN	NaN	NaN
	54583	20.992397741552285	0.4241888831263596	F	NaN	NaN	NaN
	54584	21.000486661382425	0.4366300202360798	F	NaN	NaN	NaN
	54585	21.008729207126947	0.449595112901898	F	NaN	NaN	NaN
	54586	21.017150327009823	0.4631692493760879	F	NaN	NaN	NaN
	54587	21.025760168312	0.4775701589392658	F	NaN	NaN	NaN
	54588	21.034466538224052	0.4923939524403432	F	NaN	NaN	NaN
	54589	21.04337802486596	0.5065816995178759	F	NaN	NaN	NaN
	54590	21.052334156647582	0.5207303071324466	F	NaN	NaN	NaN
	54591	21.06147017654737	0.5358795727213084	F	NaN	NaN	NaN
	54592	21.07064360325642	0.5516630403483457	F	NaN	NaN	NaN
	54593	21.07992402311476	0.569260489832881	F	NaN	NaN	NaN
	54594	21.089249094533315	0.5875115592819463	F	NaN	NaN	NaN
	54595	21.09862696432665	0.6065355036694247	F	NaN	NaN	NaN
	54596	21.108038030236788	0.6249047880251983	F	NaN	NaN	NaN
	54597	21.11746639994158	0.6429328245527794	F	NaN	NaN	NaN
	54598	21.126897810125374	0.6640295941603833	F	NaN	NaN	NaN
	54599	21.136327314500534	0.6857172575727908	F	NaN	NaN	NaN
	54600	21.14571583395761	0.7087073456751443	F	NaN	NaN	NaN
	54601	21.155081332194126	0.7316783971851175	F	NaN	NaN	NaN
	54602	21.164379501492014	0.7545937733864478	F	NaN	NaN	NaN
	54603	21.17361534337196	0.7793371864028706	F	NaN	NaN	NaN
	54604	21.18277621248713	0.8062795189102043	F	NaN	NaN	NaN
	54605	21.191816747792586	0.8330851767782225	F	NaN	NaN	NaN
	54606	21.200793366701486	0.8598182386695457	F	NaN	NaN	NaN
	54607	21.20957294521453	0.8875591089186049	F	NaN	NaN	NaN
	54608	21.21830406697059	0.9155325320058193	F	NaN	NaN	NaN
	54609	21.22677133539631	0.9445733058258298	F	NaN	NaN	NaN
	54610	21.235157149947653	0.9734476189720545	F	NaN	NaN	NaN
	54611	21.243299318096465	1.0018240117352386	F	NaN	NaN	NaN
	54612	21.25127417522517	1.0313751038954238	F	NaN	NaN	NaN
	54613	21.259044293073533	1.062363681219443	F	NaN	NaN	NaN
	54614	21.266542542561673	1.0939682862048483	F	NaN	NaN	NaN
	54615	21.27389366008604	1.1259062781260594	F	NaN	NaN	NaN

# FILTER I
#        MJD  MAG  MAGERR  Upperlimit  Instrument  Telescope  Source
	54475	18.02957915871933	0.19534994215269563	F	NaN	NaN	NaN
	54476	17.817317101725084	0.15803246237757745	F	NaN	NaN	NaN
	54477	17.618562583989508	0.1322716648930986	F	NaN	NaN	NaN
	54478	17.434403363883735	0.11415343618645017	F	NaN	NaN	NaN
	54479	17.26449198231638	0.10444434892504438	F	NaN	NaN	NaN
	54480	17.10790984878678	0.10416076304847749	F	NaN	NaN	NaN
	54481	16.964226600492516	0.10820394847741766	F	NaN	NaN	NaN
	54482	16.836624791383333	0.1140242271461677	F	NaN	NaN	NaN
	54483	16.720407911900335	0.11964853118476035	F	NaN	NaN	NaN
	54484	16.621272991336546	0.12258762678015449	F	NaN	NaN	NaN
	54485	16.540954602076283	0.12276280340944212	F	NaN	NaN	NaN
	54486	16.475558691061813	0.12397220345400253	F	NaN	NaN	NaN
	54487	16.42144442582229	0.12402411138045741	F	NaN	NaN	NaN
	54488	16.374909566054548	0.12594720243927837	F	NaN	NaN	NaN
	54489	16.332251871455426	0.1264732238147112	F	NaN	NaN	NaN
	54490	16.29049002500399	0.12353965540641648	F	NaN	NaN	NaN
	54491	16.256971270755457	0.11623549224642692	F	NaN	NaN	NaN
	54492	16.23180754289524	0.11114777866409056	F	NaN	NaN	NaN
	54493	16.211354798439274	0.11120495140533038	F	NaN	NaN	NaN
	54494	16.192647706169698	0.1099453686616832	F	NaN	NaN	NaN
	54495	16.179259184156404	0.10877979315141553	F	NaN	NaN	NaN
	54496	16.171479790477456	0.10668936145218919	F	NaN	NaN	NaN
	54497	16.168557161952652	0.10571450730815785	F	NaN	NaN	NaN
	54498	16.171185851254982	0.1047330043418837	F	NaN	NaN	NaN
	54499	16.179468312980976	0.10668243037314923	F	NaN	NaN	NaN
	54500	16.193291634268864	0.10999556252170789	F	NaN	NaN	NaN
	54501	16.212542902256846	0.11706816048176424	F	NaN	NaN	NaN
	54502	16.237086334126193	0.12821058027872456	F	NaN	NaN	NaN
	54503	16.26703572046833	0.14489346830836436	F	NaN	NaN	NaN
	54504	16.302420691867066	0.16525414275655456	F	NaN	NaN	NaN
	54505	16.34324645623847	0.1905333570626838	F	NaN	NaN	NaN
	54506	16.389544201237612	0.21962448470366958	F	NaN	NaN	NaN

# FILTER R
#        MJD  MAG  MAGERR  Upperlimit  Instrument  Telescope  Source
	54475	18.414525059575226	0.1897309371213582	F	NaN	NaN	NaN
	54476	18.245544911750233	0.15489618734358726	F	NaN	NaN	NaN
	54477	18.085864047156402	0.12849070395830708	F	NaN	NaN	NaN
	54478	17.935670117209597	0.11172228332759451	F	NaN	NaN	NaN
	54479	17.794803492074838	0.10191089503888122	F	NaN	NaN	NaN
	54480	17.66321047607505	0.1008985107150924	F	NaN	NaN	NaN
	54481	17.5410321846691	0.10468540978270935	F	NaN	NaN	NaN
	54482	17.429331046267674	0.11000172463073885	F	NaN	NaN	NaN
	54483	17.326307012547165	0.11613273760666713	F	NaN	NaN	NaN
	54484	17.232357803360223	0.1194773290465255	F	NaN	NaN	NaN
	54485	17.14804290752881	0.12069547028470076	F	NaN	NaN	NaN
	54486	17.07279230847378	0.12104354210874851	F	NaN	NaN	NaN
	54487	17.006163802689922	0.12154842152456988	F	NaN	NaN	NaN
	54488	16.94768409936818	0.12250867850082367	F	NaN	NaN	NaN
	54489	16.896879907699496	0.12222947214036955	F	NaN	NaN	NaN
	54490	16.853407951766997	0.11972265355500777	F	NaN	NaN	NaN
	54491	16.819215977667188	0.1140714695520676	F	NaN	NaN	NaN
	54492	16.79403160728374	0.10958251015374786	F	NaN	NaN	NaN
	54493	16.77678365176574	0.10903784592986601	F	NaN	NaN	NaN
	54494	16.766709033045824	0.11031950810647927	F	NaN	NaN	NaN
	54495	16.76639111326567	0.1083890162177477	F	NaN	NaN	NaN
	54496	16.773397818045368	0.10738659361392397	F	NaN	NaN	NaN
	54497	16.784665869309848	0.10485683567049159	F	NaN	NaN	NaN
	54498	16.802621298223066	0.10390872797397768	F	NaN	NaN	NaN
	54499	16.827747473493098	0.10472846484551232	F	NaN	NaN	NaN
	54500	16.85984023457312	0.10688034742010648	F	NaN	NaN	NaN
	54501	16.898695420916283	0.11145422430274628	F	NaN	NaN	NaN
	54502	16.944081153044237	0.12153431261280442	F	NaN	NaN	NaN
	54503	16.996101439031165	0.13541859830384093	F	NaN	NaN	NaN
	54504	17.054813295938427	0.15085998709140802	F	NaN	NaN	NaN
	54505	17.120249740003864	0.1719349211553127	F	NaN	NaN	NaN
	54506	17.192475704808153	0.20075719233437683	F	NaN	NaN	NaN

# FILTER V
#        MJD  MAG  MAGERR  Upperlimit  Instrument  Telescope  Source
	54475	18.785839329223844	0.3243877373290476	F	NaN	NaN	NaN
	54476	18.63316581031516	0.16454732752125556	F	NaN	NaN	NaN
	54477	18.507116989018524	0.06098469959494779	F	NaN	NaN	NaN
	54478	18.41115827098715	0.044421985217503124	F	NaN	NaN	NaN
	54479	18.346156516314792	0.056266493120897404	F	NaN	NaN	NaN
	54480	18.22855589456412	0.056020799729619125	F	NaN	NaN	NaN
	54481	18.100907597973745	0.0499955816276107	F	NaN	NaN	NaN
	54482	17.97710220024319	0.046008393317230806	F	NaN	NaN	NaN
	54483	17.86399253872695	0.043861988481079375	F	NaN	NaN	NaN
	54484	17.75689516987561	0.04580091095248279	F	NaN	NaN	NaN
	54485	17.660884918327103	0.05276241441500965	F	NaN	NaN	NaN
	54486	17.578883347164137	0.05550824556632161	F	NaN	NaN	NaN
	54487	17.509362414296014	0.05212204196812204	F	NaN	NaN	NaN
	54488	17.451729712896558	0.05018612359865972	F	NaN	NaN	NaN
	54489	17.40604192957462	0.05406901802973101	F	NaN	NaN	NaN
	54490	17.37204403296689	0.05867566477074915	F	NaN	NaN	NaN
	54491	17.35133432756719	0.05258292124864465	F	NaN	NaN	NaN
	54492	17.343752232596586	0.043689250736770185	F	NaN	NaN	NaN
	54493	17.345611513046524	0.04005432475853827	F	NaN	NaN	NaN
	54494	17.35705617106653	0.03762282628422085	F	NaN	NaN	NaN
	54495	17.37464526591925	0.03516114819713671	F	NaN	NaN	NaN
	54496	17.40183291369685	0.02933132963320896	F	NaN	NaN	NaN
	54497	17.434032873034905	0.028423887183197362	F	NaN	NaN	NaN
	54498	17.46635509665918	0.031415884041969835	F	NaN	NaN	NaN
	54499	17.500223957861536	0.03302786725662543	F	NaN	NaN	NaN
	54500	17.534521005786967	0.035365867853860825	F	NaN	NaN	NaN
	54501	17.57423057361866	0.04173382169252339	F	NaN	NaN	NaN
	54502	17.624629681423603	0.04019055389356969	F	NaN	NaN	NaN
	54503	17.685386901869727	0.03254795160838898	F	NaN	NaN	NaN
	54504	17.74940721305522	0.030000389719511023	F	NaN	NaN	NaN
	54505	17.815431535008234	0.02919422397452575	F	NaN	NaN	NaN
	54506	17.885648984775113	0.02927673258865893	F	NaN	NaN	NaN
	54507	17.959537293259423	0.0318224188368438	F	NaN	NaN	NaN
	54508	18.03510683188941	0.03762091216414782	F	NaN	NaN	NaN
	54509	18.10803823917694	0.04244896037700671	F	NaN	NaN	NaN
	54510	18.178209477933986	0.04684067289491829	F	NaN	NaN	NaN
	54511	18.245528694060244	0.050031111419163284	F	NaN	NaN	NaN
	54512	18.31014787092948	0.05256185616397236	F	NaN	NaN	NaN
	54513	18.37198196477651	0.05383552859482419	F	NaN	NaN	NaN
	54514	18.43102325441253	0.055457957572907585	F	NaN	NaN	NaN
	54515	18.48726401864872	0.05738791121282986	F	NaN	NaN	NaN
	54516	18.54069653629628	0.05923222178297545	F	NaN	NaN	NaN
	54517	18.59131308616641	0.061459920288513145	F	NaN	NaN	NaN
	54518	18.63910594707029	0.06281201917719843	F	NaN	NaN	NaN
	54519	18.684067397819117	0.06397188222754019	F	NaN	NaN	NaN
	54520	18.72618971722409	0.06467111074944895	F	NaN	NaN	NaN
	54521	18.765203155696433	0.06452878659116604	F	NaN	NaN	NaN
	54522	18.800607304536523	0.06342566689769334	F	NaN	NaN	NaN
	54523	18.833577233440998	0.06321789195698788	F	NaN	NaN	NaN
	54524	18.86523492718782	0.062987238009904	F	NaN	NaN	NaN
	54525	18.895705533976585	0.061841717358081846	F	NaN	NaN	NaN
	54526	18.92314264630052	0.059900535683532125	F	NaN	NaN	NaN
	54527	18.947750272624774	0.05848635511321931	F	NaN	NaN	NaN
	54528	18.969943021891456	0.05727375255311096	F	NaN	NaN	NaN
	54529	18.99011984079417	0.05690629040359535	F	NaN	NaN	NaN
	54530	19.008674133667125	0.057060868771340915	F	NaN	NaN	NaN
	54531	19.025999304844518	0.057678556424936564	F	NaN	NaN	NaN
	54532	19.042491878885805	0.0592134275023896	F	NaN	NaN	NaN
	54533	19.05853618542088	0.06120094149229986	F	NaN	NaN	NaN
	54534	19.074531980636657	0.06261139780858005	F	NaN	NaN	NaN
	54535	19.090873619517144	0.0641602753517474	F	NaN	NaN	NaN
	54536	19.107955457046373	0.06538562846787271	F	NaN	NaN	NaN
	54537	19.12616131232791	0.06630620292002629	F	NaN	NaN	NaN
	54538	19.14437461785325	0.06625780039472524	F	NaN	NaN	NaN
	54539	19.160369256413148	0.06704424880379437	F	NaN	NaN	NaN
	54540	19.17462487625984	0.06868656351236044	F	NaN	NaN	NaN
	54541	19.187721370443064	0.07112632506888049	F	NaN	NaN	NaN
	54542	19.200200262643683	0.07405190270338531	F	NaN	NaN	NaN
	54543	19.212601707487753	0.07721468637418824	F	NaN	NaN	NaN
	54544	19.225478006505316	0.08003306650780923	F	NaN	NaN	NaN
	54545	19.239383685004228	0.08272009712534534	F	NaN	NaN	NaN
	54546	19.254859744231805	0.08475715517585918	F	NaN	NaN	NaN
	54547	19.272468939379554	0.08589538511749728	F	NaN	NaN	NaN
	54548	19.291496854059755	0.0863174768445579	F	NaN	NaN	NaN
	54549	19.310461703739616	0.08720575460601865	F	NaN	NaN	NaN
	54550	19.3293250708641	0.0874422605916253	F	NaN	NaN	NaN
	54551	19.34810604740777	0.08776522633414223	F	NaN	NaN	NaN
	54552	19.366822256184978	0.08825899360196127	F	NaN	NaN	NaN
	54553	19.385493922976817	0.08837577600930838	F	NaN	NaN	NaN
	54554	19.40414012296848	0.0884000039415955	F	NaN	NaN	NaN
	54555	19.422779750456904	0.08839938464884753	F	NaN	NaN	NaN
	54556	19.441432041184214	0.08848857619002276	F	NaN	NaN	NaN
	54557	19.46011613958529	0.08803132412225946	F	NaN	NaN	NaN
	54558	19.47885119009499	0.0881566538639702	F	NaN	NaN	NaN
	54559	19.497658836169244	0.08832347369982596	F	NaN	NaN	NaN
	54560	19.51655400003499	0.08839058964180826	F	NaN	NaN	NaN
	54561	19.535556252944183	0.08892733959195041	F	NaN	NaN	NaN
	54562	19.554684090869348	0.08965272755208756	F	NaN	NaN	NaN
	54563	19.57396237457751	0.09021627124033321	F	NaN	NaN	NaN
	54564	19.59340835768013	0.09037470877056168	F	NaN	NaN	NaN
	54565	19.613037810134788	0.09071722966552381	F	NaN	NaN	NaN
	54566	19.632869227914018	0.0910165652958773	F	NaN	NaN	NaN
	54567	19.65292110699035	0.09184284216348482	F	NaN	NaN	NaN
	54568	19.67321658423955	0.0922538420940227	F	NaN	NaN	NaN
	54569	19.693781322736445	0.09306252086558531	F	NaN	NaN	NaN
	54570	19.714510608460273	0.09434862895587282	F	NaN	NaN	NaN
	54571	19.735276736555353	0.09530411050914352	F	NaN	NaN	NaN
	54572	19.75609044620749	0.09729188184203083	F	NaN	NaN	NaN
	54573	19.776973180506623	0.09901933832038765	F	NaN	NaN	NaN
	54574	19.797945584079333	0.1007370408138348	F	NaN	NaN	NaN
	54575	19.81902951689417	0.10310207470453352	F	NaN	NaN	NaN
	54576	19.840224326260415	0.10582707735902816	F	NaN	NaN	NaN
	54577	19.861490579210244	0.10894175172492745	F	NaN	NaN	NaN
	54578	19.882826423934276	0.11246343924343186	F	NaN	NaN	NaN
	54579	19.90423163564582	0.11640098238744692	F	NaN	NaN	NaN
	54580	19.925706279109868	0.12078874610956292	F	NaN	NaN	NaN
	54581	19.947250471996984	0.12563889201285297	F	NaN	NaN	NaN
	54582	19.96886432071537	0.13095906496841617	F	NaN	NaN	NaN
	54583	19.990547901870112	0.1367525993612364	F	NaN	NaN	NaN
	54584	20.012302079706007	0.1435118205634981	F	NaN	NaN	NaN
	54585	20.034125186057985	0.1502213324654696	F	NaN	NaN	NaN
	54586	20.056018053025692	0.15739283524840458	F	NaN	NaN	NaN
	54587	20.07798094740235	0.16502013817804748	F	NaN	NaN	NaN
	54588	20.100014888899498	0.17248463582221285	F	NaN	NaN	NaN
	54589	20.122118821823605	0.18154095877299345	F	NaN	NaN	NaN
	54590	20.14429282209568	0.19008766771371532	F	NaN	NaN	NaN
	54591	20.166536151208618	0.19902043534890046	F	NaN	NaN	NaN
	54592	20.188850804991848	0.2079802209783666	F	NaN	NaN	NaN
	54593	20.211235958023348	0.2170525677719472	F	NaN	NaN	NaN
	54594	20.233691686910465	0.22520825319086563	F	NaN	NaN	NaN

# FILTER U
#        MJD  MAG  MAGERR  Upperlimit  Instrument  Telescope  Source
	54477	18.789542963944104	0.16678888220265164	F	NaN	NaN	NaN
	54478	19.05804937666662	0.13876680521937615	F	NaN	NaN	NaN
	54479	19.220349530145107	0.16307372212176674	F	NaN	NaN	NaN
	54480	19.28328934221682	0.17215775097642533	F	NaN	NaN	NaN
	54481	19.252675390065296	0.15790004114204512	F	NaN	NaN	NaN
	54482	19.165231710824198	0.15761118749429331	F	NaN	NaN	NaN
	54483	19.110244495883332	0.17902849323710818	F	NaN	NaN	NaN
	54484	19.06944938285494	0.21108967801964662	F	NaN	NaN	NaN
	54485	19.03483561432677	0.22902179491778138	F	NaN	NaN	NaN
	54486	18.99440036528381	0.2252104888145963	F	NaN	NaN	NaN
	54487	18.95229149329951	0.21567609730734438	F	NaN	NaN	NaN
	54488	18.912650864453145	0.2078455360844334	F	NaN	NaN	NaN
	54489	18.87968985555366	0.20136503111646797	F	NaN	NaN	NaN
	54490	18.857466759059108	0.19174000213711834	F	NaN	NaN	NaN
	54491	18.852116748696595	0.1658100054139323	F	NaN	NaN	NaN
	54492	18.867568032542145	0.1494699963391417	F	NaN	NaN	NaN
	54493	18.90007706494739	0.15139736473278942	F	NaN	NaN	NaN
	54494	18.93966621714228	0.14914254750993045	F	NaN	NaN	NaN
	54495	18.985794112080246	0.14482326874861923	F	NaN	NaN	NaN
	54496	19.042835792214593	0.14618615828828335	F	NaN	NaN	NaN
	54497	19.142262765737748	0.15891767171768365	F	NaN	NaN	NaN
	54498	19.264194083233082	0.20395362248322468	F	NaN	NaN	NaN
	54499	19.392875766324778	0.24369141414182138	F	NaN	NaN	NaN
	54500	19.524111886653934	0.2506679629103967	F	NaN	NaN	NaN
	54501	19.67857240685266	0.22001193205350555	F	NaN	NaN	NaN
	54502	19.83777912524767	0.1983154255426551	F	NaN	NaN	NaN
	54503	19.97595554037937	0.19796633422640691	F	NaN	NaN	NaN
	54504	20.070826235755483	0.17465545843855093	F	NaN	NaN	NaN
	54505	20.14238376909238	0.1418701030304892	F	NaN	NaN	NaN
	54506	20.198872547543058	0.12905054206474462	F	NaN	NaN	NaN
	54507	20.24046905458736	0.17643070265286726	F	NaN	NaN	NaN

# FILTER i
#        MJD  MAG  MAGERR  Upperlimit  Instrument  Telescope  Source
	54476	18.022152531131113	0.05773365072245911	F	NaN	NaN	NaN
	54477	17.91946066580344	0.040338503450991846	F	NaN	NaN	NaN
	54478	17.862400918757668	0.04320706192723954	F	NaN	NaN	NaN
	54479	17.829645289310736	0.05081785346599739	F	NaN	NaN	NaN
	54480	17.764593200181224	0.07388833280402078	F	NaN	NaN	NaN
	54481	17.61537708227119	0.07095721541529326	F	NaN	NaN	NaN
	54482	17.448445240028374	0.06562451952839937	F	NaN	NaN	NaN
	54483	17.297732898147572	0.05092287634170953	F	NaN	NaN	NaN
	54484	17.151350914186946	0.055592139960503426	F	NaN	NaN	NaN
	54485	17.015148010812666	0.10157973889605679	F	NaN	NaN	NaN
	54486	16.906367581821613	0.13749597128854613	F	NaN	NaN	NaN
	54487	16.823849354206985	0.15425791061995928	F	NaN	NaN	NaN
	54488	16.763709574490992	0.15443907190554212	F	NaN	NaN	NaN
	54489	16.72206448919573	0.1436803407183132	F	NaN	NaN	NaN
	54490	16.69503034484338	0.1274849985304811	F	NaN	NaN	NaN
	54491	16.67872338795604	0.11108946104619474	F	NaN	NaN	NaN
	54492	16.66925986505588	0.09870641291945823	F	NaN	NaN	NaN
	54493	16.662756022665025	0.08612886276468093	F	NaN	NaN	NaN
	54494	16.655328107305607	0.06686625743038062	F	NaN	NaN	NaN
	54495	16.645236695115305	0.041847294846234215	F	NaN	NaN	NaN
	54496	16.6416584891641	0.031632586793138684	F	NaN	NaN	NaN
	54497	16.645532803280627	0.03431512819541956	F	NaN	NaN	NaN
	54498	16.65701291814572	0.03992461227498741	F	NaN	NaN	NaN
	54499	16.680368806714007	0.045636323096956775	F	NaN	NaN	NaN
	54500	16.70384039557521	0.046333157518327076	F	NaN	NaN	NaN
	54501	16.724454758927283	0.03977762584438614	F	NaN	NaN	NaN
	54502	16.749302742332702	0.03989016060564593	F	NaN	NaN	NaN
	54503	16.782979932841318	0.03825228965966267	F	NaN	NaN	NaN
	54504	16.824821726852615	0.036492986022359356	F	NaN	NaN	NaN
	54505	16.86804101163013	0.038418671688662316	F	NaN	NaN	NaN
	54506	16.908575028885654	0.04115935410128588	F	NaN	NaN	NaN
	54507	16.94796938981809	0.04205226556170106	F	NaN	NaN	NaN
	54508	16.98648620780609	0.03893936797771449	F	NaN	NaN	NaN
	54509	17.024210309342266	0.03990868622121947	F	NaN	NaN	NaN
	54510	17.06084597695594	0.04738175154043352	F	NaN	NaN	NaN
	54511	17.097115827245997	0.05645272389019657	F	NaN	NaN	NaN
	54512	17.134930632459636	0.0616581020314204	F	NaN	NaN	NaN
	54513	17.17403757799849	0.06335389423273077	F	NaN	NaN	NaN
	54514	17.21403010501536	0.061635449995377914	F	NaN	NaN	NaN
	54515	17.25450165466304	0.05840202838502532	F	NaN	NaN	NaN
	54516	17.29504566809433	0.05574718069948273	F	NaN	NaN	NaN
	54517	17.335255586462015	0.05446547291224699	F	NaN	NaN	NaN
	54518	17.374724850918895	0.05376241705664646	F	NaN	NaN	NaN
	54519	17.41304690261777	0.05405936832703563	F	NaN	NaN	NaN
	54520	17.449815182711433	0.05392890529337243	F	NaN	NaN	NaN
	54521	17.485480919814375	0.05169554778588103	F	NaN	NaN	NaN
	54522	17.520943424514332	0.049043769639936174	F	NaN	NaN	NaN
	54523	17.555007273167565	0.04716155257169616	F	NaN	NaN	NaN
	54524	17.590634111970378	0.04754793658956784	F	NaN	NaN	NaN
	54525	17.623778530237914	0.05099717474098424	F	NaN	NaN	NaN
	54526	17.65331640483045	0.05379356232948293	F	NaN	NaN	NaN
	54527	17.680369669253167	0.05747234693470332	F	NaN	NaN	NaN
	54528	17.705686274953987	0.06009460546147967	F	NaN	NaN	NaN
	54529	17.730009420629536	0.06240053598718752	F	NaN	NaN	NaN
	54530	17.75407232058719	0.06400157325011332	F	NaN	NaN	NaN
	54531	17.77860818913431	0.06344609670722998	F	NaN	NaN	NaN
	54532	17.80236875289549	0.06104166858009308	F	NaN	NaN	NaN
	54533	17.823614119922993	0.056701807581341884	F	NaN	NaN	NaN
	54534	17.84395934180975	0.053384336705310946	F	NaN	NaN	NaN
	54535	17.86511666916592	0.05136880109938462	F	NaN	NaN	NaN
	54536	17.888798352601672	0.050326889928913904	F	NaN	NaN	NaN
	54537	17.914435538217514	0.050745625647820536	F	NaN	NaN	NaN
	54538	17.941105847332075	0.052021074415619484	F	NaN	NaN	NaN
	54539	17.967336093935305	0.05268037513665355	F	NaN	NaN	NaN
	54540	17.99421543793074	0.053666596776516966	F	NaN	NaN	NaN
	54541	18.021906681945037	0.055801659224032144	F	NaN	NaN	NaN
	54542	18.050141560640263	0.058462520082687916	F	NaN	NaN	NaN
	54543	18.078623752659485	0.06237731592728121	F	NaN	NaN	NaN
	54544	18.107056936645755	0.06669549585062799	F	NaN	NaN	NaN
	54545	18.13514479124213	0.07113734130029309	F	NaN	NaN	NaN
	54546	18.162590995091676	0.07560816541445535	F	NaN	NaN	NaN
	54547	18.189099226837445	0.07945488693477576	F	NaN	NaN	NaN
	54548	18.2143731651225	0.08166964392107627	F	NaN	NaN	NaN
	54549	18.238116488589892	0.0821959635996149	F	NaN	NaN	NaN
	54550	18.261709126733	0.081174769811835	F	NaN	NaN	NaN
	54551	18.287098787988672	0.0825799239496403	F	NaN	NaN	NaN
	54552	18.311905633984452	0.086750440102912	F	NaN	NaN	NaN
	54553	18.333551814920273	0.08899860552230834	F	NaN	NaN	NaN
	54554	18.35133480284635	0.08798043622554907	F	NaN	NaN	NaN
	54555	18.367593360317162	0.08762489629521418	F	NaN	NaN	NaN
	54556	18.383223443547266	0.08879567569785712	F	NaN	NaN	NaN
	54557	18.39908509235678	0.09030699099185963	F	NaN	NaN	NaN
	54558	18.41603834656581	0.09221269481220624	F	NaN	NaN	NaN
	54559	18.43420159864148	0.09113773484717556	F	NaN	NaN	NaN
	54560	18.452804919521856	0.09006955147904422	F	NaN	NaN	NaN
	54561	18.471802829563778	0.0880843902045958	F	NaN	NaN	NaN
	54562	18.491193199933665	0.08474192993506897	F	NaN	NaN	NaN
	54563	18.51088976193763	0.08209615214295102	F	NaN	NaN	NaN
	54564	18.530917928451526	0.08046797994611422	F	NaN	NaN	NaN
	54565	18.551191498570184	0.07866374068952162	F	NaN	NaN	NaN
	54566	18.571701424667413	0.07804334313813802	F	NaN	NaN	NaN
	54567	18.592407466048684	0.07843944535922366	F	NaN	NaN	NaN
	54568	18.613266008173316	0.08041719233958432	F	NaN	NaN	NaN
	54569	18.634259983965105	0.08277473360992019	F	NaN	NaN	NaN
	54570	18.6553360277912	0.08479336960922279	F	NaN	NaN	NaN
	54571	18.676471371911436	0.08575651079915557	F	NaN	NaN	NaN
	54572	18.697625308773237	0.08504883513097483	F	NaN	NaN	NaN
	54573	18.71969023966852	0.08404469550713284	F	NaN	NaN	NaN
	54574	18.74307874500658	0.08278058101534094	F	NaN	NaN	NaN
	54575	18.76564269001839	0.08151068964644488	F	NaN	NaN	NaN
	54576	18.786748181440824	0.08107700125528383	F	NaN	NaN	NaN
	54577	18.80853041822008	0.07973665168385212	F	NaN	NaN	NaN
	54578	18.830335477125644	0.07850575756329117	F	NaN	NaN	NaN
	54579	18.851358390950153	0.07761384039222738	F	NaN	NaN	NaN
	54580	18.872355309130157	0.07645599633277057	F	NaN	NaN	NaN
	54581	18.894589553527812	0.0766977580418611	F	NaN	NaN	NaN
	54582	18.91675759642272	0.07828830221096067	F	NaN	NaN	NaN
	54583	18.93750515893914	0.078402643490733	F	NaN	NaN	NaN
	54584	18.95662283005682	0.07966225602200314	F	NaN	NaN	NaN
	54585	18.975409846050166	0.08192504328230454	F	NaN	NaN	NaN
	54586	18.993874607076876	0.08429360994633836	F	NaN	NaN	NaN
	54587	19.011996713668225	0.08667458205709548	F	NaN	NaN	NaN
	54588	19.02973546860286	0.0886849021175118	F	NaN	NaN	NaN
	54589	19.047086669238467	0.09052169018028078	F	NaN	NaN	NaN
	54590	19.064031415895474	0.09266946079935769	F	NaN	NaN	NaN
	54591	19.08054930910516	0.09454552684366062	F	NaN	NaN	NaN
	54592	19.096619949398796	0.09663622796868224	F	NaN	NaN	NaN
	54593	19.112208901046944	0.0998389729888701	F	NaN	NaN	NaN
	54594	19.127294133742346	0.10322833478978263	F	NaN	NaN	NaN
	54595	19.141897140620387	0.10708124030541338	F	NaN	NaN	NaN
	54596	19.156107316242974	0.11114254264168019	F	NaN	NaN	NaN
	54597	19.169913541951342	0.11557825124071945	F	NaN	NaN	NaN
	54598	19.183315435086573	0.12051814330833902	F	NaN	NaN	NaN
	54599	19.196312612989747	0.12597586080560078	F	NaN	NaN	NaN
	54600	19.208904693001948	0.13248958507002354	F	NaN	NaN	NaN
	54601	19.221091292464262	0.13876891234450772	F	NaN	NaN	NaN
	54602	19.23287202871777	0.14534397569000845	F	NaN	NaN	NaN
	54603	19.244246519103555	0.15321535088758798	F	NaN	NaN	NaN
	54604	19.255214380962705	0.16218325159528954	F	NaN	NaN	NaN
	54605	19.2657752316363	0.17202659465176745	F	NaN	NaN	NaN
	54606	19.275928688465424	0.18165733653136712	F	NaN	NaN	NaN
	54607	19.28567436879116	0.19190092107342477	F	NaN	NaN	NaN
	54608	19.295011889954587	0.20386325807265177	F	NaN	NaN	NaN
	54609	19.303940869296802	0.21686995087302458	F	NaN	NaN	NaN
	54610	19.31246092415887	0.22957502511385594	F	NaN	NaN	NaN
	54611	19.320571671881893	0.24365159502271316	F	NaN	NaN	NaN
	54612	19.32827272980694	0.2577598116879225	F	NaN	NaN	NaN
	54613	19.335544712884435	0.2717562198247249	F	NaN	NaN	NaN
	54614	19.3424038258374	0.2882092373402352	F	NaN	NaN	NaN
	54615	19.348852058969886	0.30633205549320275	F	NaN	NaN	NaN

# FILTER r
#        MJD  MAG  MAGERR  Upperlimit  Instrument  Telescope  Source
	54476	18.212742865139067	0.06211906602402263	F	NaN	NaN	NaN
	54477	18.172244375766134	0.04402413252346541	F	NaN	NaN	NaN
	54478	18.147659632389097	0.048419024511610634	F	NaN	NaN	NaN
	54479	18.111301898861985	0.05041635894621435	F	NaN	NaN	NaN
	54480	18.002821562757997	0.05025064403733438	F	NaN	NaN	NaN
	54481	17.860244851338475	0.05873168379413728	F	NaN	NaN	NaN
	54482	17.71303928957077	0.053339221834575394	F	NaN	NaN	NaN
	54483	17.57482317760255	0.04592256684573552	F	NaN	NaN	NaN
	54484	17.454945321231037	0.05588772607209232	F	NaN	NaN	NaN
	54485	17.352482135244372	0.07364080541504968	F	NaN	NaN	NaN
	54486	17.26509221647148	0.08645439682001249	F	NaN	NaN	NaN
	54487	17.192057391157498	0.09281586603814834	F	NaN	NaN	NaN
	54488	17.13223970404168	0.09594947721439133	F	NaN	NaN	NaN
	54489	17.084501199863233	0.09834532919541242	F	NaN	NaN	NaN
	54490	17.047703923361357	0.0990224987056787	F	NaN	NaN	NaN
	54491	17.02070991927532	0.09786652343480524	F	NaN	NaN	NaN
	54492	17.0023812323443	0.09364354503567743	F	NaN	NaN	NaN
	54493	16.991579907307536	0.08292180681844792	F	NaN	NaN	NaN
	54494	16.987167988904247	0.06385732153336049	F	NaN	NaN	NaN
	54495	16.988268108971386	0.041298652550272257	F	NaN	NaN	NaN
	54496	16.996553014181277	0.030895158484304054	F	NaN	NaN	NaN
	54497	17.011057782919373	0.031542625862139205	F	NaN	NaN	NaN
	54498	17.031708105010562	0.03660371979119549	F	NaN	NaN	NaN
	54499	17.057953917725794	0.03866509755181927	F	NaN	NaN	NaN
	54500	17.08968102630592	0.03610619025663479	F	NaN	NaN	NaN
	54501	17.126350801947183	0.035188001480154475	F	NaN	NaN	NaN
	54502	17.167268641894825	0.03659176022861239	F	NaN	NaN	NaN
	54503	17.212622677507483	0.033235531718023674	F	NaN	NaN	NaN
	54504	17.262595116309168	0.03127744497167952	F	NaN	NaN	NaN
	54505	17.316650835475045	0.032625100981447004	F	NaN	NaN	NaN
	54506	17.37124195607185	0.03344618113568809	F	NaN	NaN	NaN
	54507	17.428474918432126	0.03471098852900699	F	NaN	NaN	NaN
	54508	17.4873494464736	0.0366798762868423	F	NaN	NaN	NaN
	54509	17.546275520485285	0.03989928109762336	F	NaN	NaN	NaN
	54510	17.599973310676724	0.04453807670338058	F	NaN	NaN	NaN
	54511	17.652085290975986	0.04805062753477933	F	NaN	NaN	NaN
	54512	17.703545554895854	0.050557294975557734	F	NaN	NaN	NaN
	54513	17.753982897730918	0.05099054914470014	F	NaN	NaN	NaN
	54514	17.80324459732412	0.050102189295669355	F	NaN	NaN	NaN
	54515	17.851177931518404	0.04840808626102612	F	NaN	NaN	NaN
	54516	17.897630178156714	0.04799741037016006	F	NaN	NaN	NaN
	54517	17.942448615081993	0.04758328757534962	F	NaN	NaN	NaN
	54518	17.985480520137184	0.048531343131231044	F	NaN	NaN	NaN
	54519	18.026573171165236	0.04968940641603558	F	NaN	NaN	NaN
	54520	18.06557384600909	0.05100843587100774	F	NaN	NaN	NaN
	54521	18.10240542190251	0.052352241451846054	F	NaN	NaN	NaN
	54522	18.136762711284675	0.053266267466679465	F	NaN	NaN	NaN
	54523	18.168574631941713	0.05305098198479307	F	NaN	NaN	NaN
	54524	18.194302379495454	0.05121119058402955	F	NaN	NaN	NaN
	54525	18.22223493032589	0.05021162992460877	F	NaN	NaN	NaN
	54526	18.248699258392	0.04819292559194198	F	NaN	NaN	NaN
	54527	18.273100240120115	0.04638938542557396	F	NaN	NaN	NaN
	54528	18.29588036674172	0.04418577320838328	F	NaN	NaN	NaN
	54529	18.31747485239746	0.04355838166557518	F	NaN	NaN	NaN
	54530	18.338312750157087	0.04381760189743049	F	NaN	NaN	NaN
	54531	18.35882311309035	0.04518032988202285	F	NaN	NaN	NaN
	54532	18.3794314251191	0.04712811351692589	F	NaN	NaN	NaN
	54533	18.400570890043436	0.048937388984944416	F	NaN	NaN	NaN
	54534	18.42267114930955	0.05084862135942604	F	NaN	NaN	NaN
	54535	18.44616229278111	0.05180415429560546	F	NaN	NaN	NaN
	54536	18.471474410321786	0.051988116405338125	F	NaN	NaN	NaN
	54537	18.49974825136628	0.051753222595863985	F	NaN	NaN	NaN
	54538	18.526740131567536	0.052077898301417395	F	NaN	NaN	NaN
	54539	18.553768518397135	0.05368946520757165	F	NaN	NaN	NaN
	54540	18.58071565296869	0.05659024654906046	F	NaN	NaN	NaN
	54541	18.607349291854888	0.060196731581374355	F	NaN	NaN	NaN
	54542	18.633445011408895	0.06418383736934835	F	NaN	NaN	NaN
	54543	18.658782042669873	0.06819182374566354	F	NaN	NaN	NaN
	54544	18.683105291162743	0.07131014419535885	F	NaN	NaN	NaN
	54545	18.706208902593634	0.07328920586601066	F	NaN	NaN	NaN
	54546	18.72766847178933	0.07402354375278558	F	NaN	NaN	NaN
	54547	18.747359325671116	0.07489888996663113	F	NaN	NaN	NaN
	54548	18.765804800907976	0.07600491011544272	F	NaN	NaN	NaN
	54549	18.78352013732611	0.07888251723190685	F	NaN	NaN	NaN
	54550	18.801025465933417	0.08173635916663308	F	NaN	NaN	NaN
	54551	18.818823730686017	0.08497770620917362	F	NaN	NaN	NaN
	54552	18.837445479958067	0.08673516861405584	F	NaN	NaN	NaN
	54553	18.857394084386172	0.08710285425450956	F	NaN	NaN	NaN
	54554	18.87816359982151	0.08796583595185402	F	NaN	NaN	NaN
	54555	18.898528529510177	0.090258871271452	F	NaN	NaN	NaN
	54556	18.918603244454374	0.0943266015924677	F	NaN	NaN	NaN
	54557	18.938547477148887	0.0987960119145572	F	NaN	NaN	NaN
	54558	18.958520960088503	0.10274004052987123	F	NaN	NaN	NaN
	54559	18.97837674925804	0.10380997778691561	F	NaN	NaN	NaN
	54560	18.997833078765684	0.10426393418027016	F	NaN	NaN	NaN
	54561	19.01691674985653	0.1035589331908135	F	NaN	NaN	NaN
	54562	19.03563782401954	0.10182293369344372	F	NaN	NaN	NaN
	54563	19.054085559541864	0.10034047878080274	F	NaN	NaN	NaN
	54564	19.072250036091056	0.09907305609827016	F	NaN	NaN	NaN
	54565	19.0902154999752	0.09915950683199057	F	NaN	NaN	NaN
	54566	19.108004166318196	0.09883924295006688	F	NaN	NaN	NaN
	54567	19.1256614455439	0.0984958588646159	F	NaN	NaN	NaN
	54568	19.143234666038897	0.10040126335945937	F	NaN	NaN	NaN
	54569	19.160757847585906	0.1033746381737312	F	NaN	NaN	NaN
	54570	19.178277635492464	0.10548839092195895	F	NaN	NaN	NaN
	54571	19.195839157439167	0.10791333422645863	F	NaN	NaN	NaN
	54572	19.213477831373492	0.11085837039344426	F	NaN	NaN	NaN
	54573	19.23123392811931	0.11164185643130518	F	NaN	NaN	NaN
	54574	19.249159554243487	0.11241560106883827	F	NaN	NaN	NaN
	54575	19.267293240611583	0.11117394056923352	F	NaN	NaN	NaN
	54576	19.285498553961222	0.10991068193773249	F	NaN	NaN	NaN
	54577	19.3035067725399	0.1069043960675074	F	NaN	NaN	NaN
	54578	19.321545521977928	0.10398408700211752	F	NaN	NaN	NaN
	54579	19.339863921884195	0.10195853371206015	F	NaN	NaN	NaN
	54580	19.35828432890124	0.09898347319972692	F	NaN	NaN	NaN
	54581	19.376375659922807	0.09723662730714663	F	NaN	NaN	NaN
	54582	19.394338526780427	0.09609806487091513	F	NaN	NaN	NaN
	54583	19.412386956942928	0.09613069454054347	F	NaN	NaN	NaN
	54584	19.430733532551688	0.09685450714388713	F	NaN	NaN	NaN
	54585	19.44959461602611	0.09831938359486923	F	NaN	NaN	NaN
	54586	19.46888822171101	0.09988263374650674	F	NaN	NaN	NaN
	54587	19.488172761380845	0.10295309471053993	F	NaN	NaN	NaN
	54588	19.507448838790424	0.10674616776098823	F	NaN	NaN	NaN
	54589	19.526729327691935	0.10960076645782241	F	NaN	NaN	NaN
	54590	19.546027101837566	0.11393230192763606	F	NaN	NaN	NaN
	54591	19.565360133141635	0.11594681826388861	F	NaN	NaN	NaN
	54592	19.584743823752376	0.11852917512654343	F	NaN	NaN	NaN
	54593	19.604178161089333	0.12179729319521954	F	NaN	NaN	NaN
	54594	19.62366293480598	0.12599210680587655	F	NaN	NaN	NaN
	54595	19.643202099325535	0.13022415697138146	F	NaN	NaN	NaN
	54596	19.6627878167301	0.1334211178820525	F	NaN	NaN	NaN
	54597	19.682423211907864	0.13747918688042132	F	NaN	NaN	NaN
	54598	19.70210807610562	0.14193231923174873	F	NaN	NaN	NaN
	54599	19.72184220057017	0.14703056428030276	F	NaN	NaN	NaN
	54600	19.741625376548292	0.15263379069454922	F	NaN	NaN	NaN
	54601	19.761457395286783	0.15879087859691293	F	NaN	NaN	NaN
	54602	19.781338048032442	0.1660596980900703	F	NaN	NaN	NaN
	54603	19.801267126032062	0.17400852373253947	F	NaN	NaN	NaN
	54604	19.82124442053244	0.18322726573662926	F	NaN	NaN	NaN
	54605	19.84126972278036	0.19425660902969027	F	NaN	NaN	NaN
	54606	19.861342824022618	0.20523727669886083	F	NaN	NaN	NaN
	54607	19.881463515506013	0.21741666696387002	F	NaN	NaN	NaN
	54608	19.901631588477333	0.2306870795974852	F	NaN	NaN	NaN
	54609	19.921846834183373	0.24497265545092572	F	NaN	NaN	NaN
	54610	19.942109043870925	0.2622721452886268	F	NaN	NaN	NaN
	54611	19.962418008786788	0.2795555520983627	F	NaN	NaN	NaN
	54612	19.982773520177748	0.2990460925569604	F	NaN	NaN	NaN
	54613	20.003177649154566	0.31892914273469297	F	NaN	NaN	NaN
	54614	20.02362800601129	0.34010109901267427	F	NaN	NaN	NaN
	54615	20.04412426014612	0.361422063562225	F	NaN	NaN	NaN