###################### HEADER ######################
# SNNAME:	SN2004gq
###################### HEADER ######################


# FILTER B
#        MJD  MAG  MAGERR  Upperlimit  Instrument  Telescope  Source
	53353	16.07118644081886	0.01395924119195779	F	NaN	NaN	NaN
	53354	15.978086786309829	0.012338086668458407	F	NaN	NaN	NaN
	53355	15.906781165074388	0.014478166754120177	F	NaN	NaN	NaN
	53356	15.8572501620534	0.016464278974968376	F	NaN	NaN	NaN
	53357	15.829412297551395	0.01703615488382111	F	NaN	NaN	NaN
	53358	15.825014394284336	0.015982922681487384	F	NaN	NaN	NaN
	53359	15.843918182599563	0.015193166609634007	F	NaN	NaN	NaN
	53360	15.881831817703766	0.017959206703757648	F	NaN	NaN	NaN
	53361	15.934319061569083	0.02185452514478212	F	NaN	NaN	NaN
	53362	16.00458373748873	0.024205211083169212	F	NaN	NaN	NaN
	53363	16.09775441929134	0.024703583987916562	F	NaN	NaN	NaN
	53364	16.208436537673094	0.023644959390013248	F	NaN	NaN	NaN
	53365	16.331687444624702	0.02210994856549353	F	NaN	NaN	NaN
	53366	16.46157904875992	0.02167147135604562	F	NaN	NaN	NaN
	53367	16.592870753505284	0.022469797278811987	F	NaN	NaN	NaN
	53368	16.720163984118805	0.023523066995629296	F	NaN	NaN	NaN
	53369	16.837566307109547	0.02367547093905374	F	NaN	NaN	NaN
	53370	16.946676486765558	0.022771152980440607	F	NaN	NaN	NaN
	53371	17.05732391266615	0.02230024874187838	F	NaN	NaN	NaN
	53372	17.166885444765825	0.02360401419211288	F	NaN	NaN	NaN
	53373	17.271822172558846	0.02520472067912799	F	NaN	NaN	NaN
	53374	17.36989530030741	0.023564187552967	F	NaN	NaN	NaN
	53375	17.461152601630552	0.022939859918884704	F	NaN	NaN	NaN
	53376	17.547169532513845	0.026356941345113218	F	NaN	NaN	NaN
	53377	17.628993057925857	0.027293831482322055	F	NaN	NaN	NaN
	53378	17.706680453131053	0.026098632861083975	F	NaN	NaN	NaN
	53379	17.780492557757483	0.031921234027144946	F	NaN	NaN	NaN
	53380	17.847432242649273	0.03828774485700334	F	NaN	NaN	NaN
	53381	17.90422469175147	0.03249671828517757	F	NaN	NaN	NaN
	53382	17.951539506738175	0.03337061914601428	F	NaN	NaN	NaN
	53383	17.99066335258116	0.05204359125540657	F	NaN	NaN	NaN
	53384	18.0531654393778	0.04364412451336873	F	NaN	NaN	NaN
	53385	18.11227490246772	0.03654226208577644	F	NaN	NaN	NaN
	53386	18.13877439920307	0.03341364278111802	F	NaN	NaN	NaN
	53387	18.15425920918401	0.036610222206102515	F	NaN	NaN	NaN
	53388	18.176901811765635	0.033364737909120284	F	NaN	NaN	NaN
	53389	18.208812877303682	0.03502512689820949	F	NaN	NaN	NaN
	53390	18.24508761021553	0.047672427186126146	F	NaN	NaN	NaN
	53391	18.278012207995904	0.05117191348884763	F	NaN	NaN	NaN
	53392	18.30584782904959	0.050106979666153705	F	NaN	NaN	NaN
	53393	18.328496891475883	0.05581363120234092	F	NaN	NaN	NaN
	53394	18.34586513146233	0.06117245773983344	F	NaN	NaN	NaN
	53395	18.352829529728876	0.057593994947189406	F	NaN	NaN	NaN
	53396	18.35921799069368	0.05128309517811727	F	NaN	NaN	NaN
	53397	18.37652325448613	0.04293035521582074	F	NaN	NaN	NaN
	53398	18.398022389482417	0.03640075343793053	F	NaN	NaN	NaN
	53399	18.42829183531448	0.03876395896817173	F	NaN	NaN	NaN
	53400	18.44967874934693	0.043138270343460045	F	NaN	NaN	NaN
	53401	18.46941653699408	0.048217867545723055	F	NaN	NaN	NaN
	53402	18.487296383893085	0.05889290694797001	F	NaN	NaN	NaN
	53403	18.50269832855556	0.07376663342407133	F	NaN	NaN	NaN
	53404	18.51523750937556	0.08869479920583895	F	NaN	NaN	NaN
	53405	18.52429290215008	0.09496168025494367	F	NaN	NaN	NaN
	53406	18.529463708286084	0.08661607710628849	F	NaN	NaN	NaN
	53407	18.530161840269372	0.06089688974929833	F	NaN	NaN	NaN
	53408	18.529415848388705	0.03300266239839962	F	NaN	NaN	NaN
	53409	18.533056504264128	0.028974576088628582	F	NaN	NaN	NaN
	53410	18.540639422546985	0.03261520507676884	F	NaN	NaN	NaN
	53411	18.554445480108015	0.03394847410861402	F	NaN	NaN	NaN
	53412	18.572479067889557	0.0389437800868003	F	NaN	NaN	NaN
	53413	18.591275486508646	0.03936581111092698	F	NaN	NaN	NaN
	53414	18.606089172730403	0.036184881907470795	F	NaN	NaN	NaN
	53415	18.61862919294494	0.03511131336254351	F	NaN	NaN	NaN
	53416	18.626992337020162	0.04985034065148922	F	NaN	NaN	NaN
	53417	18.633536186813107	0.07790939635382724	F	NaN	NaN	NaN
	53418	18.64013832780278	0.10481101359940767	F	NaN	NaN	NaN
	53419	18.646800661134726	0.12761864972641906	F	NaN	NaN	NaN
	53420	18.653494220804816	0.14627217336635592	F	NaN	NaN	NaN
	53421	18.660190040808924	0.16123789314542977	F	NaN	NaN	NaN
	53422	18.666859155142905	0.17258458924780898	F	NaN	NaN	NaN
	53423	18.67347259780264	0.18014588114273616	F	NaN	NaN	NaN
	53424	18.680001402784	0.18389210428818692	F	NaN	NaN	NaN
	53425	18.68641660408285	0.1844717750585005	F	NaN	NaN	NaN
	53426	18.69268407258693	0.18254535393025875	F	NaN	NaN	NaN
	53427	18.69876113192145	0.17683024468963165	F	NaN	NaN	NaN
	53428	18.70463048423137	0.1696749548715124	F	NaN	NaN	NaN
	53429	18.710263163512558	0.16031467606874814	F	NaN	NaN	NaN
	53430	18.71563020376088	0.14898891524736566	F	NaN	NaN	NaN
	53431	18.720702638972217	0.13695013190054448	F	NaN	NaN	NaN
	53432	18.725451503142427	0.12472071173052557	F	NaN	NaN	NaN
	53433	18.729847830267385	0.11258858062336043	F	NaN	NaN	NaN
	53434	18.733862654342957	0.10097998196103458	F	NaN	NaN	NaN
	53435	18.737467009365012	0.09034257043310678	F	NaN	NaN	NaN
	53436	18.740631929329425	0.08376142841806233	F	NaN	NaN	NaN
	53437	18.74331596503426	0.08305560294996936	F	NaN	NaN	NaN
	53438	18.745455198320904	0.08763890518171455	F	NaN	NaN	NaN

# FILTER V
#        MJD  MAG  MAGERR  Upperlimit  Instrument  Telescope  Source
	53353	15.67005693533222	0.06513192848024667	F	NaN	NaN	NaN
	53354	15.594426219147598	0.07474303952220016	F	NaN	NaN	NaN
	53355	15.530276477567536	0.08382390445186251	F	NaN	NaN	NaN
	53356	15.477126903373449	0.09200977896297607	F	NaN	NaN	NaN
	53357	15.434592963629312	0.09910176375398606	F	NaN	NaN	NaN
	53358	15.402383628701235	0.10483826272562531	F	NaN	NaN	NaN
	53359	15.380084529685986	0.10888433241748086	F	NaN	NaN	NaN
	53360	15.368710670876073	0.11207230911539248	F	NaN	NaN	NaN
	53361	15.370051660868567	0.11607298490009307	F	NaN	NaN	NaN
	53362	15.380565658307642	0.11486095394596518	F	NaN	NaN	NaN
	53363	15.408888196003721	0.10799120135178962	F	NaN	NaN	NaN
	53364	15.454697731113022	0.09648183294338308	F	NaN	NaN	NaN
	53365	15.514203645493247	0.08184300207709769	F	NaN	NaN	NaN
	53366	15.5848221575871	0.06544468468232674	F	NaN	NaN	NaN
	53367	15.66331329035066	0.048425434487779646	F	NaN	NaN	NaN
	53368	15.746717714309597	0.03238778062498188	F	NaN	NaN	NaN
	53369	15.831995907155683	0.019367816381201147	F	NaN	NaN	NaN
	53370	15.916181401547599	0.01217093286785347	F	NaN	NaN	NaN
	53371	15.99616686445012	0.011954501391520718	F	NaN	NaN	NaN
	53372	16.068922840589842	0.012156187022700264	F	NaN	NaN	NaN
	53373	16.136911823752587	0.010466242677487005	F	NaN	NaN	NaN
	53374	16.207329398487737	0.010008534754302571	F	NaN	NaN	NaN
	53375	16.278103183226115	0.012498668218795174	F	NaN	NaN	NaN
	53376	16.34696598403771	0.01709193384016846	F	NaN	NaN	NaN
	53377	16.41165815716074	0.02249791513691203	F	NaN	NaN	NaN
	53378	16.47146830277966	0.027212199027707953	F	NaN	NaN	NaN
	53379	16.528219137469407	0.031815338691954166	F	NaN	NaN	NaN
	53380	16.581435521648704	0.037172476619229115	F	NaN	NaN	NaN
	53381	16.6319339674288	0.041974237598975506	F	NaN	NaN	NaN
	53382	16.67804861340657	0.04497162970488933	F	NaN	NaN	NaN
	53383	16.719568473166824	0.04644933954630074	F	NaN	NaN	NaN
	53384	16.756592265252443	0.05587244861376099	F	NaN	NaN	NaN
	53385	16.789017334315332	0.07989617756283565	F	NaN	NaN	NaN
	53386	16.818700211796397	0.11183078834883908	F	NaN	NaN	NaN
	53387	16.85014549023415	0.13636560467375658	F	NaN	NaN	NaN
	53388	16.872416979238356	0.17155113398631017	F	NaN	NaN	NaN
	53389	16.890587507581486	0.2086604853924144	F	NaN	NaN	NaN
	53390	16.909877687612948	0.238725616315891	F	NaN	NaN	NaN
	53391	16.940985610168116	0.23391783991511378	F	NaN	NaN	NaN
	53392	16.977750774202	0.2081692614612476	F	NaN	NaN	NaN
	53393	17.016149641620164	0.17502515515302275	F	NaN	NaN	NaN
	53394	17.052324273778666	0.14704442196002684	F	NaN	NaN	NaN
	53395	17.085050053315666	0.12730483594846245	F	NaN	NaN	NaN
	53396	17.115789479709772	0.10957550392174731	F	NaN	NaN	NaN
	53397	17.143181344917405	0.09742313982048288	F	NaN	NaN	NaN
	53398	17.16583443488987	0.09440066669513009	F	NaN	NaN	NaN
	53399	17.180484627156986	0.11079914430881407	F	NaN	NaN	NaN
	53400	17.198676684481477	0.11359347671071854	F	NaN	NaN	NaN
	53401	17.21478625474712	0.11668639643330611	F	NaN	NaN	NaN
	53402	17.2322510130908	0.11669320857010397	F	NaN	NaN	NaN
	53403	17.253138030211378	0.11016401263532027	F	NaN	NaN	NaN
	53404	17.27519780504158	0.0997028543818623	F	NaN	NaN	NaN
	53405	17.2978800553948	0.08700365479967799	F	NaN	NaN	NaN
	53406	17.32072080008243	0.07353856629020665	F	NaN	NaN	NaN
	53407	17.34325605791588	0.06087068636399297	F	NaN	NaN	NaN
	53408	17.36503008903001	0.05036901476942872	F	NaN	NaN	NaN
	53409	17.386557935195146	0.040509787542236525	F	NaN	NaN	NaN
	53410	17.408215143384417	0.030193119371024382	F	NaN	NaN	NaN
	53411	17.429043198334224	0.02204291298397059	F	NaN	NaN	NaN
	53412	17.44971965229794	0.015594400230103432	F	NaN	NaN	NaN
	53413	17.470029314942487	0.012748285473405452	F	NaN	NaN	NaN
	53414	17.48972966407855	0.015485101252285458	F	NaN	NaN	NaN
	53415	17.508581578605206	0.020674747281636003	F	NaN	NaN	NaN
	53416	17.526259170768707	0.025702340085019374	F	NaN	NaN	NaN
	53417	17.54248181278949	0.029612953807544265	F	NaN	NaN	NaN
	53418	17.557573306113042	0.03267953342633678	F	NaN	NaN	NaN
	53419	17.571542099741958	0.0348620473434742	F	NaN	NaN	NaN
	53420	17.58448182545947	0.03642483402468119	F	NaN	NaN	NaN
	53421	17.59648611504884	0.037702885390556634	F	NaN	NaN	NaN
	53422	17.60764860029332	0.03898956471789531	F	NaN	NaN	NaN
	53423	17.618062912976153	0.040560644959984	F	NaN	NaN	NaN
	53424	17.62782268488059	0.04263950703093794	F	NaN	NaN	NaN
	53425	17.637021547789892	0.04536486925381979	F	NaN	NaN	NaN
	53426	17.64574367993988	0.04878845735459999	F	NaN	NaN	NaN
	53427	17.65407638177945	0.052860899669293665	F	NaN	NaN	NaN
	53428	17.66215227345773	0.05722591009742707	F	NaN	NaN	NaN
	53429	17.670064986757964	0.06195891658877238	F	NaN	NaN	NaN
	53430	17.677908153463406	0.06679829972110815	F	NaN	NaN	NaN
	53431	17.685775405357305	0.0715278264606381	F	NaN	NaN	NaN
	53432	17.693760374222915	0.07594852563442452	F	NaN	NaN	NaN
	53433	17.70195669184348	0.07980451631526983	F	NaN	NaN	NaN
	53434	17.710457990002258	0.08286437542882366	F	NaN	NaN	NaN
	53435	17.7193579004825	0.0850965767774281	F	NaN	NaN	NaN
	53436	17.728750055067454	0.08663164335822557	F	NaN	NaN	NaN
	53437	17.73874093566959	0.08685148142257917	F	NaN	NaN	NaN
	53438	17.74948843495812	0.08610783744443394	F	NaN	NaN	NaN
	53439	17.760671276212708	0.08449485914843521	F	NaN	NaN	NaN
	53440	17.772006827130042	0.08298616039531521	F	NaN	NaN	NaN
	53441	17.783454009112553	0.08137287928695756	F	NaN	NaN	NaN
	53442	17.79501950511362	0.07975170302296455	F	NaN	NaN	NaN
	53443	17.806711692256233	0.0785606847784214	F	NaN	NaN	NaN
	53444	17.818538427860776	0.07711048840375387	F	NaN	NaN	NaN
	53445	17.830507569247622	0.07702392159655501	F	NaN	NaN	NaN
	53446	17.84262622251016	0.07696148258281918	F	NaN	NaN	NaN

# FILTER g
#        MJD  MAG  MAGERR  Upperlimit  Instrument  Telescope  Source
	53353	15.836858217561208	0.01160318705026521	F	NaN	NaN	NaN
	53354	15.753329391135562	0.009665552314780921	F	NaN	NaN	NaN
	53355	15.685356189007978	0.008992923578074543	F	NaN	NaN	NaN
	53356	15.632670847576268	0.009445014809340277	F	NaN	NaN	NaN
	53357	15.595339123658464	0.01030684187418399	F	NaN	NaN	NaN
	53358	15.573489178457601	0.011311047812535004	F	NaN	NaN	NaN
	53359	15.5677797571653	0.01206024917682327	F	NaN	NaN	NaN
	53360	15.577167130248858	0.012747880899496652	F	NaN	NaN	NaN
	53361	15.600499322131391	0.013325787284308228	F	NaN	NaN	NaN
	53362	15.643586482276731	0.01352321561926766	F	NaN	NaN	NaN
	53363	15.711685724481617	0.013381806594904212	F	NaN	NaN	NaN
	53364	15.799082204985268	0.013218190384219447	F	NaN	NaN	NaN
	53365	15.900591144615937	0.013348253088653186	F	NaN	NaN	NaN
	53366	16.009914202648833	0.014292662701115096	F	NaN	NaN	NaN
	53367	16.121577649402354	0.01531931279542852	F	NaN	NaN	NaN
	53368	16.22982576248619	0.016121633800898677	F	NaN	NaN	NaN
	53369	16.328494474579927	0.016082493733208962	F	NaN	NaN	NaN
	53370	16.418570896959192	0.015061610184911974	F	NaN	NaN	NaN
	53371	16.509946479540634	0.013264864488073295	F	NaN	NaN	NaN
	53372	16.601805510430186	0.01181278307373936	F	NaN	NaN	NaN
	53373	16.69173365482713	0.01166253705664852	F	NaN	NaN	NaN
	53374	16.777647697910044	0.011701363181141441	F	NaN	NaN	NaN
	53375	16.859698007488547	0.01244177424021041	F	NaN	NaN	NaN
	53376	16.937389451041465	0.01421278906591275	F	NaN	NaN	NaN
	53377	17.00986645131664	0.014486758846815065	F	NaN	NaN	NaN
	53378	17.077377930047483	0.014136229252835666	F	NaN	NaN	NaN
	53379	17.139163829727	0.01690125443775139	F	NaN	NaN	NaN
	53380	17.199286038569962	0.020758775528499394	F	NaN	NaN	NaN
	53381	17.2614093939737	0.020798086395916574	F	NaN	NaN	NaN
	53382	17.322992106620934	0.019047722058159997	F	NaN	NaN	NaN
	53383	17.38106468803618	0.022372699275302613	F	NaN	NaN	NaN
	53384	17.427710623736065	0.02263311180902576	F	NaN	NaN	NaN
	53385	17.462184260193045	0.02004825910903745	F	NaN	NaN	NaN
	53386	17.493333930604418	0.01856630950141693	F	NaN	NaN	NaN
	53387	17.52743960161546	0.018023682702492272	F	NaN	NaN	NaN
	53388	17.562088349191924	0.018392570203124015	F	NaN	NaN	NaN
	53389	17.59950436680828	0.020615369345708637	F	NaN	NaN	NaN
	53390	17.63435462038166	0.02557589865836255	F	NaN	NaN	NaN
	53391	17.660755672933725	0.026207151413715983	F	NaN	NaN	NaN
	53392	17.681433380825858	0.025012159419383555	F	NaN	NaN	NaN
	53393	17.69940878554344	0.026088358126781723	F	NaN	NaN	NaN
	53394	17.71766988618727	0.02729611150808034	F	NaN	NaN	NaN
	53395	17.736411543958656	0.025760458235134974	F	NaN	NaN	NaN
	53396	17.754149262447942	0.022789207364015438	F	NaN	NaN	NaN
	53397	17.771516301634353	0.019436370651942942	F	NaN	NaN	NaN
	53398	17.788286316618837	0.020213185723319867	F	NaN	NaN	NaN
	53399	17.805892087257227	0.023836248621787334	F	NaN	NaN	NaN
	53400	17.822730249194723	0.025557458943239107	F	NaN	NaN	NaN
	53401	17.839214561736725	0.02936020486153643	F	NaN	NaN	NaN
	53402	17.855241904510905	0.03890036272231067	F	NaN	NaN	NaN
	53403	17.87066737474742	0.05171680063947878	F	NaN	NaN	NaN
	53404	17.885376820013125	0.06332669368955068	F	NaN	NaN	NaN
	53405	17.899223813535926	0.06761948137575471	F	NaN	NaN	NaN
	53406	17.912093664843624	0.06181000195228127	F	NaN	NaN	NaN
	53407	17.923842547244483	0.042447489561960226	F	NaN	NaN	NaN
	53408	17.934616714857015	0.02397219970264529	F	NaN	NaN	NaN
	53409	17.944514075025474	0.02158982757949028	F	NaN	NaN	NaN
	53410	17.954804485157158	0.023542720620008832	F	NaN	NaN	NaN
	53411	17.96646115513631	0.022390701116332207	F	NaN	NaN	NaN
	53412	17.979420509354945	0.02315530714485594	F	NaN	NaN	NaN
	53413	17.99494277751138	0.022914992688365974	F	NaN	NaN	NaN
	53414	18.01007377776718	0.020842709611107818	F	NaN	NaN	NaN
	53415	18.02561146207975	0.0201599681384209	F	NaN	NaN	NaN
	53416	18.041021163922693	0.028953626718670557	F	NaN	NaN	NaN

# FILTER i
#        MJD  MAG  MAGERR  Upperlimit  Instrument  Telescope  Source
	53353	15.601652350327424	0.025615301929150926	F	NaN	NaN	NaN
	53354	15.515197214766339	0.02015470742439077	F	NaN	NaN	NaN
	53355	15.437274124194373	0.01584685776903614	F	NaN	NaN	NaN
	53356	15.367700973992836	0.013174757521163273	F	NaN	NaN	NaN
	53357	15.306277237849732	0.012849729790367748	F	NaN	NaN	NaN
	53358	15.25274213821517	0.014612678064036703	F	NaN	NaN	NaN
	53359	15.20687804239914	0.017283273886908132	F	NaN	NaN	NaN
	53360	15.168463148913373	0.02005561374098199	F	NaN	NaN	NaN
	53361	15.137274014802603	0.02250066672446795	F	NaN	NaN	NaN
	53362	15.114669718015687	0.0242841082414484	F	NaN	NaN	NaN
	53363	15.102084566619679	0.0247828019875529	F	NaN	NaN	NaN
	53364	15.09870705283743	0.0243694084813729	F	NaN	NaN	NaN
	53365	15.104102933304214	0.023006730350284183	F	NaN	NaN	NaN
	53366	15.117091513949433	0.020861297871978993	F	NaN	NaN	NaN
	53367	15.137407370184974	0.018440756181848286	F	NaN	NaN	NaN
	53368	15.163810225300699	0.01572472958071527	F	NaN	NaN	NaN
	53369	15.19592310099289	0.013194451704148579	F	NaN	NaN	NaN
	53370	15.232667950225858	0.011360226236137161	F	NaN	NaN	NaN
	53371	15.273520688880916	0.010470334969681382	F	NaN	NaN	NaN
	53372	15.317643690112973	0.010996126912275347	F	NaN	NaN	NaN
	53373	15.36426713509979	0.012227529005809205	F	NaN	NaN	NaN
	53374	15.41364376767903	0.015135617272367499	F	NaN	NaN	NaN
	53375	15.466185137444187	0.021029693927011386	F	NaN	NaN	NaN
	53376	15.520130494134275	0.028061542254267904	F	NaN	NaN	NaN
	53377	15.573662616370767	0.03375488729432283	F	NaN	NaN	NaN
	53378	15.626700514496155	0.035861425945543694	F	NaN	NaN	NaN
	53379	15.680743020832157	0.0350113641986598	F	NaN	NaN	NaN
	53380	15.733785248087406	0.03367386420591191	F	NaN	NaN	NaN
	53381	15.783724439920178	0.03244039368119315	F	NaN	NaN	NaN
	53382	15.82790600557146	0.028622724650301468	F	NaN	NaN	NaN
	53383	15.868238934372501	0.02359279724771607	F	NaN	NaN	NaN
	53384	15.910283117720795	0.022318764174098994	F	NaN	NaN	NaN
	53385	15.952738900011362	0.023641437203537688	F	NaN	NaN	NaN
	53386	15.991781805859123	0.024579411250615725	F	NaN	NaN	NaN
	53387	16.025667080796868	0.023900436090701097	F	NaN	NaN	NaN
	53388	16.056951020400113	0.022327820437123166	F	NaN	NaN	NaN
	53389	16.08628140939514	0.020839104219471005	F	NaN	NaN	NaN
	53390	16.11515611270886	0.01985049887784235	F	NaN	NaN	NaN
	53391	16.144608397438624	0.01933823326486308	F	NaN	NaN	NaN
	53392	16.17432439425686	0.019667556742620464	F	NaN	NaN	NaN
	53393	16.204097485675547	0.020923979384006395	F	NaN	NaN	NaN
	53394	16.23373107211489	0.023489340017631997	F	NaN	NaN	NaN
	53395	16.263030432478942	0.027100945442231794	F	NaN	NaN	NaN
	53396	16.291795778663282	0.03115289381247273	F	NaN	NaN	NaN
	53397	16.319831412874528	0.03496737868140277	F	NaN	NaN	NaN
	53398	16.346940519327504	0.03779224894426323	F	NaN	NaN	NaN
	53399	16.37576085104229	0.04412810748834358	F	NaN	NaN	NaN
	53400	16.401278116609813	0.047135277329533806	F	NaN	NaN	NaN
	53401	16.424525892779116	0.048164907002196396	F	NaN	NaN	NaN
	53402	16.446063420960403	0.047935726911935456	F	NaN	NaN	NaN
	53403	16.466258168061007	0.046967287265615276	F	NaN	NaN	NaN
	53404	16.485468454265742	0.04580224862721579	F	NaN	NaN	NaN
	53405	16.50405104561507	0.044868599946852085	F	NaN	NaN	NaN
	53406	16.522363478363904	0.04416870520569925	F	NaN	NaN	NaN
	53407	16.540763288767156	0.04384599540844552	F	NaN	NaN	NaN
	53408	16.559224567320744	0.044088102201332885	F	NaN	NaN	NaN
	53409	16.577229266948144	0.04505847361468798	F	NaN	NaN	NaN
	53410	16.59459797651998	0.04429936159974282	F	NaN	NaN	NaN
	53411	16.61135684396337	0.04080453716156665	F	NaN	NaN	NaN
	53412	16.627659574812824	0.03693942338251391	F	NaN	NaN	NaN
	53413	16.64328727991183	0.03214315570767823	F	NaN	NaN	NaN
	53414	16.658875937293022	0.02747340020673513	F	NaN	NaN	NaN
	53415	16.675857810839275	0.02552716261311227	F	NaN	NaN	NaN
	53416	16.694156286472353	0.02572300191358428	F	NaN	NaN	NaN
	53417	16.713762704174258	0.027733230566182366	F	NaN	NaN	NaN
	53418	16.734354149196683	0.03067161852244696	F	NaN	NaN	NaN
	53419	16.755894537455873	0.03442851365780019	F	NaN	NaN	NaN
	53420	16.778270614844327	0.0388978915519189	F	NaN	NaN	NaN
	53421	16.80136912725454	0.04399914738848861	F	NaN	NaN	NaN
	53422	16.825076820579003	0.0496394841545361	F	NaN	NaN	NaN
	53423	16.849280440710217	0.055666509296069276	F	NaN	NaN	NaN
	53424	16.873866733540684	0.061924592588286295	F	NaN	NaN	NaN
	53425	16.898722444962882	0.0684738583114493	F	NaN	NaN	NaN
	53426	16.923735046057306	0.07476182527534964	F	NaN	NaN	NaN
	53427	16.94877486755065	0.08072887039587712	F	NaN	NaN	NaN
	53428	16.973716190870967	0.08618269297136555	F	NaN	NaN	NaN
	53429	16.99844576191075	0.09088596396792525	F	NaN	NaN	NaN
	53430	17.022850326562498	0.09487673421787332	F	NaN	NaN	NaN
	53431	17.0468166307187	0.09805397128456292	F	NaN	NaN	NaN
	53432	17.07023142027185	0.09986790110891502	F	NaN	NaN	NaN
	53433	17.092981441114446	0.10011137873072033	F	NaN	NaN	NaN
	53434	17.114953439138983	0.09900664473379195	F	NaN	NaN	NaN
	53435	17.136034160237966	0.09628001915132058	F	NaN	NaN	NaN
	53436	17.156110350303873	0.09157024639363652	F	NaN	NaN	NaN
	53437	17.17503902252812	0.08482160819271141	F	NaN	NaN	NaN
	53438	17.192611287542753	0.07671239875857327	F	NaN	NaN	NaN
	53439	17.209222913770386	0.06822140321416963	F	NaN	NaN	NaN
	53440	17.22504161675761	0.06067244762991958	F	NaN	NaN	NaN
	53441	17.24014670717942	0.05565308423388501	F	NaN	NaN	NaN
	53442	17.254509462274783	0.05568791197386315	F	NaN	NaN	NaN
	53443	17.26813560526409	0.06054536680885361	F	NaN	NaN	NaN
	53444	17.280998122357325	0.07089533788831125	F	NaN	NaN	NaN
	53445	17.293100961567397	0.08599506131582509	F	NaN	NaN	NaN
	53446	17.30441895054823	0.10451998803782234	F	NaN	NaN	NaN

# FILTER r
#        MJD  MAG  MAGERR  Upperlimit  Instrument  Telescope  Source
	53353	15.661957009299206	0.01336218642904148	F	NaN	NaN	NaN
	53354	15.574377200099335	0.011741560490338337	F	NaN	NaN	NaN
	53355	15.497006266325053	0.011164414224251963	F	NaN	NaN	NaN
	53356	15.429619051221009	0.01190537896598156	F	NaN	NaN	NaN
	53357	15.37246899581279	0.013028340832371659	F	NaN	NaN	NaN
	53358	15.326417942094233	0.01443312063071862	F	NaN	NaN	NaN
	53359	15.290661169915277	0.015681634332561332	F	NaN	NaN	NaN
	53360	15.264470339173572	0.016665342430837504	F	NaN	NaN	NaN
	53361	15.2470872978626	0.017196378045394922	F	NaN	NaN	NaN
	53362	15.242391701130158	0.01761039086369789	F	NaN	NaN	NaN
	53363	15.254347179907992	0.016910008372755032	F	NaN	NaN	NaN
	53364	15.279880097114237	0.016055572289938105	F	NaN	NaN	NaN
	53365	15.316336653049872	0.015244773557427413	F	NaN	NaN	NaN
	53366	15.360174698171312	0.014830515644317976	F	NaN	NaN	NaN
	53367	15.40868661773067	0.014807999166555369	F	NaN	NaN	NaN
	53368	15.458556804536286	0.015071186147491599	F	NaN	NaN	NaN
	53369	15.506698106369878	0.01487391144085093	F	NaN	NaN	NaN
	53370	15.553754771196	0.013837163482812219	F	NaN	NaN	NaN
	53371	15.605579735241024	0.012136853360613455	F	NaN	NaN	NaN
	53372	15.660968855148184	0.010745644777343012	F	NaN	NaN	NaN
	53373	15.718218903465878	0.01042413486989986	F	NaN	NaN	NaN
	53374	15.776532352877956	0.010501910610506572	F	NaN	NaN	NaN
	53375	15.835891916207393	0.011156620077402141	F	NaN	NaN	NaN
	53376	15.894803048407882	0.012128303161153639	F	NaN	NaN	NaN
	53377	15.952560614368592	0.011663947761191586	F	NaN	NaN	NaN
	53378	16.00991122851416	0.01209984639217088	F	NaN	NaN	NaN
	53379	16.065583412869632	0.015215417992749506	F	NaN	NaN	NaN
	53380	16.11847601153999	0.01557339607477328	F	NaN	NaN	NaN
	53381	16.168605735829207	0.015808522128981053	F	NaN	NaN	NaN
	53382	16.217047185282762	0.016796043940161588	F	NaN	NaN	NaN
	53383	16.263730942943955	0.021783477791257232	F	NaN	NaN	NaN
	53384	16.30534237435143	0.01810838896512776	F	NaN	NaN	NaN
	53385	16.34288315932044	0.015584240624316072	F	NaN	NaN	NaN
	53386	16.378069515836682	0.016347378205661893	F	NaN	NaN	NaN
	53387	16.415026488759867	0.012855597415090281	F	NaN	NaN	NaN
	53388	16.45071794833774	0.013107278736776216	F	NaN	NaN	NaN
	53389	16.483551973467133	0.01332687190489595	F	NaN	NaN	NaN
	53390	16.51489966235967	0.015759588190301654	F	NaN	NaN	NaN
	53391	16.54438348779735	0.01606175742214509	F	NaN	NaN	NaN
	53392	16.57144228578093	0.01558093362911114	F	NaN	NaN	NaN
	53393	16.597385849379087	0.01733191615142304	F	NaN	NaN	NaN
	53394	16.623568936711045	0.018894390777080987	F	NaN	NaN	NaN
	53395	16.650577507827833	0.01746086003501808	F	NaN	NaN	NaN
	53396	16.677624838914646	0.015136871961773423	F	NaN	NaN	NaN
	53397	16.704284195227174	0.013387272684169985	F	NaN	NaN	NaN
	53398	16.730142249136104	0.013038705838326618	F	NaN	NaN	NaN
	53399	16.755650036479246	0.015584974585968418	F	NaN	NaN	NaN
	53400	16.780098096830237	0.018563517354953762	F	NaN	NaN	NaN
	53401	16.804303376619792	0.02337866344479311	F	NaN	NaN	NaN
	53402	16.826900980469887	0.027520953324156622	F	NaN	NaN	NaN
	53403	16.846796240567276	0.027609575896586854	F	NaN	NaN	NaN
	53404	16.864499522508602	0.0258199943173784	F	NaN	NaN	NaN
	53405	16.88088994601645	0.02334451184975953	F	NaN	NaN	NaN
	53406	16.89684249132694	0.021872483010175185	F	NaN	NaN	NaN
	53407	16.913232138676218	0.021407834718027867	F	NaN	NaN	NaN
	53408	16.930919340515707	0.02028102403251991	F	NaN	NaN	NaN
	53409	16.94967538244951	0.017335048096199613	F	NaN	NaN	NaN
	53410	16.96804941789674	0.016106385517909202	F	NaN	NaN	NaN
	53411	16.98600428695686	0.0167887663316861	F	NaN	NaN	NaN
	53412	17.00325225688427	0.016671033707046805	F	NaN	NaN	NaN
	53413	17.019593569359937	0.015504894307570714	F	NaN	NaN	NaN
	53414	17.034933158146575	0.014109845728830867	F	NaN	NaN	NaN
	53415	17.049403905376806	0.015226234866124911	F	NaN	NaN	NaN
	53416	17.063049880564147	0.021375688956142242	F	NaN	NaN	NaN
	53417	17.07659630102175	0.03122700936205902	F	NaN	NaN	NaN
	53418	17.09086654220212	0.03989482694313379	F	NaN	NaN	NaN
	53419	17.10589297945652	0.04698274763003482	F	NaN	NaN	NaN
	53420	17.12164069788172	0.05249042405034851	F	NaN	NaN	NaN
	53421	17.138074782574492	0.056555637548322164	F	NaN	NaN	NaN
	53422	17.15516031863161	0.05937068216102686	F	NaN	NaN	NaN
	53423	17.17286239114985	0.061203485551810946	F	NaN	NaN	NaN
	53424	17.191146085225984	0.062309653856106775	F	NaN	NaN	NaN
	53425	17.209976485956794	0.06256711855765637	F	NaN	NaN	NaN
	53426	17.229331792468763	0.0627804844337825	F	NaN	NaN	NaN
	53427	17.249197499111677	0.06259269415420694	F	NaN	NaN	NaN
	53428	17.269496498901358	0.062149195460885986	F	NaN	NaN	NaN
	53429	17.290193876934588	0.06157103920635491	F	NaN	NaN	NaN
	53430	17.31125471830814	0.061584462589393846	F	NaN	NaN	NaN
	53431	17.332644108118785	0.06160257705506002	F	NaN	NaN	NaN
	53432	17.3543271314633	0.06114895823170336	F	NaN	NaN	NaN
	53433	17.376268873438455	0.06028180154785445	F	NaN	NaN	NaN
	53434	17.398434419141026	0.059155607694636604	F	NaN	NaN	NaN
	53435	17.420788853667787	0.05777029235948799	F	NaN	NaN	NaN
	53436	17.443297262115507	0.05562060387957753	F	NaN	NaN	NaN
	53437	17.46592644366918	0.052484879939908025	F	NaN	NaN	NaN
	53438	17.48864158828087	0.04861636899817004	F	NaN	NaN	NaN
	53439	17.511507093065237	0.045429431072807	F	NaN	NaN	NaN
	53440	17.53467981229958	0.04351745528339687	F	NaN	NaN	NaN
	53441	17.55815640849189	0.043760001373769356	F	NaN	NaN	NaN
	53442	17.581943865870688	0.04647450147192381	F	NaN	NaN	NaN
	53443	17.606035634044943	0.05178512110637677	F	NaN	NaN	NaN
	53444	17.6304377759891	0.06066368080952489	F	NaN	NaN	NaN
	53445	17.65514466248607	0.07069224980533263	F	NaN	NaN	NaN
	53446	17.680161435416483	0.08262105674908703	F	NaN	NaN	NaN

# FILTER u
#        MJD  MAG  MAGERR  Upperlimit  Instrument  Telescope  Source
	53353	16.51276029558049	0.0350510528198456	F	NaN	NaN	NaN
	53354	16.470870414363954	0.02508694331789732	F	NaN	NaN	NaN
	53355	16.44900594696743	0.01926065090123999	F	NaN	NaN	NaN
	53356	16.446652409587667	0.017189237148225206	F	NaN	NaN	NaN
	53357	16.464477364127347	0.01790403307872125	F	NaN	NaN	NaN
	53358	16.50238011642156	0.02075417447547707	F	NaN	NaN	NaN
	53359	16.56250081378941	0.026641448499897587	F	NaN	NaN	NaN
	53360	16.641932729627875	0.03379651880066063	F	NaN	NaN	NaN
	53361	16.73752405077575	0.03813007983859762	F	NaN	NaN	NaN
	53362	16.863559353426727	0.0383090079383008	F	NaN	NaN	NaN
	53363	17.034875600255596	0.03744883054123524	F	NaN	NaN	NaN
	53364	17.239492483679765	0.03731095529247807	F	NaN	NaN	NaN
	53365	17.46612226723074	0.03941498374773283	F	NaN	NaN	NaN
	53366	17.701802424522526	0.04456933448800766	F	NaN	NaN	NaN
	53367	17.934394656569175	0.050150670259375404	F	NaN	NaN	NaN
	53368	18.15223828773725	0.05406535591660348	F	NaN	NaN	NaN
	53369	18.341753752976196	0.05526294289044603	F	NaN	NaN	NaN
	53370	18.50542635831202	0.05149764591992392	F	NaN	NaN	NaN
	53371	18.663566947301813	0.045297185282333244	F	NaN	NaN	NaN
	53372	18.81443759847706	0.04502490516809668	F	NaN	NaN	NaN
	53373	18.944883170966364	0.04661427320598659	F	NaN	NaN	NaN
	53374	19.065468597439438	0.0508996255740994	F	NaN	NaN	NaN
	53375	19.1701072715315	0.05484343761313927	F	NaN	NaN	NaN
	53376	19.261865689544983	0.058573058460595816	F	NaN	NaN	NaN
	53377	19.33292701719383	0.06942961343336589	F	NaN	NaN	NaN
	53378	19.391363972234185	0.06667902033487677	F	NaN	NaN	NaN
	53379	19.427834989996327	0.07307610309866841	F	NaN	NaN	NaN
	53380	19.47058115082447	0.09125104380324556	F	NaN	NaN	NaN
	53381	19.549378786589894	0.09198878852997744	F	NaN	NaN	NaN
	53382	19.628047069480694	0.08940393022579728	F	NaN	NaN	NaN
	53383	19.712786451264957	0.09124388279424382	F	NaN	NaN	NaN
	53384	19.7820507291162	0.08246355475646484	F	NaN	NaN	NaN
	53385	19.841554696871484	0.08579850503762355	F	NaN	NaN	NaN
	53386	19.87515121185386	0.08624872069164641	F	NaN	NaN	NaN
	53387	19.884521575275702	0.09065182028778282	F	NaN	NaN	NaN
	53388	19.88771127832983	0.09900759902227099	F	NaN	NaN	NaN
	53389	19.89194261954504	0.11451036981067805	F	NaN	NaN	NaN
	53390	19.89450769189415	0.13206310863066567	F	NaN	NaN	NaN
	53391	19.90713460588757	0.1440160372468416	F	NaN	NaN	NaN
	53392	19.919740199473203	0.16039410247823577	F	NaN	NaN	NaN
	53393	19.93313144179403	0.17582056341903346	F	NaN	NaN	NaN
	53394	19.948480491887757	0.17681563559480215	F	NaN	NaN	NaN
	53395	19.96899386810047	0.15863926771420508	F	NaN	NaN	NaN
	53396	19.994374286495884	0.1349158898399509	F	NaN	NaN	NaN
	53397	20.018591105376075	0.12561182169759505	F	NaN	NaN	NaN
	53398	20.035534975288517	0.13007847737021813	F	NaN	NaN	NaN
	53399	20.042037286109395	0.13498306557380008	F	NaN	NaN	NaN
	53400	20.048536729606244	0.1378723741187704	F	NaN	NaN	NaN
	53401	20.051880359268882	0.1360910278765152	F	NaN	NaN	NaN
	53402	20.053061269560672	0.131652249223161	F	NaN	NaN	NaN
	53403	20.053192770393874	0.1262740371166299	F	NaN	NaN	NaN
	53404	20.053471828569442	0.12178064247552468	F	NaN	NaN	NaN
	53405	20.055076326814866	0.11491370987706723	F	NaN	NaN	NaN
	53406	20.059157250886674	0.10478693050599108	F	NaN	NaN	NaN
	53407	20.06691987278597	0.0873403777164529	F	NaN	NaN	NaN
	53408	20.07714563463917	0.07011853397925152	F	NaN	NaN	NaN
	53409	20.089939695695744	0.06577954203667394	F	NaN	NaN	NaN
	53410	20.105570090346838	0.08849061756401372	F	NaN	NaN	NaN

# FILTER R
#        MJD  MAG  MAGERR  Upperlimit  Instrument  Telescope  Source
	53353	15.350623259533382	0.048546515689162933	F	NaN	NaN	NaN
	53354	15.277728053470996	0.04062533183748496	F	NaN	NaN	NaN
	53355	15.210516815334069	0.033940450044459856	F	NaN	NaN	NaN
	53356	15.149012851703601	0.029602196235040745	F	NaN	NaN	NaN
	53357	15.0932394691606	0.02739458987021437	F	NaN	NaN	NaN
	53358	15.043181110193977	0.028014251314440103	F	NaN	NaN	NaN
	53359	14.998898830664698	0.030170187887664766	F	NaN	NaN	NaN
	53360	14.961365853940462	0.03329608971061214	F	NaN	NaN	NaN
	53361	14.934945841437191	0.03678197085911916	F	NaN	NaN	NaN
	53362	14.921429037952556	0.039566275844111404	F	NaN	NaN	NaN
	53363	14.915713697335402	0.042012573006937295	F	NaN	NaN	NaN
	53364	14.919094087542435	0.04394276417107265	F	NaN	NaN	NaN
	53365	14.932207148615898	0.045435477804436894	F	NaN	NaN	NaN
	53366	14.954103797326175	0.046136618700645296	F	NaN	NaN	NaN
	53367	14.982896029374094	0.04648753533844346	F	NaN	NaN	NaN
	53368	15.01802302285131	0.046409039636410944	F	NaN	NaN	NaN
	53369	15.058923955849469	0.04584682823838118	F	NaN	NaN	NaN
	53370	15.105491393252823	0.04505349575546439	F	NaN	NaN	NaN
	53371	15.157272778771283	0.04390642083309144	F	NaN	NaN	NaN
	53372	15.21262795632409	0.04261648131605129	F	NaN	NaN	NaN
	53373	15.270996104002892	0.04125410816020479	F	NaN	NaN	NaN
	53374	15.331816399899322	0.03987769042782648	F	NaN	NaN	NaN
	53375	15.39458215491418	0.038545276532453654	F	NaN	NaN	NaN
	53376	15.458647097348033	0.037239879100985515	F	NaN	NaN	NaN
	53377	15.522964040512926	0.03634044437014916	F	NaN	NaN	NaN
	53378	15.58697216250051	0.03556353214876338	F	NaN	NaN	NaN
	53379	15.650110641402435	0.034827341939509995	F	NaN	NaN	NaN
	53380	15.711818655310363	0.03433987955360838	F	NaN	NaN	NaN
	53381	15.770565974766807	0.033911603764536224	F	NaN	NaN	NaN
	53382	15.826243503650991	0.03330230240149611	F	NaN	NaN	NaN
	53383	15.878290420054556	0.032518670468171	F	NaN	NaN	NaN
	53384	15.926145902069194	0.03163276735287396	F	NaN	NaN	NaN
	53385	15.969249127786512	0.03074693995498466	F	NaN	NaN	NaN
	53386	16.005368632737998	0.029500003113907033	F	NaN	NaN	NaN
	53387	16.038044091863163	0.027974464686606797	F	NaN	NaN	NaN
	53388	16.06921100790901	0.026499755291044737	F	NaN	NaN	NaN
	53389	16.099704972597785	0.02560180765578029	F	NaN	NaN	NaN
	53390	16.129487775828903	0.024844587121475407	F	NaN	NaN	NaN
	53391	16.158563978737075	0.02423170938762287	F	NaN	NaN	NaN
	53392	16.186942458219548	0.024265943590643754	F	NaN	NaN	NaN
	53393	16.214598179254633	0.024890842547473736	F	NaN	NaN	NaN
	53394	16.241544019904357	0.026185375634553358	F	NaN	NaN	NaN
	53395	16.267780791872436	0.0274704590378578	F	NaN	NaN	NaN
	53396	16.293299014176412	0.029019275884904664	F	NaN	NaN	NaN
	53397	16.318151688413334	0.030660140752853948	F	NaN	NaN	NaN
	53398	16.342359704478202	0.03237902378733684	F	NaN	NaN	NaN
	53399	16.365943952266022	0.033950476072098265	F	NaN	NaN	NaN
	53400	16.38891209466074	0.03583874083738995	F	NaN	NaN	NaN
	53401	16.411286327175787	0.03728573300220958	F	NaN	NaN	NaN
	53402	16.432879542534582	0.03875057007159038	F	NaN	NaN	NaN
	53403	16.454275837375405	0.04009362264131974	F	NaN	NaN	NaN
	53404	16.474912854083925	0.04126429086044105	F	NaN	NaN	NaN
	53405	16.495303482524342	0.04237901978698014	F	NaN	NaN	NaN
	53406	16.51494537700964	0.04346150106997271	F	NaN	NaN	NaN
	53407	16.5344116425425	0.04453641809089869	F	NaN	NaN	NaN
	53408	16.553148661681647	0.04552884455289199	F	NaN	NaN	NaN
	53409	16.57177186779981	0.04650839676580308	F	NaN	NaN	NaN
	53410	16.589694258469876	0.04736900286868155	F	NaN	NaN	NaN
	53411	16.60755570866619	0.048219265831556946	F	NaN	NaN	NaN
	53412	16.624753717744234	0.04904576421636063	F	NaN	NaN	NaN
	53413	16.64191674104347	0.04987395831963767	F	NaN	NaN	NaN
	53414	16.658498589874643	0.05077668291059131	F	NaN	NaN	NaN
	53415	16.67503642184314	0.051680721371005406	F	NaN	NaN	NaN
	53416	16.691100425231028	0.05259890324972927	F	NaN	NaN	NaN
	53417	16.707103312745858	0.05350368128133339	F	NaN	NaN	NaN
	53418	16.722730774183308	0.0543261213949158	F	NaN	NaN	NaN
	53419	16.738288964121534	0.05520907218361755	F	NaN	NaN	NaN
	53420	16.753561187101404	0.05634182345165856	F	NaN	NaN	NaN
	53421	16.76876492634009	0.05740592958669627	F	NaN	NaN	NaN
	53422	16.78376321435523	0.05826410032272411	F	NaN	NaN	NaN
	53423	16.798702749771447	0.0590982279376713	F	NaN	NaN	NaN
	53424	16.81350840631471	0.059877568768516735	F	NaN	NaN	NaN
	53425	16.828273984785525	0.06065579685530181	F	NaN	NaN	NaN
	53426	16.842968313349765	0.06143204673042403	F	NaN	NaN	NaN
	53427	16.85765018175224	0.06208672552160498	F	NaN	NaN	NaN
	53428	16.87231448583031	0.06257003302578501	F	NaN	NaN	NaN
	53429	16.887002891041515	0.06295376607998618	F	NaN	NaN	NaN
	53430	16.901718474126266	0.06322521305229682	F	NaN	NaN	NaN
	53431	16.91650366302327	0.06331165069452548	F	NaN	NaN	NaN
	53432	16.931351828607557	0.06323069894287141	F	NaN	NaN	NaN
	53433	16.946324048067424	0.06311930441334754	F	NaN	NaN	NaN
	53434	16.961386099644095	0.06298586511364225	F	NaN	NaN	NaN
	53435	16.976635596543897	0.0626114789551485	F	NaN	NaN	NaN
	53436	16.99199283760581	0.06209859578333661	F	NaN	NaN	NaN
	53437	17.007609858822608	0.06133225770216452	F	NaN	NaN	NaN
	53438	17.023343592862613	0.060452048574759394	F	NaN	NaN	NaN
	53439	17.039418385273475	0.059572144520089465	F	NaN	NaN	NaN
	53440	17.05560991578443	0.058692344886288626	F	NaN	NaN	NaN
	53441	17.071979866392343	0.0579793121596877	F	NaN	NaN	NaN
	53442	17.08833960380067	0.056984542413577886	F	NaN	NaN	NaN
	53443	17.10466999932661	0.05561149247902729	F	NaN	NaN	NaN
	53444	17.121005576288578	0.055132870530777214	F	NaN	NaN	NaN
	53445	17.137380769916113	0.05463646206998073	F	NaN	NaN	NaN
	53446	17.15380047968962	0.05439176155976766	F	NaN	NaN	NaN
	53447	17.17022018846775	0.054437290924828505	F	NaN	NaN	NaN
	53448	17.186637803391115	0.05493426875266451	F	NaN	NaN	NaN
	53449	17.203052939380274	0.05571477523101789	F	NaN	NaN	NaN
	53450	17.219465211355768	0.056903526334346935	F	NaN	NaN	NaN
	53451	17.23587423423814	0.05868745628795428	F	NaN	NaN	NaN
	53452	17.25227962294794	0.06087334228635048	F	NaN	NaN	NaN
	53453	17.26868099240571	0.06368422542644087	F	NaN	NaN	NaN
	53454	17.28507795753199	0.06699741043705132	F	NaN	NaN	NaN
	53455	17.301469814441724	0.07083202168472691	F	NaN	NaN	NaN
	53456	17.31785619369143	0.0744695329627045	F	NaN	NaN	NaN
	53457	17.334236923044	0.07954114719004662	F	NaN	NaN	NaN
	53458	17.35061161741999	0.0844295416201527	F	NaN	NaN	NaN
	53459	17.36697989173994	0.08962337678214874	F	NaN	NaN	NaN
	53460	17.383341360924398	0.09527580642795096	F	NaN	NaN	NaN
	53461	17.39969563989391	0.1012832087253342	F	NaN	NaN	NaN
	53462	17.416042343569014	0.10762886906518318	F	NaN	NaN	NaN
	53463	17.43238108687026	0.11429768250183849	F	NaN	NaN	NaN
	53464	17.4487114847182	0.12134684984952028	F	NaN	NaN	NaN
	53465	17.46503315203337	0.12897147469097328	F	NaN	NaN	NaN
	53466	17.48134565098365	0.13654390321818038	F	NaN	NaN	NaN
	53467	17.497647652153617	0.1448586054993274	F	NaN	NaN	NaN

# FILTER U
#        MJD  MAG  MAGERR  Upperlimit  Instrument  Telescope  Source
	53353	15.790896159204133	0.1308670328139082	F	NaN	NaN	NaN
	53354	15.959755169232857	0.13026251011356546	F	NaN	NaN	NaN
	53355	16.12578161849857	0.13102642719449573	F	NaN	NaN	NaN
	53356	16.2879435280163	0.1353208516229607	F	NaN	NaN	NaN
	53357	16.4447529414563	0.14618759799492806	F	NaN	NaN	NaN
	53358	16.59808549240068	0.15810770798005452	F	NaN	NaN	NaN
	53359	16.74793952259493	0.1706917136561084	F	NaN	NaN	NaN
	53360	16.892828080087394	0.18434344246407247	F	NaN	NaN	NaN
	53361	17.033428194844763	0.19678724470524167	F	NaN	NaN	NaN
	53362	17.170538496131122	0.208752181449806	F	NaN	NaN	NaN
	53363	17.30387160454698	0.2206031110155604	F	NaN	NaN	NaN
	53364	17.431700745251668	0.23133791426485345	F	NaN	NaN	NaN
	53365	17.55602877976446	0.24103826661675817	F	NaN	NaN	NaN
	53366	17.676854049830933	0.24981494431367626	F	NaN	NaN	NaN
	53367	17.792794163042217	0.2578516045689404	F	NaN	NaN	NaN
	53368	17.9043013929158	0.264805321634594	F	NaN	NaN	NaN
	53369	18.01229456562214	0.27088557186901735	F	NaN	NaN	NaN
	53370	18.116599467637283	0.2760388687665563	F	NaN	NaN	NaN
	53371	18.215247355005953	0.2791529508765086	F	NaN	NaN	NaN
	53372	18.310369892486495	0.28133681291394996	F	NaN	NaN	NaN
	53373	18.401965421824485	0.28274218226649017	F	NaN	NaN	NaN
	53374	18.488757685455777	0.28352445310071517	F	NaN	NaN	NaN
	53375	18.570971049844854	0.2830367566058224	F	NaN	NaN	NaN
	53376	18.649646113370494	0.28166624378614236	F	NaN	NaN	NaN
	53377	18.72472340368611	0.27945449195818456	F	NaN	NaN	NaN
	53378	18.793989057118047	0.27596527019668254	F	NaN	NaN	NaN
	53379	18.859705116965664	0.27176338175971193	F	NaN	NaN	NaN
	53380	18.921869924974455	0.2669808548229136	F	NaN	NaN	NaN
	53381	18.97931493372692	0.2617836296875641	F	NaN	NaN	NaN
	53382	19.033447736931407	0.2547769234649429	F	NaN	NaN	NaN
	53383	19.083188183831634	0.24783213910590834	F	NaN	NaN	NaN
	53384	19.128312780125384	0.2392497414539163	F	NaN	NaN	NaN
	53385	19.169715226749368	0.23203359632034656	F	NaN	NaN	NaN
	53386	19.206611342871412	0.22545946993187105	F	NaN	NaN	NaN
	53387	19.236922199696423	0.22031534585652815	F	NaN	NaN	NaN
	53388	19.259724106016918	0.21175654558301352	F	NaN	NaN	NaN
	53389	19.275547076219873	0.2046610410749547	F	NaN	NaN	NaN
	53390	19.28584274329443	0.20166856152567147	F	NaN	NaN	NaN
	53391	19.291259110318	0.20478653627048507	F	NaN	NaN	NaN
	53392	19.293410869786722	0.21049845958595143	F	NaN	NaN	NaN
	53393	19.292939153400095	0.2185114274830764	F	NaN	NaN	NaN
	53394	19.29130349966325	0.2303757957677388	F	NaN	NaN	NaN
	53395	19.289468056875446	0.24680257977723988	F	NaN	NaN	NaN
	53396	19.288540487452327	0.2622332178501797	F	NaN	NaN	NaN
	53397	19.289726672153336	0.2776152955851613	F	NaN	NaN	NaN
	53398	19.294025706813102	0.29106177787401166	F	NaN	NaN	NaN
	53399	19.302595850643062	0.3030879443065021	F	NaN	NaN	NaN
	53400	19.313992317080224	0.31303801041499835	F	NaN	NaN	NaN
	53401	19.325605770958404	0.322720477156854	F	NaN	NaN	NaN
	53402	19.336854093313573	0.3312307200596068	F	NaN	NaN	NaN
	53403	19.348040317889687	0.33954160330049565	F	NaN	NaN	NaN
	53404	19.358855041884542	0.347095242165805	F	NaN	NaN	NaN
	53405	19.369632259985636	0.3545724312796684	F	NaN	NaN	NaN
	53406	19.380033563756545	0.3592588292807728	F	NaN	NaN	NaN
	53407	19.390414186260838	0.3638200270289744	F	NaN	NaN	NaN
	53408	19.400428059892974	0.36744665599649584	F	NaN	NaN	NaN
	53409	19.41041739561903	0.37100678902217843	F	NaN	NaN	NaN
	53410	19.420076931257242	0.3736731877826485	F	NaN	NaN	NaN
	53411	19.429695158341442	0.37598626025142534	F	NaN	NaN	NaN
	53412	19.439018578812757	0.3757777502105352	F	NaN	NaN	NaN
	53413	19.44828587539147	0.37543174509281996	F	NaN	NaN	NaN
	53414	19.457291403522923	0.3744444467380124	F	NaN	NaN	NaN
	53415	19.466227947732524	0.37314713604469285	F	NaN	NaN	NaN
	53416	19.474933806351146	0.3708131290082412	F	NaN	NaN	NaN
	53417	19.483559776328004	0.3679462789554455	F	NaN	NaN	NaN
	53418	19.49198418826083	0.3637350726364701	F	NaN	NaN	NaN
	53419	19.500319762141324	0.3591918038129855	F	NaN	NaN	NaN
	53420	19.508480950215386	0.35399670859176485	F	NaN	NaN	NaN
	53421	19.516546306135886	0.34872866201745556	F	NaN	NaN	NaN
	53422	19.524462493178216	0.3433470619947827	F	NaN	NaN	NaN
	53423	19.532277809275094	0.33928084502990274	F	NaN	NaN	NaN
	53424	19.53996721811272	0.33685649109036575	F	NaN	NaN	NaN
	53425	19.547552672522354	0.33225576110208815	F	NaN	NaN	NaN
	53426	19.555033525982317	0.3254651195735365	F	NaN	NaN	NaN
	53427	19.562409296841075	0.3192618631153876	F	NaN	NaN	NaN
	53428	19.569699817750404	0.31353513223780843	F	NaN	NaN	NaN
	53429	19.57688608319466	0.3085435275616332	F	NaN	NaN	NaN
	53430	19.584004494380384	0.30403037687621426	F	NaN	NaN	NaN
	53431	19.591021432546512	0.30013882728571517	F	NaN	NaN	NaN
	53432	19.59798595683567	0.2965683534200051	F	NaN	NaN	NaN
	53433	19.604853745860048	0.29471728864736385	F	NaN	NaN	NaN
	53434	19.61168260607967	0.2935581591376667	F	NaN	NaN	NaN
	53435	19.618421424098663	0.29743895231571216	F	NaN	NaN	NaN
	53436	19.625132843075782	0.30285334920192186	F	NaN	NaN	NaN
	53437	19.63176286822577	0.31129188260459445	F	NaN	NaN	NaN
	53438	19.638375068787415	0.32039267738981836	F	NaN	NaN	NaN
	53439	19.644918299955624	0.3303420901019035	F	NaN	NaN	NaN
	53440	19.651375538406217	0.3462779437279812	F	NaN	NaN	NaN
	53441	19.657746162579244	0.3643055456180777	F	NaN	NaN	NaN
	53442	19.664021053129982	0.38231511513536703	F	NaN	NaN	NaN
	53443	19.6701961923483	0.40636380340153583	F	NaN	NaN	NaN
	53444	19.676262401120105	0.4291645321648663	F	NaN	NaN	NaN
	53445	19.682215682121964	0.4558859078071799	F	NaN	NaN	NaN
	53446	19.688046875235763	0.49054170489491844	F	NaN	NaN	NaN