###################### HEADER ######################
# SNNAME:	SN2005mf
###################### HEADER ######################


# FILTER R
#        MJD  MAG  MAGERR  Upperlimit  Instrument  Telescope  Source
	53733	17.685574515546705	0.045411137070679626	F	NaN	NaN	NaN
	53734	17.676928714109383	0.03883061273998256	F	NaN	NaN	NaN
	53735	17.672612149206998	0.03420569342219155	F	NaN	NaN	NaN
	53736	17.672562171312354	0.03156983174867464	F	NaN	NaN	NaN
	53737	17.676725493177543	0.03139536091853073	F	NaN	NaN	NaN
	53738	17.685035040239864	0.032286067610680154	F	NaN	NaN	NaN
	53739	17.697436331851897	0.03502907811100984	F	NaN	NaN	NaN
	53740	17.714394595232672	0.03772170288894504	F	NaN	NaN	NaN
	53741	17.73691922950065	0.040148465442542254	F	NaN	NaN	NaN
	53742	17.764194901304673	0.041992878102679376	F	NaN	NaN	NaN
	53743	17.795311130583443	0.04349668016563922	F	NaN	NaN	NaN
	53744	17.8293366397984	0.04506326260151999	F	NaN	NaN	NaN
	53745	17.869478314359007	0.045829379954242876	F	NaN	NaN	NaN
	53746	17.923071319262903	0.04676883107901616	F	NaN	NaN	NaN
	53747	17.982404066552302	0.0489726959988488	F	NaN	NaN	NaN
	53748	18.038936257051457	0.050022277039949395	F	NaN	NaN	NaN
	53749	18.09205186564336	0.04874353214174776	F	NaN	NaN	NaN
	53750	18.15272687023448	0.04652492025889268	F	NaN	NaN	NaN
	53751	18.218919356271726	0.043987539703488995	F	NaN	NaN	NaN
	53752	18.28806039029512	0.04173835299414248	F	NaN	NaN	NaN
	53753	18.357569035516853	0.04046463394742581	F	NaN	NaN	NaN
	53754	18.424909203405306	0.0404299497553211	F	NaN	NaN	NaN
	53755	18.487499425741397	0.040677982230722526	F	NaN	NaN	NaN
	53756	18.54277702187776	0.04091614112575939	F	NaN	NaN	NaN
	53757	18.590464041117283	0.03960925656203566	F	NaN	NaN	NaN
	53758	18.635877872219197	0.0383083176016563	F	NaN	NaN	NaN
	53759	18.679499124629103	0.03819343438766659	F	NaN	NaN	NaN
	53760	18.721434501689927	0.038704596211671424	F	NaN	NaN	NaN
	53761	18.761790825710833	0.039523854675992315	F	NaN	NaN	NaN
	53762	18.800423427365686	0.04007119688243028	F	NaN	NaN	NaN
	53763	18.836945808224453	0.04096486435440167	F	NaN	NaN	NaN
	53764	18.871834507534725	0.04259610247073415	F	NaN	NaN	NaN
	53765	18.905616361810814	0.04413886028510009	F	NaN	NaN	NaN
	53766	18.938239640110574	0.045760457221737695	F	NaN	NaN	NaN
	53767	18.969275933352904	0.048063081040373365	F	NaN	NaN	NaN
	53768	18.999055742332054	0.05068653565638148	F	NaN	NaN	NaN
	53769	19.027819351896806	0.055963518119350825	F	NaN	NaN	NaN
	53770	19.055491572957045	0.06276587347426182	F	NaN	NaN	NaN
	53771	19.08200685067262	0.07208775225672304	F	NaN	NaN	NaN
	53772	19.107325043557072	0.08532288080884884	F	NaN	NaN	NaN
	53773	19.131387075586883	0.1015953214247538	F	NaN	NaN	NaN
	53774	19.15413928636317	0.11934182869762498	F	NaN	NaN	NaN
	53775	19.175528015487068	0.13920209904377037	F	NaN	NaN	NaN

# FILTER V
#        MJD  MAG  MAGERR  Upperlimit  Instrument  Telescope  Source
	53733	17.95798457856966	0.11017473371261496	F	NaN	NaN	NaN
	53734	17.996345045728752	0.08264783213810521	F	NaN	NaN	NaN
	53735	18.03571371165041	0.05753207191280177	F	NaN	NaN	NaN
	53736	18.076252000670475	0.03624788634749154	F	NaN	NaN	NaN
	53737	18.118104205557433	0.023358840312045315	F	NaN	NaN	NaN
	53738	18.161225986069716	0.027114711216266633	F	NaN	NaN	NaN
	53739	18.205494799368466	0.04015669441535704	F	NaN	NaN	NaN
	53740	18.25079520222435	0.05412131478088546	F	NaN	NaN	NaN
	53741	18.297014315235618	0.06730814790987598	F	NaN	NaN	NaN
	53742	18.344037221790202	0.07978371029195669	F	NaN	NaN	NaN
	53743	18.39174910545331	0.0912920455249175	F	NaN	NaN	NaN
	53744	18.440364851370685	0.10120377636874252	F	NaN	NaN	NaN
	53745	18.491178262867	0.10635249641065783	F	NaN	NaN	NaN
	53746	18.543548271203214	0.10831705503330588	F	NaN	NaN	NaN
	53747	18.596554220991095	0.11003271858706734	F	NaN	NaN	NaN
	53748	18.649276505392187	0.11279037366067801	F	NaN	NaN	NaN
	53749	18.702798952544406	0.11653209005430795	F	NaN	NaN	NaN
	53750	18.760132189762928	0.11654882176457772	F	NaN	NaN	NaN
	53751	18.820276206365737	0.11388521352250078	F	NaN	NaN	NaN
	53752	18.882092920586334	0.11060789351959106	F	NaN	NaN	NaN
	53753	18.94444425065822	0.10676166873386111	F	NaN	NaN	NaN
	53754	19.006194953263044	0.10329098865800992	F	NaN	NaN	NaN
	53755	19.06619501117426	0.10158851880060372	F	NaN	NaN	NaN
	53756	19.12330320097566	0.10185967005444768	F	NaN	NaN	NaN
	53757	19.176378465747042	0.10512671928181995	F	NaN	NaN	NaN
	53758	19.22580460874166	0.11079818878413833	F	NaN	NaN	NaN
	53759	19.274158680348844	0.11607864577276861	F	NaN	NaN	NaN
	53760	19.321443090049076	0.12053412899137128	F	NaN	NaN	NaN
	53761	19.367577564686137	0.1247513211715103	F	NaN	NaN	NaN
	53762	19.412475678114262	0.128607950646571	F	NaN	NaN	NaN
	53763	19.456047918820754	0.13241645815569306	F	NaN	NaN	NaN
	53764	19.49821059552224	0.13610009143563645	F	NaN	NaN	NaN
	53765	19.538880579005166	0.14022753399600563	F	NaN	NaN	NaN
	53766	19.57853098498108	0.14478761192397432	F	NaN	NaN	NaN
	53767	19.61780967913182	0.1491611445566628	F	NaN	NaN	NaN
	53768	19.656500704566483	0.15426712777850685	F	NaN	NaN	NaN
	53769	19.694541546826674	0.16030313843659785	F	NaN	NaN	NaN
	53770	19.73236633702082	0.1656554116857593	F	NaN	NaN	NaN
	53771	19.76998787903892	0.1704510949765164	F	NaN	NaN	NaN
	53772	19.807372471075023	0.17401677691498335	F	NaN	NaN	NaN
	53773	19.84448533042861	0.17671839755754404	F	NaN	NaN	NaN
	53774	19.88129116239296	0.17843410134910942	F	NaN	NaN	NaN
	53775	19.91775696102213	0.1793841825554252	F	NaN	NaN	NaN
	53776	19.95384948129068	0.18144413730831574	F	NaN	NaN	NaN
	53777	19.989522371768807	0.18190986878833226	F	NaN	NaN	NaN
	53778	20.024759501368102	0.1829421582905114	F	NaN	NaN	NaN
	53779	20.059518598451813	0.18406206362137584	F	NaN	NaN	NaN
	53780	20.093765293526722	0.1860148207410484	F	NaN	NaN	NaN
	53781	20.127465217099605	0.1893611907501959	F	NaN	NaN	NaN
	53782	20.16058399967724	0.19224311336821523	F	NaN	NaN	NaN
	53783	20.193087271766398	0.19663260062566246	F	NaN	NaN	NaN
	53784	20.22494066387387	0.2021986106975256	F	NaN	NaN	NaN
	53785	20.256109806506423	0.209294187002869	F	NaN	NaN	NaN
	53786	20.286560330170833	0.21749466481424629	F	NaN	NaN	NaN
	53787	20.316375453714862	0.22624659167889521	F	NaN	NaN	NaN
	53788	20.345757765804194	0.23486839094511847	F	NaN	NaN	NaN
	53789	20.37472645433298	0.24503402064553712	F	NaN	NaN	NaN
	53790	20.403275759760568	0.25612242140343555	F	NaN	NaN	NaN
	53791	20.431384906786082	0.2692790621075011	F	NaN	NaN	NaN
	53792	20.459034678874584	0.28261940294134036	F	NaN	NaN	NaN
	53793	20.486219191288832	0.29713908073496875	F	NaN	NaN	NaN
	53794	20.51291189646867	0.31288177094550185	F	NaN	NaN	NaN
	53795	20.53910831280213	0.33063693793157906	F	NaN	NaN	NaN
	53796	20.56478357372808	0.3487739911448673	F	NaN	NaN	NaN
	53797	20.58992583561359	0.3680042590059112	F	NaN	NaN	NaN
	53798	20.614521624401135	0.38825004256225626	F	NaN	NaN	NaN
	53799	20.63855219247143	0.4094334809726773	F	NaN	NaN	NaN

# FILTER r
#        MJD  MAG  MAGERR  Upperlimit  Instrument  Telescope  Source
	53734	17.91817878707779	0.0424515622021869	F	NaN	NaN	NaN
	53735	17.931107978285382	0.032674536999430806	F	NaN	NaN	NaN
	53736	17.947040174610834	0.027302331366633813	F	NaN	NaN	NaN
	53737	17.965900180398254	0.02701811126882777	F	NaN	NaN	NaN
	53738	17.987807747432786	0.030926214552066414	F	NaN	NaN	NaN
	53739	18.01286204986351	0.037004108901028	F	NaN	NaN	NaN
	53740	18.04094918039533	0.0436202543162079	F	NaN	NaN	NaN
	53741	18.071884891553005	0.05016210870514614	F	NaN	NaN	NaN
	53742	18.105524418458277	0.05606633983511332	F	NaN	NaN	NaN
	53743	18.141710356445156	0.06116403525751194	F	NaN	NaN	NaN
	53744	18.180601687143227	0.06585063150031065	F	NaN	NaN	NaN
	53745	18.223254499380058	0.06968934359980776	F	NaN	NaN	NaN
	53746	18.268546353188427	0.07290615612216703	F	NaN	NaN	NaN
	53747	18.316030591762992	0.0753585403336775	F	NaN	NaN	NaN
	53748	18.36816566647745	0.0770719208762704	F	NaN	NaN	NaN
	53749	18.421463810957135	0.07833802161915585	F	NaN	NaN	NaN
	53750	18.481547046577706	0.07938735479214178	F	NaN	NaN	NaN
	53751	18.54864240191525	0.08033618418703745	F	NaN	NaN	NaN
	53752	18.621391543322698	0.08107413702170335	F	NaN	NaN	NaN
	53753	18.698436137153006	0.08253706249605737	F	NaN	NaN	NaN
	53754	18.778417849759094	0.0846274742048841	F	NaN	NaN	NaN
	53755	18.85997886322946	0.08685464769007645	F	NaN	NaN	NaN
	53756	18.94174204165898	0.0884952268235322	F	NaN	NaN	NaN
	53757	19.022336026416557	0.09080731996118659	F	NaN	NaN	NaN
	53758	19.100435571797625	0.09218092938564706	F	NaN	NaN	NaN
	53759	19.174645463407504	0.09253548637833078	F	NaN	NaN	NaN
	53760	19.2435749598464	0.0915011929049199	F	NaN	NaN	NaN
	53761	19.305963238222123	0.08871528849370798	F	NaN	NaN	NaN
	53762	19.363282146004575	0.08373704953400718	F	NaN	NaN	NaN
	53763	19.423141063545266	0.07837619915478423	F	NaN	NaN	NaN
	53764	19.48303987406097	0.07510471821246859	F	NaN	NaN	NaN
	53765	19.539478125169012	0.0747542893592219	F	NaN	NaN	NaN
	53766	19.58900174253805	0.07448705815933651	F	NaN	NaN	NaN
	53767	19.62937509319762	0.07554256255262953	F	NaN	NaN	NaN
	53768	19.66593858279332	0.07778899193285033	F	NaN	NaN	NaN
	53769	19.69990307382434	0.0835044710255872	F	NaN	NaN	NaN
	53770	19.73151786639688	0.0899392226143173	F	NaN	NaN	NaN
	53771	19.7610510827278	0.09592725693301732	F	NaN	NaN	NaN
	53772	19.78872754614452	0.10276503143413385	F	NaN	NaN	NaN
	53773	19.814767362530382	0.10908274777820419	F	NaN	NaN	NaN
	53774	19.839447777839887	0.11406805109065786	F	NaN	NaN	NaN
	53775	19.85648070770829	0.11922659131676613	F	NaN	NaN	NaN
	53776	19.847818217893405	0.13313935619078981	F	NaN	NaN	NaN
	53777	19.826498459699064	0.1546573916764723	F	NaN	NaN	NaN
	53778	19.808465532062925	0.18018699226189488	F	NaN	NaN	NaN
	53779	19.809692994843633	0.19401815551054208	F	NaN	NaN	NaN
	53780	19.836498775874322	0.19397508035586683	F	NaN	NaN	NaN
	53781	19.868679584284344	0.18891621561148333	F	NaN	NaN	NaN
	53782	19.903502117364308	0.18953188478289468	F	NaN	NaN	NaN
	53783	19.93978988523814	0.19591749547443169	F	NaN	NaN	NaN
	53784	19.976388994070483	0.2038869580178887	F	NaN	NaN	NaN
	53785	20.01213653763894	0.2127536365338148	F	NaN	NaN	NaN
	53786	20.04586960972114	0.22083213252166117	F	NaN	NaN	NaN
	53787	20.086087268439368	0.23450808523645195	F	NaN	NaN	NaN
	53788	20.13708543120205	0.26182280872153574	F	NaN	NaN	NaN
	53789	20.16871212164416	0.26871601545965623	F	NaN	NaN	NaN
	53790	20.197272780946932	0.2696861403871691	F	NaN	NaN	NaN
	53791	20.224168290641515	0.269756811811781	F	NaN	NaN	NaN
	53792	20.24898015663926	0.27138384027705875	F	NaN	NaN	NaN
	53793	20.27136037729106	0.2798867777207701	F	NaN	NaN	NaN
	53794	20.290852217231897	0.29293653947609455	F	NaN	NaN	NaN
	53795	20.30712373671352	0.3063605173474796	F	NaN	NaN	NaN
	53796	20.31971728854752	0.3188862777452364	F	NaN	NaN	NaN
	53797	20.328257033333596	0.322803673282068	F	NaN	NaN	NaN
	53798	20.3311850858727	0.3196131789205648	F	NaN	NaN	NaN
	53799	20.33013941798515	0.3141263255408337	F	NaN	NaN	NaN
	53800	20.330169846448005	0.31288922338772235	F	NaN	NaN	NaN
	53801	20.32983174574972	0.3085697960840975	F	NaN	NaN	NaN
	53802	20.32800989374953	0.3051404592951629	F	NaN	NaN	NaN
	53803	20.324508742971165	0.3098042685394976	F	NaN	NaN	NaN
	53804	20.319321594393507	0.32260549927751103	F	NaN	NaN	NaN
	53805	20.312466723502297	0.34507775782665007	F	NaN	NaN	NaN
	53806	20.303944967007943	0.3738094824057302	F	NaN	NaN	NaN
	53807	20.293762401501507	0.4236848660698963	F	NaN	NaN	NaN
	53808	20.282278477938824	0.47540735024315955	F	NaN	NaN	NaN
	53809	20.270020998317005	0.5439671349787119	F	NaN	NaN	NaN
	53810	20.256467310466714	0.626916997029091	F	NaN	NaN	NaN
	53811	20.24104588789824	0.7166024694736226	F	NaN	NaN	NaN

# FILTER i
#        MJD  MAG  MAGERR  Upperlimit  Instrument  Telescope  Source
	53734	18.18260567238649	0.045641255296600555	F	NaN	NaN	NaN
	53735	18.171391166462595	0.038642890265442265	F	NaN	NaN	NaN
	53736	18.164062858955898	0.03480648683559651	F	NaN	NaN	NaN
	53737	18.16055366792738	0.0329132768785441	F	NaN	NaN	NaN
	53738	18.160900840294236	0.03308614838549876	F	NaN	NaN	NaN
	53739	18.165229398902937	0.034604414703153154	F	NaN	NaN	NaN
	53740	18.17346856900172	0.037391814426078925	F	NaN	NaN	NaN
	53741	18.18545609328914	0.040131398344102835	F	NaN	NaN	NaN
	53742	18.201081758870895	0.042912828132359825	F	NaN	NaN	NaN
	53743	18.22021887513572	0.045862017952958425	F	NaN	NaN	NaN
	53744	18.24284021044682	0.04813391657740858	F	NaN	NaN	NaN
	53745	18.269308606519186	0.05028976401072196	F	NaN	NaN	NaN
	53746	18.29931833312873	0.052485251425249846	F	NaN	NaN	NaN
	53747	18.333118679909223	0.05454010422835838	F	NaN	NaN	NaN
	53748	18.373795228802297	0.05659161870003797	F	NaN	NaN	NaN
	53749	18.420575477840814	0.05974276596788192	F	NaN	NaN	NaN
	53750	18.471781263215536	0.06418547656150352	F	NaN	NaN	NaN
	53751	18.52596436832069	0.07010339737391591	F	NaN	NaN	NaN
	53752	18.58159650774385	0.0767169996323688	F	NaN	NaN	NaN
	53753	18.637149396072576	0.08185901181206505	F	NaN	NaN	NaN
	53754	18.691094747894454	0.0863428514840488	F	NaN	NaN	NaN
	53755	18.741889644841926	0.08804049930571596	F	NaN	NaN	NaN
	53756	18.79038109612569	0.08756265681714653	F	NaN	NaN	NaN
	53757	18.84311445954607	0.08443741376932445	F	NaN	NaN	NaN
	53758	18.899131483339726	0.08127625787083137	F	NaN	NaN	NaN
	53759	18.956824597246666	0.07818110121252482	F	NaN	NaN	NaN
	53760	19.014521702909423	0.07628156977349508	F	NaN	NaN	NaN
	53761	19.070587889536633	0.07616258575599602	F	NaN	NaN	NaN
	53762	19.123371806828906	0.07582503315663255	F	NaN	NaN	NaN
	53763	19.171189033934706	0.07729950812321659	F	NaN	NaN	NaN
	53764	19.212387986844607	0.07660355597213624	F	NaN	NaN	NaN
	53765	19.246744233644318	0.07498547058514093	F	NaN	NaN	NaN
	53766	19.27888066418033	0.07614305555855742	F	NaN	NaN	NaN
	53767	19.30921018188403	0.07632449424260149	F	NaN	NaN	NaN
	53768	19.336160182284527	0.07776418007294252	F	NaN	NaN	NaN
	53769	19.360033449649002	0.08010345453433197	F	NaN	NaN	NaN
	53770	19.381641596504256	0.08594065627054598	F	NaN	NaN	NaN
	53771	19.401529449535463	0.09505545087105259	F	NaN	NaN	NaN
	53772	19.420458185785407	0.10582903206437214	F	NaN	NaN	NaN
	53773	19.43906524028054	0.11668204331666995	F	NaN	NaN	NaN
	53774	19.458028439102563	0.12769912058068858	F	NaN	NaN	NaN
	53775	19.47807623145492	0.13700765826706351	F	NaN	NaN	NaN
	53776	19.499787766026405	0.14253812565772023	F	NaN	NaN	NaN
	53777	19.525336142059178	0.1457743816936284	F	NaN	NaN	NaN
	53778	19.557128449210566	0.15379716693144324	F	NaN	NaN	NaN
	53779	19.58757299553439	0.1645563754059458	F	NaN	NaN	NaN
	53780	19.612029162407882	0.16054811952753506	F	NaN	NaN	NaN
	53781	19.63692378285109	0.15221726090364904	F	NaN	NaN	NaN
	53782	19.662165451022002	0.1438249598814716	F	NaN	NaN	NaN
	53783	19.68705851230612	0.13516179510745596	F	NaN	NaN	NaN
	53784	19.710908898894928	0.13247400901669737	F	NaN	NaN	NaN
	53785	19.733021130460518	0.13283919019950213	F	NaN	NaN	NaN
	53786	19.752699726674997	0.13249100142533993	F	NaN	NaN	NaN
	53787	19.771046811278733	0.13195630659279722	F	NaN	NaN	NaN
	53788	19.789982663107104	0.13058677798019472	F	NaN	NaN	NaN
	53789	19.80539401303755	0.12914205680864538	F	NaN	NaN	NaN
	53790	19.818270547782873	0.12441807095229565	F	NaN	NaN	NaN
	53791	19.82915944110504	0.11851944781794538	F	NaN	NaN	NaN
	53792	19.83848830698639	0.11587968213753437	F	NaN	NaN	NaN
	53793	19.846726137330645	0.1168658974748866	F	NaN	NaN	NaN
	53794	19.85429396063448	0.11860415274221145	F	NaN	NaN	NaN
	53795	19.861640995166482	0.12179627852194089	F	NaN	NaN	NaN
	53796	19.86920761827205	0.12381991169700338	F	NaN	NaN	NaN
	53797	19.877437322679057	0.125175480406352	F	NaN	NaN	NaN
	53798	19.88571978299027	0.12606913545893145	F	NaN	NaN	NaN
	53799	19.893454895149443	0.12728846375986724	F	NaN	NaN	NaN
	53800	19.902738259837466	0.12788814083681693	F	NaN	NaN	NaN
	53801	19.91222314404978	0.1284828343360667	F	NaN	NaN	NaN
	53802	19.92189742912048	0.12970044759646968	F	NaN	NaN	NaN
	53803	19.931918022980486	0.13188546169119733	F	NaN	NaN	NaN
	53804	19.942441833560714	0.1348239006625061	F	NaN	NaN	NaN
	53805	19.95362576879208	0.13833833590224653	F	NaN	NaN	NaN
	53806	19.9656267366055	0.14109780126568516	F	NaN	NaN	NaN
	53807	19.978601644931892	0.14448542576615142	F	NaN	NaN	NaN
	53808	19.992449130048303	0.14809657148907301	F	NaN	NaN	NaN
	53809	20.006651349535215	0.15168038585489968	F	NaN	NaN	NaN
	53810	20.021206628074648	0.15619224162624873	F	NaN	NaN	NaN
	53811	20.03614183239214	0.16018884068294187	F	NaN	NaN	NaN
	53812	20.051487509630974	0.16538166085432346	F	NaN	NaN	NaN
	53813	20.067260316577848	0.1702667965863356	F	NaN	NaN	NaN
	53814	20.083498540546596	0.17530402671149173	F	NaN	NaN	NaN
	53815	20.10022391634458	0.1807274444700796	F	NaN	NaN	NaN
	53816	20.117458231825122	0.18587892346070056	F	NaN	NaN	NaN
	53817	20.135239922423477	0.18938782020977007	F	NaN	NaN	NaN
	53818	20.153521674018922	0.19371144448125183	F	NaN	NaN	NaN
	53819	20.17214764459118	0.19790934439595254	F	NaN	NaN	NaN
	53820	20.191121203118065	0.20297133478350923	F	NaN	NaN	NaN
	53821	20.210445792119636	0.2069212374363762	F	NaN	NaN	NaN
	53822	20.230124854115978	0.21339265436756666	F	NaN	NaN	NaN
	53823	20.250161831627153	0.21948069938066517	F	NaN	NaN	NaN
	53824	20.27056016717323	0.22706555462906733	F	NaN	NaN	NaN
	53825	20.291323303274286	0.2347592874389839	F	NaN	NaN	NaN
	53826	20.312454682450383	0.2461742105598585	F	NaN	NaN	NaN
	53827	20.3339577472216	0.2597576930245382	F	NaN	NaN	NaN
	53828	20.35583762723053	0.2760917980802786	F	NaN	NaN	NaN
	53829	20.378091123460322	0.29277517290690497	F	NaN	NaN	NaN
	53830	20.40072353361806	0.31113241788460966	F	NaN	NaN	NaN
	53831	20.42374805153586	0.3305051168565544	F	NaN	NaN	NaN
	53832	20.447167419918134	0.3529855978487363	F	NaN	NaN	NaN
	53833	20.47097613356064	0.3790448027439267	F	NaN	NaN	NaN
	53834	20.49517754893274	0.40604337304877347	F	NaN	NaN	NaN
	53835	20.519775022503808	0.4321567920210527	F	NaN	NaN	NaN
	53836	20.544771910743204	0.4622627685617051	F	NaN	NaN	NaN
	53837	20.57017921918448	0.4941415119265481	F	NaN	NaN	NaN
	53838	20.59600503763275	0.5279418396856277	F	NaN	NaN	NaN

# FILTER B
#        MJD  MAG  MAGERR  Upperlimit  Instrument  Telescope  Source
	53734	18.904621864747917	0.06270239851876624	F	NaN	NaN	NaN
	53735	18.978415333539598	0.052597133371464266	F	NaN	NaN	NaN
	53736	19.050894763466147	0.04870267046803542	F	NaN	NaN	NaN
	53737	19.122088756499952	0.050537833176728664	F	NaN	NaN	NaN
	53738	19.19202355197808	0.05717841956393427	F	NaN	NaN	NaN
	53739	19.26061047738078	0.06608750608144977	F	NaN	NaN	NaN
	53740	19.327779563968924	0.07572823232389049	F	NaN	NaN	NaN
	53741	19.393716836165165	0.08699038009891072	F	NaN	NaN	NaN
	53742	19.45839788786942	0.09754894853718413	F	NaN	NaN	NaN
	53743	19.52175954409116	0.10702322147541576	F	NaN	NaN	NaN
	53744	19.58373265773739	0.11560313109811537	F	NaN	NaN	NaN
	53745	19.64426407499911	0.12407314993562307	F	NaN	NaN	NaN
	53746	19.703277523296265	0.1320813192870037	F	NaN	NaN	NaN
	53747	19.760886518964963	0.1399506483527786	F	NaN	NaN	NaN
	53748	19.818099249661216	0.14656023099776655	F	NaN	NaN	NaN
	53749	19.874860038361756	0.15242783510244814	F	NaN	NaN	NaN
	53750	19.931071288087626	0.1573608612961693	F	NaN	NaN	NaN
	53751	19.986558671590828	0.16327985998926264	F	NaN	NaN	NaN
	53752	20.041023254078365	0.16915840524527212	F	NaN	NaN	NaN
	53753	20.094446464243543	0.1758930226524048	F	NaN	NaN	NaN
	53754	20.146608301050232	0.18376109578969738	F	NaN	NaN	NaN
	53755	20.197198421813706	0.19137774126971852	F	NaN	NaN	NaN
	53756	20.24625533690714	0.2012353725695089	F	NaN	NaN	NaN
	53757	20.29349142751386	0.21058750101841733	F	NaN	NaN	NaN
	53758	20.33862883104221	0.22064865915507087	F	NaN	NaN	NaN
	53759	20.381741195552852	0.23233795535157947	F	NaN	NaN	NaN
	53760	20.422451340456124	0.2421142207721475	F	NaN	NaN	NaN
	53761	20.460557771238314	0.24976636018561213	F	NaN	NaN	NaN
	53762	20.496236973105336	0.2563106895433459	F	NaN	NaN	NaN
	53763	20.52886395578003	0.2620192450846033	F	NaN	NaN	NaN
	53764	20.55843950190862	0.26687243636844965	F	NaN	NaN	NaN
	53765	20.583586285762284	0.27051216280725376	F	NaN	NaN	NaN
	53766	20.601388418197832	0.28342217376145684	F	NaN	NaN	NaN
	53767	20.61610038372352	0.29965716523604097	F	NaN	NaN	NaN
	53768	20.632601160253554	0.3108359079179154	F	NaN	NaN	NaN
	53769	20.653549741592983	0.31054127029293377	F	NaN	NaN	NaN
	53770	20.67405208012193	0.30862806146273203	F	NaN	NaN	NaN
	53771	20.69337358714299	0.3061075719651319	F	NaN	NaN	NaN
	53772	20.711477644953007	0.3042259297700088	F	NaN	NaN	NaN
	53773	20.72835285856539	0.3036201675804259	F	NaN	NaN	NaN
	53774	20.744071787490018	0.3002833961925283	F	NaN	NaN	NaN
	53775	20.758642173218803	0.2975794257291704	F	NaN	NaN	NaN
	53776	20.772071757243666	0.29375307031586106	F	NaN	NaN	NaN
	53777	20.784368281056516	0.29029653493491203	F	NaN	NaN	NaN
	53778	20.795539486149274	0.28800968798693244	F	NaN	NaN	NaN
	53779	20.80559311401385	0.28486414673126986	F	NaN	NaN	NaN
	53780	20.814536906142155	0.2824153370076078	F	NaN	NaN	NaN
	53781	20.82230718147795	0.280177120100334	F	NaN	NaN	NaN
	53782	20.8289534760372	0.2771282822810007	F	NaN	NaN	NaN
	53783	20.83451448168033	0.27474427824959297	F	NaN	NaN	NaN
	53784	20.838997939899244	0.27375639862738643	F	NaN	NaN	NaN
	53785	20.84241159218585	0.2714308344199664	F	NaN	NaN	NaN
	53786	20.844763180032075	0.2721878525753164	F	NaN	NaN	NaN
	53787	20.846135799947014	0.27615071385779927	F	NaN	NaN	NaN
	53788	20.846354382618596	0.2783900154243538	F	NaN	NaN	NaN
	53789	20.845470770047708	0.2832987470324268	F	NaN	NaN	NaN
	53790	20.843408728396373	0.28923051217123574	F	NaN	NaN	NaN
	53791	20.84016345224085	0.29841339861959754	F	NaN	NaN	NaN
	53792	20.835737814172777	0.3088759160839154	F	NaN	NaN	NaN
	53793	20.830172979660922	0.3204416382599721	F	NaN	NaN	NaN
	53794	20.823459707991283	0.3355248116521833	F	NaN	NaN	NaN
	53795	20.81563577816976	0.35299409620121736	F	NaN	NaN	NaN
	53796	20.806697005564992	0.3731283394935394	F	NaN	NaN	NaN
	53797	20.79666812800018	0.39246417561999114	F	NaN	NaN	NaN
	53798	20.785709593092946	0.41649922217520136	F	NaN	NaN	NaN
	53799	20.7738732614195	0.4429130282865127	F	NaN	NaN	NaN