###################### HEADER ######################
# SNNAME:	SN2004aw
###################### HEADER ######################


# FILTER B
#        MJD  MAG  MAGERR  Upperlimit  Instrument  Telescope  Source
	53086	18.089633622480154	0.07795280527402476	F	NaN	NaN	NaN
	53087	18.090310515988197	0.06093273850002933	F	NaN	NaN	NaN
	53088	18.10283401917347	0.05702631489341649	F	NaN	NaN	NaN
	53089	18.127828871589593	0.05800947512040601	F	NaN	NaN	NaN
	53090	18.166263700508413	0.05778864087895845	F	NaN	NaN	NaN
	53091	18.21578063501786	0.058454424133143286	F	NaN	NaN	NaN
	53092	18.27378141786148	0.05752160391546417	F	NaN	NaN	NaN
	53093	18.342513606317873	0.05581479191563765	F	NaN	NaN	NaN
	53094	18.420113542062605	0.0556350259541853	F	NaN	NaN	NaN
	53095	18.499258967563296	0.05808853671410329	F	NaN	NaN	NaN
	53096	18.578322264020105	0.061178291337546445	F	NaN	NaN	NaN
	53097	18.67085010251733	0.07525395026964203	F	NaN	NaN	NaN
	53098	18.75472703689925	0.07651413503690782	F	NaN	NaN	NaN
	53099	18.840366830469314	0.07559579895389623	F	NaN	NaN	NaN
	53100	18.926330385631488	0.0775641217983801	F	NaN	NaN	NaN
	53101	19.011191190937723	0.08206488475973142	F	NaN	NaN	NaN
	53102	19.093464404423518	0.08839008142058946	F	NaN	NaN	NaN
	53103	19.171801274936115	0.09419614802514961	F	NaN	NaN	NaN
	53104	19.244658997182047	0.09544319686701583	F	NaN	NaN	NaN
	53105	19.31025523635844	0.08696157462695957	F	NaN	NaN	NaN
	53106	19.3694163452765	0.07339423552745633	F	NaN	NaN	NaN
	53107	19.427356929936696	0.06867670091921513	F	NaN	NaN	NaN
	53108	19.48946309790639	0.07082194207919809	F	NaN	NaN	NaN
	53109	19.557388433684963	0.0694060035705778	F	NaN	NaN	NaN
	53110	19.627605170678002	0.0681876954789758	F	NaN	NaN	NaN
	53111	19.696374795514654	0.06722991773658944	F	NaN	NaN	NaN
	53112	19.763553691308513	0.0645746468447223	F	NaN	NaN	NaN
	53113	19.83290150436584	0.0640068698739323	F	NaN	NaN	NaN
	53114	19.895430171611906	0.06866968818283141	F	NaN	NaN	NaN
	53115	19.949171180531113	0.06795535876535183	F	NaN	NaN	NaN
	53116	19.998204430758435	0.06617776964851045	F	NaN	NaN	NaN
	53117	20.041792419073982	0.06252158288473517	F	NaN	NaN	NaN
	53118	20.07999144932189	0.06378963609263912	F	NaN	NaN	NaN
	53119	20.113405083639435	0.07245800449786229	F	NaN	NaN	NaN
	53120	20.14918009068464	0.08102074737720247	F	NaN	NaN	NaN
	53121	20.18675428249493	0.08542870326481462	F	NaN	NaN	NaN
	53122	20.222276205068063	0.09214947633770912	F	NaN	NaN	NaN
	53123	20.256874383796976	0.09536453036322723	F	NaN	NaN	NaN
	53124	20.290480772632588	0.1002894743630739	F	NaN	NaN	NaN
	53125	20.323024527519998	0.1081066744215016	F	NaN	NaN	NaN
	53126	20.35444347617597	0.1157072901504824	F	NaN	NaN	NaN
	53127	20.38466642099169	0.12271285982163221	F	NaN	NaN	NaN
	53128	20.41362529563432	0.126614606373954	F	NaN	NaN	NaN
	53129	20.441252033770994	0.12638615872659908	F	NaN	NaN	NaN
	53130	20.467555517435013	0.12305391121385742	F	NaN	NaN	NaN
	53131	20.492643504815874	0.11885170076545837	F	NaN	NaN	NaN
	53132	20.5164338337347	0.11449434699862783	F	NaN	NaN	NaN
	53133	20.538810992631756	0.11047451164701688	F	NaN	NaN	NaN
	53134	20.559675188188745	0.1070575477580277	F	NaN	NaN	NaN
	53135	20.578917816898066	0.10903245149163376	F	NaN	NaN	NaN
	53136	20.596436146754474	0.1168917310509172	F	NaN	NaN	NaN
	53137	20.61211705852403	0.13213814367012428	F	NaN	NaN	NaN
	53138	20.625854540121587	0.158943009834977	F	NaN	NaN	NaN

# FILTER I
#        MJD  MAG  MAGERR  Upperlimit  Instrument  Telescope  Source
	53086	16.86794979349236	0.06947582125944844	F	NaN	NaN	NaN
	53087	16.803195499645017	0.057914509915711565	F	NaN	NaN	NaN
	53088	16.744489579276223	0.048718766208766126	F	NaN	NaN	NaN
	53089	16.692189642007083	0.040947092731841925	F	NaN	NaN	NaN
	53090	16.645606676309775	0.03548981741071133	F	NaN	NaN	NaN
	53091	16.604705387246785	0.03141635637523733	F	NaN	NaN	NaN
	53092	16.569495653307346	0.029431120045065366	F	NaN	NaN	NaN
	53093	16.540246934823173	0.029343005787075636	F	NaN	NaN	NaN
	53094	16.51695970409951	0.030211464371310698	F	NaN	NaN	NaN
	53095	16.499216047266515	0.03165557165046401	F	NaN	NaN	NaN
	53096	16.48811743159825	0.033035997113767715	F	NaN	NaN	NaN
	53097	16.481667044710964	0.03462241600765918	F	NaN	NaN	NaN
	53098	16.481589647171862	0.03538759696584118	F	NaN	NaN	NaN
	53099	16.489571019569734	0.03521620721074059	F	NaN	NaN	NaN
	53100	16.504395584095633	0.03476163774187365	F	NaN	NaN	NaN
	53101	16.52492359789086	0.034356303650907014	F	NaN	NaN	NaN
	53102	16.550086602829076	0.03477405114913521	F	NaN	NaN	NaN
	53103	16.578749757445777	0.03580811473482072	F	NaN	NaN	NaN
	53104	16.60980810681466	0.03732952048394804	F	NaN	NaN	NaN
	53105	16.642128108035514	0.03937413103601934	F	NaN	NaN	NaN
	53106	16.674588768001623	0.04036091326014488	F	NaN	NaN	NaN
	53107	16.706078954520184	0.04035804100088452	F	NaN	NaN	NaN
	53108	16.73674770581108	0.04012158783079646	F	NaN	NaN	NaN
	53109	16.769341529257687	0.03853511789046796	F	NaN	NaN	NaN
	53110	16.80331489021866	0.03759555762418291	F	NaN	NaN	NaN
	53111	16.837894642065443	0.037214899728335575	F	NaN	NaN	NaN
	53112	16.872306997964973	0.03726612769862694	F	NaN	NaN	NaN
	53113	16.905795666887787	0.037269460134081965	F	NaN	NaN	NaN
	53114	16.939267322117082	0.0358318568190192	F	NaN	NaN	NaN
	53115	16.97333341102183	0.03428030485630743	F	NaN	NaN	NaN
	53116	17.007527265669857	0.0339942645954537	F	NaN	NaN	NaN
	53117	17.04137902651004	0.034601630291710456	F	NaN	NaN	NaN
	53118	17.074420012224913	0.035735798144232465	F	NaN	NaN	NaN
	53119	17.106190244372787	0.03668417510527378	F	NaN	NaN	NaN
	53120	17.137199032823272	0.03728680262241802	F	NaN	NaN	NaN
	53121	17.16796714902772	0.03766582248036931	F	NaN	NaN	NaN
	53122	17.198462461162325	0.03798433768160301	F	NaN	NaN	NaN
	53123	17.228653296369526	0.038430801813783555	F	NaN	NaN	NaN
	53124	17.258507769482584	0.03873038350087987	F	NaN	NaN	NaN
	53125	17.287993005203628	0.03904655704824228	F	NaN	NaN	NaN
	53126	17.31707918063416	0.039200445351011776	F	NaN	NaN	NaN
	53127	17.345733315790504	0.03944712992326473	F	NaN	NaN	NaN
	53128	17.37392351600131	0.03993931615922556	F	NaN	NaN	NaN
	53129	17.401617886595215	0.04047714357751739	F	NaN	NaN	NaN
	53130	17.42881659421205	0.041304144306049645	F	NaN	NaN	NaN
	53131	17.45558545607451	0.042012234563453356	F	NaN	NaN	NaN
	53132	17.481934056987928	0.04273281413621062	F	NaN	NaN	NaN
	53133	17.50786053179431	0.044526261683878625	F	NaN	NaN	NaN
	53134	17.533367834852083	0.046902730936416524	F	NaN	NaN	NaN
	53135	17.558456270136695	0.05025565352297527	F	NaN	NaN	NaN
	53136	17.583127627222673	0.054703627723182074	F	NaN	NaN	NaN
	53137	17.607381514418247	0.05898367136731711	F	NaN	NaN	NaN
	53138	17.631219533684323	0.06460761923148596	F	NaN	NaN	NaN
	53139	17.654637214275706	0.07060492806188393	F	NaN	NaN	NaN
	53140	17.677647941678686	0.07728815616832205	F	NaN	NaN	NaN
	53141	17.700246468959456	0.08462942520277936	F	NaN	NaN	NaN
	53142	17.722426514490532	0.0923682190498391	F	NaN	NaN	NaN
	53143	17.74419622704959	0.10145423499752668	F	NaN	NaN	NaN
	53144	17.765556523237635	0.11116641463669619	F	NaN	NaN	NaN
	53145	17.78650831965566	0.12082143452099256	F	NaN	NaN	NaN

# FILTER R
#        MJD  MAG  MAGERR  Upperlimit  Instrument  Telescope  Source
	53086	17.122990487810537	0.05325539358489973	F	NaN	NaN	NaN
	53087	17.078221477509782	0.04505201721757503	F	NaN	NaN	NaN
	53088	17.038504957918466	0.03815007811205122	F	NaN	NaN	NaN
	53089	17.004016807773034	0.032896695143462086	F	NaN	NaN	NaN
	53090	16.974512658326844	0.02944359958616171	F	NaN	NaN	NaN
	53091	16.949898346177594	0.02778389867764413	F	NaN	NaN	NaN
	53092	16.930086296405076	0.027325757151678502	F	NaN	NaN	NaN
	53093	16.915230459827633	0.028075679789634607	F	NaN	NaN	NaN
	53094	16.905436767349798	0.02903931720770423	F	NaN	NaN	NaN
	53095	16.900415557561246	0.03031495859052375	F	NaN	NaN	NaN
	53096	16.90039661172763	0.03144661359394104	F	NaN	NaN	NaN
	53097	16.906585180962253	0.0324092180384863	F	NaN	NaN	NaN
	53098	16.92054809107842	0.033364946283995646	F	NaN	NaN	NaN
	53099	16.94078283429064	0.03585332547836691	F	NaN	NaN	NaN
	53100	16.965520751681264	0.039185190869091356	F	NaN	NaN	NaN
	53101	16.99307605081779	0.04313913442122694	F	NaN	NaN	NaN
	53102	17.021791866015533	0.04581188350695136	F	NaN	NaN	NaN
	53103	17.05188666317905	0.04541126590529901	F	NaN	NaN	NaN
	53104	17.08721793286898	0.04331450324255922	F	NaN	NaN	NaN
	53105	17.126494995881533	0.04031968138045125	F	NaN	NaN	NaN
	53106	17.168065878004274	0.03973724063922017	F	NaN	NaN	NaN
	53107	17.210299347272088	0.03982585326533343	F	NaN	NaN	NaN
	53108	17.251738826366335	0.03919794877752486	F	NaN	NaN	NaN
	53109	17.296394504369434	0.03730882944206104	F	NaN	NaN	NaN
	53110	17.343849956672862	0.036228889727066046	F	NaN	NaN	NaN
	53111	17.390516957147824	0.035586068022138935	F	NaN	NaN	NaN
	53112	17.435758803998773	0.03363925518512658	F	NaN	NaN	NaN
	53113	17.48479396896383	0.03126201122278645	F	NaN	NaN	NaN
	53114	17.535154261078482	0.029718558039060636	F	NaN	NaN	NaN
	53115	17.58382261694575	0.03007838466484357	F	NaN	NaN	NaN
	53116	17.627844789765312	0.030796997895192427	F	NaN	NaN	NaN
	53117	17.66937616663941	0.03143671031405924	F	NaN	NaN	NaN
	53118	17.710502365643034	0.03183105317459926	F	NaN	NaN	NaN
	53119	17.750325571749233	0.0325230676413762	F	NaN	NaN	NaN
	53120	17.78835993452026	0.03327282396171581	F	NaN	NaN	NaN
	53121	17.825341086546256	0.03373684068124804	F	NaN	NaN	NaN
	53122	17.861335210085933	0.03376296387257588	F	NaN	NaN	NaN
	53123	17.896347668639947	0.03319005705135673	F	NaN	NaN	NaN
	53124	17.93038295903147	0.03305637261024862	F	NaN	NaN	NaN
	53125	17.963443155952685	0.032775445728644784	F	NaN	NaN	NaN
	53126	17.99553797318891	0.03251308661268063	F	NaN	NaN	NaN
	53127	18.02666901345988	0.032289213679154584	F	NaN	NaN	NaN
	53128	18.056840774929206	0.032115532009098655	F	NaN	NaN	NaN
	53129	18.086057755760518	0.03185827612417118	F	NaN	NaN	NaN
	53130	18.11432788388534	0.031761446105394525	F	NaN	NaN	NaN
	53131	18.141648004806846	0.03164509589604544	F	NaN	NaN	NaN
	53132	18.16802968112699	0.03151280683339447	F	NaN	NaN	NaN
	53133	18.19347682733305	0.03203294250583701	F	NaN	NaN	NaN
	53134	18.218000918283174	0.03266413356674673	F	NaN	NaN	NaN
	53135	18.241600375402264	0.03375520095678905	F	NaN	NaN	NaN
	53136	18.26427690198059	0.035618205173753636	F	NaN	NaN	NaN
	53137	18.286027369724074	0.03729822927627462	F	NaN	NaN	NaN
	53138	18.306853065748122	0.04050189660860767	F	NaN	NaN	NaN
	53139	18.326743339795826	0.04462133371633119	F	NaN	NaN	NaN
	53140	18.345716413953546	0.050187287428998355	F	NaN	NaN	NaN
	53141	18.36376659223926	0.05594389381899323	F	NaN	NaN	NaN
	53142	18.38089366096429	0.06261581644260975	F	NaN	NaN	NaN
	53143	18.397095947451806	0.06961377783685048	F	NaN	NaN	NaN
	53144	18.41236010326945	0.0771250271584492	F	NaN	NaN	NaN
	53145	18.42670050140161	0.08539969843902027	F	NaN	NaN	NaN

# FILTER V
#        MJD  MAG  MAGERR  Upperlimit  Instrument  Telescope  Source
	53086	17.40591310024578	0.07557876272276215	F	NaN	NaN	NaN
	53087	17.37659889937264	0.06081676292914334	F	NaN	NaN	NaN
	53088	17.353505531820282	0.047845268442382266	F	NaN	NaN	NaN
	53089	17.336760330482097	0.03962654699156963	F	NaN	NaN	NaN
	53090	17.3261215240134	0.03534179534448931	F	NaN	NaN	NaN
	53091	17.321528571330926	0.034064070351406996	F	NaN	NaN	NaN
	53092	17.322925398753377	0.03518428846298536	F	NaN	NaN	NaN
	53093	17.33070190850063	0.03750816716409831	F	NaN	NaN	NaN
	53094	17.344915744988512	0.04050098834020986	F	NaN	NaN	NaN
	53095	17.36654126546625	0.043296839877575294	F	NaN	NaN	NaN
	53096	17.395124217883662	0.046163585695413	F	NaN	NaN	NaN
	53097	17.429287519052703	0.04667853952385219	F	NaN	NaN	NaN
	53098	17.47300575810492	0.04591308847028243	F	NaN	NaN	NaN
	53099	17.523308828496766	0.04661431895955598	F	NaN	NaN	NaN
	53100	17.57690663870191	0.04891277123233162	F	NaN	NaN	NaN
	53101	17.630637645370935	0.05195588359560174	F	NaN	NaN	NaN
	53102	17.681324417697894	0.05330280499844896	F	NaN	NaN	NaN
	53103	17.730284976692296	0.05208173109952837	F	NaN	NaN	NaN
	53104	17.783056791889408	0.05033981029031536	F	NaN	NaN	NaN
	53105	17.832160784188893	0.0475799632208703	F	NaN	NaN	NaN
	53106	17.881483781630013	0.044141202788112226	F	NaN	NaN	NaN
	53107	17.931166130700582	0.04283306598090378	F	NaN	NaN	NaN
	53108	17.980889316150716	0.043391002279832794	F	NaN	NaN	NaN
	53109	18.03107951527684	0.04202203111477991	F	NaN	NaN	NaN
	53110	18.081685958053672	0.04005275357044224	F	NaN	NaN	NaN
	53111	18.132261623025226	0.03999342947499241	F	NaN	NaN	NaN
	53112	18.183125350026323	0.03961566011209502	F	NaN	NaN	NaN
	53113	18.23558904449612	0.03771031422499319	F	NaN	NaN	NaN
	53114	18.288422542241232	0.03584179525070097	F	NaN	NaN	NaN
	53115	18.340234431305532	0.03490433198267291	F	NaN	NaN	NaN
	53116	18.38967677333498	0.034657383906064605	F	NaN	NaN	NaN
	53117	18.438604135126432	0.035260266648426464	F	NaN	NaN	NaN
	53118	18.485996318600666	0.0368338851265389	F	NaN	NaN	NaN
	53119	18.53334474364796	0.039773843485247914	F	NaN	NaN	NaN
	53120	18.576914064057213	0.041339283751425454	F	NaN	NaN	NaN
	53121	18.61874812359511	0.04262386764704869	F	NaN	NaN	NaN
	53122	18.659275661404614	0.04446611493881711	F	NaN	NaN	NaN
	53123	18.698342454960137	0.04633571741692874	F	NaN	NaN	NaN
	53124	18.73579326701942	0.04724594251591313	F	NaN	NaN	NaN
	53125	18.771601676979593	0.047815654025668675	F	NaN	NaN	NaN
	53126	18.806047788895324	0.04764706057053773	F	NaN	NaN	NaN
	53127	18.839103639574205	0.04791010954806421	F	NaN	NaN	NaN
	53128	18.870721745123312	0.04838323111196992	F	NaN	NaN	NaN
	53129	18.900854621649703	0.048509576861169676	F	NaN	NaN	NaN
	53130	18.929460499753016	0.04850016573619889	F	NaN	NaN	NaN
	53131	18.956479298568155	0.048527075822070165	F	NaN	NaN	NaN
	53132	18.9818754021153	0.04807245319337009	F	NaN	NaN	NaN
	53133	19.005642836656037	0.04788752191809379	F	NaN	NaN	NaN
	53134	19.02784205496529	0.04855236045628236	F	NaN	NaN	NaN
	53135	19.048495117827468	0.050416035411042476	F	NaN	NaN	NaN
	53136	19.067629546836276	0.053155184275291104	F	NaN	NaN	NaN
	53137	19.085264965759738	0.05678569030138525	F	NaN	NaN	NaN
	53138	19.101428222509472	0.0614066565182165	F	NaN	NaN	NaN
	53139	19.1161208381839	0.0677626029358795	F	NaN	NaN	NaN
	53140	19.129363968338065	0.07508743087378544	F	NaN	NaN	NaN
	53141	19.141137934097376	0.08395114854907448	F	NaN	NaN	NaN
	53142	19.151431825417745	0.09458447641133184	F	NaN	NaN	NaN
	53143	19.160232359386868	0.10696177862873477	F	NaN	NaN	NaN
	53144	19.167507073569386	0.12139237515354019	F	NaN	NaN	NaN
	53145	19.173268622788857	0.13704262925414595	F	NaN	NaN	NaN

# FILTER U
#        MJD  MAG  MAGERR  Upperlimit  Instrument  Telescope  Source
	53089	18.124803041507302	0.15905733211314965	F	NaN	NaN	NaN
	53090	18.23144575297835	0.13035928125688986	F	NaN	NaN	NaN
	53091	18.33801192196464	0.11174861921766444	F	NaN	NaN	NaN
	53092	18.44473077801483	0.10110895554317179	F	NaN	NaN	NaN
	53093	18.55196154299691	0.09970504852524165	F	NaN	NaN	NaN
	53094	18.65960111838716	0.10775003881603838	F	NaN	NaN	NaN
	53095	18.768081345202695	0.12019310812368819	F	NaN	NaN	NaN
	53096	18.875996607838555	0.1339771342666346	F	NaN	NaN	NaN
	53097	18.98469547773558	0.1480116829163165	F	NaN	NaN	NaN
	53098	19.096153736652674	0.16038025808031406	F	NaN	NaN	NaN
	53099	19.20910148624702	0.17181070328755024	F	NaN	NaN	NaN
	53100	19.32226882817582	0.18116859715590639	F	NaN	NaN	NaN
	53101	19.434385864096246	0.18877960774427838	F	NaN	NaN	NaN
	53102	19.544182695665487	0.1940641762703057	F	NaN	NaN	NaN
	53103	19.65038942454074	0.19726806664348928	F	NaN	NaN	NaN
	53104	19.757627232409742	0.19607439444700392	F	NaN	NaN	NaN
	53105	19.86978327982973	0.18969561506014496	F	NaN	NaN	NaN
	53106	19.984961557920695	0.17986918978203914	F	NaN	NaN	NaN
	53107	20.10126605780264	0.1679899381976798	F	NaN	NaN	NaN
	53108	20.216800770595576	0.15810666066747822	F	NaN	NaN	NaN
	53109	20.32953638725398	0.14784745080049377	F	NaN	NaN	NaN
	53110	20.437399148065357	0.14124966608512465	F	NaN	NaN	NaN
	53111	20.53856709403774	0.13878250833028266	F	NaN	NaN	NaN
	53112	20.631144216291148	0.13763561766405724	F	NaN	NaN	NaN
	53113	20.713234505945564	0.13617436745205647	F	NaN	NaN	NaN
	53114	20.78294195412099	0.13400941260976393	F	NaN	NaN	NaN
	53115	20.841560983307957	0.1317738310028661	F	NaN	NaN	NaN
	53116	20.897642691933225	0.1316616948692172	F	NaN	NaN	NaN
	53117	20.953005940635826	0.13193816032059205	F	NaN	NaN	NaN
	53118	21.005576021743607	0.13348395886185782	F	NaN	NaN	NaN
	53119	21.055257608777715	0.13511750008426693	F	NaN	NaN	NaN
	53120	21.101955375259294	0.1370940504948161	F	NaN	NaN	NaN
	53121	21.14513754099876	0.13976450331050688	F	NaN	NaN	NaN
	53122	21.18487915964624	0.1430887744193146	F	NaN	NaN	NaN
	53123	21.2212961309095	0.1459351512669846	F	NaN	NaN	NaN
	53124	21.25412499223199	0.1499970056964205	F	NaN	NaN	NaN
	53125	21.283899638821747	0.15588959381810413	F	NaN	NaN	NaN
	53126	21.31073597038656	0.16258368098102133	F	NaN	NaN	NaN
	53127	21.33441881591476	0.16783042543969023	F	NaN	NaN	NaN
	53128	21.355433779069504	0.1750370542232091	F	NaN	NaN	NaN
	53129	21.373896759558555	0.18256876547956125	F	NaN	NaN	NaN
	53130	21.38964087791518	0.19165068415715972	F	NaN	NaN	NaN
	53131	21.4031034462576	0.20275320875590663	F	NaN	NaN	NaN
	53132	21.414400364293595	0.2154028427496839	F	NaN	NaN	NaN
	53133	21.423279394819133	0.22999794773366233	F	NaN	NaN	NaN
	53134	21.42966232646463	0.24547504201757647	F	NaN	NaN	NaN
	53135	21.433531983382622	0.26648612370862446	F	NaN	NaN	NaN
	53136	21.4348711897256	0.2887320166129905	F	NaN	NaN	NaN