###################### HEADER ######################
# SNNAME:	SN2007uy
###################### HEADER ######################


# FILTER i
#        MJD  MAG  MAGERR  Upperlimit  Instrument  Telescope  Source
	54471	16.553631710067197	0.04321321339555784	F	NaN	NaN	NaN
	54472	16.410077018874933	0.03428989713449328	F	NaN	NaN	NaN
	54473	16.278683933293134	0.028346165103213885	F	NaN	NaN	NaN
	54474	16.159480601357636	0.024458049255604117	F	NaN	NaN	NaN
	54475	16.05250016127767	0.022373754688182913	F	NaN	NaN	NaN
	54476	15.957743119813625	0.021971584291202387	F	NaN	NaN	NaN
	54477	15.875224155183904	0.022087382565327347	F	NaN	NaN	NaN
	54478	15.804794381366289	0.02144454186803503	F	NaN	NaN	NaN
	54479	15.746552043768942	0.020667889275934093	F	NaN	NaN	NaN
	54480	15.701404209172694	0.020238165687273622	F	NaN	NaN	NaN
	54481	15.667288470839047	0.020342206400726766	F	NaN	NaN	NaN
	54482	15.643331876082327	0.02211643505098865	F	NaN	NaN	NaN
	54483	15.626330118550007	0.024649290656601108	F	NaN	NaN	NaN
	54484	15.61195387675545	0.026567886312085766	F	NaN	NaN	NaN
	54485	15.606034033016515	0.027914668923710098	F	NaN	NaN	NaN
	54486	15.611190658330829	0.028261901450418563	F	NaN	NaN	NaN
	54487	15.626469162658092	0.02749222591855556	F	NaN	NaN	NaN
	54488	15.650329043213093	0.026293512565155108	F	NaN	NaN	NaN
	54489	15.681229797210575	0.025488787300933825	F	NaN	NaN	NaN
	54490	15.71763092186531	0.025103598439620272	F	NaN	NaN	NaN
	54491	15.75799191439204	0.025220215264053904	F	NaN	NaN	NaN
	54492	15.80077227200554	0.025682840184273442	F	NaN	NaN	NaN
	54493	15.844431491920565	0.025880139058980706	F	NaN	NaN	NaN
	54494	15.887429071351866	0.025368126433968914	F	NaN	NaN	NaN
	54495	15.92940916472444	0.023659524931882107	F	NaN	NaN	NaN
	54496	15.974549101456763	0.02170789861820721	F	NaN	NaN	NaN
	54497	16.025857489904514	0.019975774000287026	F	NaN	NaN	NaN
	54498	16.08020405668511	0.019405216513072553	F	NaN	NaN	NaN
	54499	16.13554355560803	0.01948108849084082	F	NaN	NaN	NaN
	54500	16.18795067979123	0.020983815137079753	F	NaN	NaN	NaN
	54501	16.240283025949413	0.022756863904925855	F	NaN	NaN	NaN
	54502	16.291340463391318	0.024515646081704316	F	NaN	NaN	NaN
	54503	16.34001854073927	0.024692739050413796	F	NaN	NaN	NaN
	54504	16.38777642899211	0.023199699037487326	F	NaN	NaN	NaN
	54505	16.433748981054148	0.023042221159073367	F	NaN	NaN	NaN
	54506	16.4773235426378	0.023585806609601464	F	NaN	NaN	NaN
	54507	16.520106418254258	0.024745970263576625	F	NaN	NaN	NaN
	54508	16.56140242400244	0.026575923408452842	F	NaN	NaN	NaN
	54509	16.60020804233018	0.028911908938988547	F	NaN	NaN	NaN
	54510	16.635592150580283	0.02963182851848888	F	NaN	NaN	NaN
	54511	16.667352011236613	0.029468614985099378	F	NaN	NaN	NaN
	54512	16.69621641746707	0.028674219838578822	F	NaN	NaN	NaN
	54513	16.72262883972951	0.027447504516740558	F	NaN	NaN	NaN
	54514	16.7471303136529	0.026399762196908365	F	NaN	NaN	NaN
	54515	16.770261874866215	0.02591231409915523	F	NaN	NaN	NaN
	54516	16.79256455899843	0.025999565185482	F	NaN	NaN	NaN
	54517	16.814579401678504	0.02639674148807237	F	NaN	NaN	NaN
	54518	16.836847438535425	0.027195332536029668	F	NaN	NaN	NaN
	54519	16.859909705198152	0.02801171160980946	F	NaN	NaN	NaN
	54520	16.884307237295662	0.02852792180005814	F	NaN	NaN	NaN
	54521	16.909273546309098	0.028580978391999246	F	NaN	NaN	NaN
	54522	16.932748076360248	0.028544705266604818	F	NaN	NaN	NaN
	54523	16.955663058761875	0.02883699530206034	F	NaN	NaN	NaN
	54524	16.979144017860495	0.02848149639594075	F	NaN	NaN	NaN
	54525	17.00370497041919	0.0280629533688816	F	NaN	NaN	NaN
	54526	17.028271091512465	0.027008470304530997	F	NaN	NaN	NaN
	54527	17.052781955062542	0.026375928672932182	F	NaN	NaN	NaN
	54528	17.077253859111565	0.026776294119497352	F	NaN	NaN	NaN
	54529	17.101703000718935	0.02840154052565398	F	NaN	NaN	NaN
	54530	17.126145354903063	0.030248454131867213	F	NaN	NaN	NaN
	54531	17.15059689668234	0.03197522042132836	F	NaN	NaN	NaN
	54532	17.175002388394127	0.032445583514108575	F	NaN	NaN	NaN
	54533	17.199272719477396	0.03210319928986011	F	NaN	NaN	NaN
	54534	17.223428615987725	0.030765338578127813	F	NaN	NaN	NaN
	54535	17.247494028154904	0.03009721019651226	F	NaN	NaN	NaN
	54536	17.271492906208714	0.02996379422229068	F	NaN	NaN	NaN
	54537	17.295449330261167	0.030131148136541896	F	NaN	NaN	NaN
	54538	17.31884458489834	0.030167335066124533	F	NaN	NaN	NaN
	54539	17.34202163228702	0.02985511829493285	F	NaN	NaN	NaN
	54540	17.36584613668981	0.029818101807235653	F	NaN	NaN	NaN
	54541	17.389272647614874	0.02968746912915629	F	NaN	NaN	NaN
	54542	17.412451527323437	0.03003531297168143	F	NaN	NaN	NaN
	54543	17.43554721522814	0.030624930257106095	F	NaN	NaN	NaN
	54544	17.458728889168405	0.03148728395710643	F	NaN	NaN	NaN
	54545	17.482161907021965	0.032732005812949855	F	NaN	NaN	NaN
	54546	17.506008543191736	0.033872633640206845	F	NaN	NaN	NaN
	54547	17.530446187606117	0.034691002840307	F	NaN	NaN	NaN
	54548	17.554774154712284	0.03652068785874879	F	NaN	NaN	NaN
	54549	17.578973512346366	0.03971741739464626	F	NaN	NaN	NaN
	54550	17.604118852805563	0.04088172781926834	F	NaN	NaN	NaN
	54551	17.629182678472688	0.04172832590166961	F	NaN	NaN	NaN
	54552	17.65410122189857	0.0429576881874491	F	NaN	NaN	NaN
	54553	17.67886698780393	0.044410522188303006	F	NaN	NaN	NaN
	54554	17.70347191237377	0.04614713760001817	F	NaN	NaN	NaN
	54555	17.727909372836148	0.047806283431929525	F	NaN	NaN	NaN
	54556	17.7521712546032	0.04924126406844498	F	NaN	NaN	NaN
	54557	17.776249979935045	0.05041269320912263	F	NaN	NaN	NaN
	54558	17.800137971091797	0.05104205068266463	F	NaN	NaN	NaN
	54559	17.823780950986034	0.0511211074096936	F	NaN	NaN	NaN
	54560	17.84716148281993	0.050816448743680714	F	NaN	NaN	NaN
	54561	17.870292471195157	0.05009388504716225	F	NaN	NaN	NaN
	54562	17.89317191761283	0.049278795215697425	F	NaN	NaN	NaN
	54563	17.91585198471768	0.04858511662472788	F	NaN	NaN	NaN
	54564	17.938311829430265	0.04817644067074782	F	NaN	NaN	NaN
	54565	17.96060466968772	0.04840476216759321	F	NaN	NaN	NaN
	54566	17.98273174239577	0.0489621929470386	F	NaN	NaN	NaN
	54567	18.004715705888696	0.0499376912228798	F	NaN	NaN	NaN
	54568	18.026582180632865	0.05155123011866514	F	NaN	NaN	NaN
	54569	18.04833561744413	0.05288957760270644	F	NaN	NaN	NaN
	54570	18.070011167159674	0.054290651269627344	F	NaN	NaN	NaN
	54571	18.09161492847755	0.055412488827972284	F	NaN	NaN	NaN
	54572	18.11317381008026	0.05668361354161647	F	NaN	NaN	NaN
	54573	18.134704388494185	0.0577603913318976	F	NaN	NaN	NaN
	54574	18.15622422910116	0.0579374263159151	F	NaN	NaN	NaN
	54575	18.177753670996776	0.05783383784631439	F	NaN	NaN	NaN
	54576	18.198801865623242	0.056917913310540594	F	NaN	NaN	NaN
	54577	18.218782496826748	0.05535816166775027	F	NaN	NaN	NaN
	54578	18.238792566439134	0.054495122357053505	F	NaN	NaN	NaN
	54579	18.259992925591096	0.05326931730524806	F	NaN	NaN	NaN
	54580	18.28199792910113	0.05250543735331467	F	NaN	NaN	NaN
	54581	18.303259292753236	0.05179216586630667	F	NaN	NaN	NaN
	54582	18.324301636037777	0.051750279267876224	F	NaN	NaN	NaN
	54583	18.345694409685876	0.05233941791891873	F	NaN	NaN	NaN
	54584	18.368002625806817	0.0534090407408896	F	NaN	NaN	NaN
	54585	18.391803073420963	0.05439311174277059	F	NaN	NaN	NaN
	54586	18.41711686910462	0.05499457787864011	F	NaN	NaN	NaN
	54587	18.44308063583915	0.055609289960677474	F	NaN	NaN	NaN
	54588	18.469492615732907	0.05674071571995421	F	NaN	NaN	NaN
	54589	18.496166025016628	0.058335246565207666	F	NaN	NaN	NaN
	54590	18.522914079921026	0.06008898911136515	F	NaN	NaN	NaN
	54591	18.54955580992667	0.061932444643744894	F	NaN	NaN	NaN
	54592	18.576143056199623	0.06455091339143824	F	NaN	NaN	NaN
	54593	18.602902298825498	0.06714747172287237	F	NaN	NaN	NaN
	54594	18.63006347829213	0.07048230947052318	F	NaN	NaN	NaN
	54595	18.657298036952028	0.07315639805520197	F	NaN	NaN	NaN
	54596	18.685084796311223	0.07706196483756048	F	NaN	NaN	NaN
	54597	18.71306558995446	0.08111327364600374	F	NaN	NaN	NaN
	54598	18.74121074246974	0.08670830389291723	F	NaN	NaN	NaN
	54599	18.769536549596133	0.09209832547537508	F	NaN	NaN	NaN
	54600	18.79804227809114	0.0982193684238847	F	NaN	NaN	NaN
	54601	18.826744054429483	0.10551020831163507	F	NaN	NaN	NaN
	54602	18.85564139163733	0.11394968968333113	F	NaN	NaN	NaN
	54603	18.88475009291644	0.1222108280136524	F	NaN	NaN	NaN
	54604	18.914077690138487	0.13167973471850652	F	NaN	NaN	NaN
	54605	18.943615991072146	0.1419826242863878	F	NaN	NaN	NaN
	54606	18.97339557036653	0.1528181026034461	F	NaN	NaN	NaN
	54607	19.003412229480407	0.16393725932000336	F	NaN	NaN	NaN
	54608	19.033665028687555	0.17689506884353853	F	NaN	NaN	NaN
	54609	19.064183362447523	0.19047729174142414	F	NaN	NaN	NaN
	54610	19.09496194332029	0.20487857002173648	F	NaN	NaN	NaN
	54611	19.125998984501386	0.21935171866195208	F	NaN	NaN	NaN
	54612	19.15732580248421	0.2352748310934411	F	NaN	NaN	NaN
	54613	19.18893604881631	0.25160815754804566	F	NaN	NaN	NaN
	54614	19.22082707567179	0.2685938690644563	F	NaN	NaN	NaN
	54615	19.253032107634738	0.28758504169165616	F	NaN	NaN	NaN

# FILTER r
#        MJD  MAG  MAGERR  Upperlimit  Instrument  Telescope  Source
	54471	16.454669934881718	0.03920142133686358	F	NaN	NaN	NaN
	54472	16.31895715364111	0.031537183181157	F	NaN	NaN	NaN
	54473	16.19453442401228	0.025318184969363687	F	NaN	NaN	NaN
	54474	16.081529157733964	0.021390150102189698	F	NaN	NaN	NaN
	54475	15.98009096756662	0.018833059363256174	F	NaN	NaN	NaN
	54476	15.889944067803775	0.017614290832391705	F	NaN	NaN	NaN
	54477	15.811094525059703	0.017071005308072193	F	NaN	NaN	NaN
	54478	15.743052821141795	0.01670693779206103	F	NaN	NaN	NaN
	54479	15.68584335744587	0.01660367681274117	F	NaN	NaN	NaN
	54480	15.640466994146836	0.016726076916838462	F	NaN	NaN	NaN
	54481	15.605100118874619	0.01761106562411478	F	NaN	NaN	NaN
	54482	15.579389595103882	0.019239941929720717	F	NaN	NaN	NaN
	54483	15.562367026867326	0.021292106530575877	F	NaN	NaN	NaN
	54484	15.553159824875621	0.02325481259168488	F	NaN	NaN	NaN
	54485	15.552897446286437	0.024317808903638195	F	NaN	NaN	NaN
	54486	15.565930608823814	0.024325284827803474	F	NaN	NaN	NaN
	54487	15.591334925512664	0.023561192398688424	F	NaN	NaN	NaN
	54488	15.627103720834938	0.022718471294366473	F	NaN	NaN	NaN
	54489	15.671230319272514	0.022209020160146226	F	NaN	NaN	NaN
	54490	15.721708045307302	0.02211390822970255	F	NaN	NaN	NaN
	54491	15.776530223421227	0.022550160296014102	F	NaN	NaN	NaN
	54492	15.83369017809618	0.02303786624156334	F	NaN	NaN	NaN
	54493	15.891181233814077	0.023347405375032493	F	NaN	NaN	NaN
	54494	15.946996715056823	0.023037154788068663	F	NaN	NaN	NaN
	54495	16.00094668218295	0.021713275212724824	F	NaN	NaN	NaN
	54496	16.058644404283317	0.019899393952351758	F	NaN	NaN	NaN
	54497	16.120429548918032	0.018587235162112033	F	NaN	NaN	NaN
	54498	16.184963306256	0.018627213112013225	F	NaN	NaN	NaN
	54499	16.24965026818581	0.019328103103287933	F	NaN	NaN	NaN
	54500	16.310965301037605	0.020692673261753933	F	NaN	NaN	NaN
	54501	16.37171968273728	0.0219900572502654	F	NaN	NaN	NaN
	54502	16.430290548203338	0.023056517977115148	F	NaN	NaN	NaN
	54503	16.4850764288292	0.022699705157602112	F	NaN	NaN	NaN
	54504	16.537431203583118	0.02101392405406396	F	NaN	NaN	NaN
	54505	16.587406365175372	0.020108155665287578	F	NaN	NaN	NaN
	54506	16.634902250974974	0.020304176067020036	F	NaN	NaN	NaN
	54507	16.68015347161335	0.020765680431768227	F	NaN	NaN	NaN
	54508	16.722727998911004	0.021963526848567623	F	NaN	NaN	NaN
	54509	16.762957580776547	0.024210741733411038	F	NaN	NaN	NaN
	54510	16.800969070240352	0.02595408951885693	F	NaN	NaN	NaN
	54511	16.836398247727114	0.02678628264742705	F	NaN	NaN	NaN
	54512	16.868977519180934	0.026910183539766777	F	NaN	NaN	NaN
	54513	16.898960967094975	0.02661537735819406	F	NaN	NaN	NaN
	54514	16.92671103644147	0.025782344267112865	F	NaN	NaN	NaN
	54515	16.952590172192654	0.02490969070160621	F	NaN	NaN	NaN
	54516	16.97696081932076	0.024416928634541216	F	NaN	NaN	NaN
	54517	17.00018542279803	0.024108333296427722	F	NaN	NaN	NaN
	54518	17.022626427596688	0.024291078604811195	F	NaN	NaN	NaN
	54519	17.04464627868897	0.024749871298202497	F	NaN	NaN	NaN
	54520	17.066607421047117	0.025415304335038157	F	NaN	NaN	NaN
	54521	17.08885119853695	0.026431708032525154	F	NaN	NaN	NaN
	54522	17.11177321919918	0.026951060656864378	F	NaN	NaN	NaN
	54523	17.135722801874195	0.027156040230001524	F	NaN	NaN	NaN
	54524	17.157854122798586	0.027786036306016615	F	NaN	NaN	NaN
	54525	17.181583787801028	0.027494761313517826	F	NaN	NaN	NaN
	54526	17.205379216637454	0.02678324626237339	F	NaN	NaN	NaN
	54527	17.228704988669033	0.025913479201356424	F	NaN	NaN	NaN
	54528	17.251604241641385	0.024816155527520208	F	NaN	NaN	NaN
	54529	17.274119206559863	0.023915398647043326	F	NaN	NaN	NaN
	54530	17.296290713101598	0.023496406788603978	F	NaN	NaN	NaN
	54531	17.31815959094371	0.023243224749455803	F	NaN	NaN	NaN
	54532	17.339768191599063	0.023537410303958686	F	NaN	NaN	NaN
	54533	17.3611539977004	0.023958530902436815	F	NaN	NaN	NaN
	54534	17.382359561367714	0.0245105086469364	F	NaN	NaN	NaN
	54535	17.40342581094183	0.025096733168351995	F	NaN	NaN	NaN
	54536	17.424393674763557	0.0255125000623391	F	NaN	NaN	NaN
	54537	17.44474796423065	0.02561604102225023	F	NaN	NaN	NaN
	54538	17.46527311332605	0.02552894944299733	F	NaN	NaN	NaN
	54539	17.485291119766224	0.0255163688556675	F	NaN	NaN	NaN
	54540	17.504880985109093	0.025333378002218927	F	NaN	NaN	NaN
	54541	17.524175912429897	0.025336500690805813	F	NaN	NaN	NaN
	54542	17.543298825285117	0.025600690151183037	F	NaN	NaN	NaN
	54543	17.562372601619906	0.025922584870006794	F	NaN	NaN	NaN
	54544	17.58152357219655	0.026549899153027145	F	NaN	NaN	NaN
	54545	17.600877378648867	0.02715922401916132	F	NaN	NaN	NaN
	54546	17.620558287744874	0.02778962647923835	F	NaN	NaN	NaN
	54547	17.640693305418267	0.0282976833274421	F	NaN	NaN	NaN
	54548	17.658607323119064	0.0296747557319013	F	NaN	NaN	NaN
	54549	17.67530983080371	0.032337460890361394	F	NaN	NaN	NaN
	54550	17.69584112003878	0.03308983708580687	F	NaN	NaN	NaN
	54551	17.716673386831957	0.03401048968599392	F	NaN	NaN	NaN
	54552	17.73757591827405	0.03522945701980269	F	NaN	NaN	NaN
	54553	17.75853448337559	0.036290277684188965	F	NaN	NaN	NaN
	54554	17.779535026820156	0.037467377541864064	F	NaN	NaN	NaN
	54555	17.800563201440855	0.038898599976513015	F	NaN	NaN	NaN
	54556	17.82160498974667	0.04006115104628041	F	NaN	NaN	NaN
	54557	17.842646229405823	0.04077646170858157	F	NaN	NaN	NaN
	54558	17.863672758086533	0.04121616923845059	F	NaN	NaN	NaN
	54559	17.88479292278379	0.040724752878482276	F	NaN	NaN	NaN
	54560	17.906120625875534	0.04048463697863259	F	NaN	NaN	NaN
	54561	17.9276278275088	0.04018778733445224	F	NaN	NaN	NaN
	54562	17.94929287412083	0.03995854734126383	F	NaN	NaN	NaN
	54563	17.971060785025855	0.03929999849381912	F	NaN	NaN	NaN
	54564	17.992912536875377	0.039250967118501186	F	NaN	NaN	NaN
	54565	18.014800835308854	0.0398379449282716	F	NaN	NaN	NaN
	54566	18.036692792419487	0.040389401416294615	F	NaN	NaN	NaN
	54567	18.058552183338346	0.04109775834057917	F	NaN	NaN	NaN
	54568	18.080346819033466	0.04199819297471671	F	NaN	NaN	NaN
	54569	18.102028007394622	0.043717857020546744	F	NaN	NaN	NaN
	54570	18.12358055824148	0.04540733912669148	F	NaN	NaN	NaN
	54571	18.144941485758	0.04668048829419198	F	NaN	NaN	NaN
	54572	18.166098878055326	0.04799479958182365	F	NaN	NaN	NaN
	54573	18.187015808781304	0.04875467161714648	F	NaN	NaN	NaN
	54574	18.2076373397003	0.049133669061423135	F	NaN	NaN	NaN
	54575	18.22793561162741	0.049201594837604806	F	NaN	NaN	NaN
	54576	18.247852686830925	0.04857565121719441	F	NaN	NaN	NaN
	54577	18.267460409307617	0.047042240417481604	F	NaN	NaN	NaN
	54578	18.287041834309797	0.045824224324069115	F	NaN	NaN	NaN
	54579	18.30688592159935	0.0447005570021358	F	NaN	NaN	NaN
	54580	18.326911491893156	0.04377035940704961	F	NaN	NaN	NaN
	54581	18.346727009080702	0.0426233740789387	F	NaN	NaN	NaN
	54582	18.366423251093423	0.04106430635288982	F	NaN	NaN	NaN
	54583	18.386101858690072	0.04013677877811521	F	NaN	NaN	NaN
	54584	18.405863947331742	0.04013880678623785	F	NaN	NaN	NaN
	54585	18.42581194168561	0.03956043139843138	F	NaN	NaN	NaN
	54586	18.445880789977867	0.03917225722696394	F	NaN	NaN	NaN
	54587	18.465865043337452	0.0390535883649647	F	NaN	NaN	NaN
	54588	18.48585276492901	0.039345359556948845	F	NaN	NaN	NaN
	54589	18.50594044063385	0.03980914978751613	F	NaN	NaN	NaN
	54590	18.526224556333275	0.04051542736685917	F	NaN	NaN	NaN
	54591	18.54667400733748	0.04153001695128006	F	NaN	NaN	NaN
	54592	18.56714009494534	0.04218486672456191	F	NaN	NaN	NaN
	54593	18.587675044994185	0.04341123762863138	F	NaN	NaN	NaN
	54594	18.608338492693434	0.044974890642238106	F	NaN	NaN	NaN
	54595	18.6291420469381	0.046498265004570244	F	NaN	NaN	NaN
	54596	18.650027139053158	0.04804322214131938	F	NaN	NaN	NaN
	54597	18.670994698062003	0.050416284479882514	F	NaN	NaN	NaN
	54598	18.692049390164218	0.05290537164607259	F	NaN	NaN	NaN
	54599	18.713193202680753	0.05565890680187514	F	NaN	NaN	NaN
	54600	18.73442637568549	0.058157243329520956	F	NaN	NaN	NaN
	54601	18.755745857368368	0.062058613747731264	F	NaN	NaN	NaN
	54602	18.7771515219482	0.06620807384842631	F	NaN	NaN	NaN
	54603	18.798642112900904	0.07038960040093058	F	NaN	NaN	NaN
	54604	18.820217996441826	0.07533885219043607	F	NaN	NaN	NaN
	54605	18.841870467637317	0.08047663119720497	F	NaN	NaN	NaN
	54606	18.863607140800337	0.08639012667780971	F	NaN	NaN	NaN
	54607	18.88542197312923	0.09305049021432316	F	NaN	NaN	NaN
	54608	18.907311242004575	0.10023190362974488	F	NaN	NaN	NaN
	54609	18.92928031685636	0.10722036319624809	F	NaN	NaN	NaN
	54610	18.951323438241477	0.1146378831675342	F	NaN	NaN	NaN
	54611	18.973436991526253	0.12287530548341316	F	NaN	NaN	NaN
	54612	18.995625957298003	0.1311514306376531	F	NaN	NaN	NaN
	54613	19.01788485446892	0.13964336488105925	F	NaN	NaN	NaN
	54614	19.04021017889269	0.1475527346680056	F	NaN	NaN	NaN
	54615	19.062606524815635	0.1578597949986363	F	NaN	NaN	NaN

# FILTER V
#        MJD  MAG  MAGERR  Upperlimit  Instrument  Telescope  Source
	54471	16.493521583843776	0.03898845650908369	F	NaN	NaN	NaN
	54472	16.35695455465034	0.031133406065054013	F	NaN	NaN	NaN
	54473	16.234242193922604	0.024860772815465233	F	NaN	NaN	NaN
	54474	16.125415426152735	0.02065282163034777	F	NaN	NaN	NaN
	54475	16.030456742698753	0.018262711848168734	F	NaN	NaN	NaN
	54476	15.949411889398464	0.01743366806680511	F	NaN	NaN	NaN
	54477	15.882327598019188	0.01714229880156243	F	NaN	NaN	NaN
	54478	15.82923041354211	0.017181030424394176	F	NaN	NaN	NaN
	54479	15.79002616920489	0.017222328343865577	F	NaN	NaN	NaN
	54480	15.764891207466384	0.017470276847628835	F	NaN	NaN	NaN
	54481	15.753595431416448	0.018861088739404463	F	NaN	NaN	NaN
	54482	15.755926969393908	0.01876341472451348	F	NaN	NaN	NaN
	54483	15.771948486172278	0.01924444939033909	F	NaN	NaN	NaN
	54484	15.800493333997634	0.021337293912574003	F	NaN	NaN	NaN
	54485	15.840795358068254	0.024477888504546824	F	NaN	NaN	NaN
	54486	15.892493692134302	0.028505901524376223	F	NaN	NaN	NaN
	54487	15.951994331442123	0.0337384085313588	F	NaN	NaN	NaN
	54488	16.01539739133088	0.038841977288105	F	NaN	NaN	NaN
	54489	16.078872824191055	0.043220889151976534	F	NaN	NaN	NaN
	54490	16.138914581389034	0.044099182861558804	F	NaN	NaN	NaN
	54491	16.20023725791895	0.03810542039727587	F	NaN	NaN	NaN
	54492	16.263498369745573	0.03369454587131186	F	NaN	NaN	NaN
	54493	16.32624914966221	0.031616772834940896	F	NaN	NaN	NaN
	54494	16.39111834739167	0.026580783847951303	F	NaN	NaN	NaN
	54495	16.456694710318402	0.022287452883006653	F	NaN	NaN	NaN
	54496	16.520885648769646	0.020418873799468253	F	NaN	NaN	NaN
	54497	16.586697604396004	0.02053691063973993	F	NaN	NaN	NaN
	54498	16.65287625873582	0.023255981490745283	F	NaN	NaN	NaN
	54499	16.718531010770864	0.024809026361352106	F	NaN	NaN	NaN
	54500	16.785355952904876	0.02435871310725353	F	NaN	NaN	NaN
	54501	16.85121707208817	0.02455007156791153	F	NaN	NaN	NaN
	54502	16.913712172897913	0.02586993696739351	F	NaN	NaN	NaN
	54503	16.971346803508	0.026199598006142695	F	NaN	NaN	NaN
	54504	17.026150600570784	0.026846393385164584	F	NaN	NaN	NaN
	54505	17.07704741947125	0.026135777312347105	F	NaN	NaN	NaN
	54506	17.124721249099192	0.02495233308814923	F	NaN	NaN	NaN
	54507	17.169539537753437	0.023844913855106023	F	NaN	NaN	NaN
	54508	17.21199920305587	0.025304780290692507	F	NaN	NaN	NaN
	54509	17.25250935887537	0.02860344684024779	F	NaN	NaN	NaN
	54510	17.290904900921092	0.03137395980753045	F	NaN	NaN	NaN
	54511	17.325633236485263	0.03313375124206272	F	NaN	NaN	NaN
	54512	17.357022498889872	0.03372741251865667	F	NaN	NaN	NaN
	54513	17.385576745948196	0.03368558662822664	F	NaN	NaN	NaN
	54514	17.4117996783632	0.03381123526071772	F	NaN	NaN	NaN
	54515	17.43621494221457	0.03427867814011585	F	NaN	NaN	NaN
	54516	17.45932014069096	0.035381134471120665	F	NaN	NaN	NaN
	54517	17.481622825336594	0.03611548278921045	F	NaN	NaN	NaN
	54518	17.503630165898286	0.036923257095035994	F	NaN	NaN	NaN
	54519	17.525850979349528	0.037104164126384	F	NaN	NaN	NaN
	54520	17.54846348207047	0.03677769476085614	F	NaN	NaN	NaN
	54521	17.5698192742696	0.036313440081430094	F	NaN	NaN	NaN
	54522	17.589781413163866	0.03505693442521216	F	NaN	NaN	NaN
	54523	17.60855146053204	0.03415916093055991	F	NaN	NaN	NaN
	54524	17.6263347222729	0.033163067925299446	F	NaN	NaN	NaN
	54525	17.64333121170768	0.03188431400139394	F	NaN	NaN	NaN
	54526	17.659753139353747	0.031036097005605966	F	NaN	NaN	NaN
	54527	17.675795953708594	0.03072426696688489	F	NaN	NaN	NaN
	54528	17.691667595010617	0.03068153187834001	F	NaN	NaN	NaN
	54529	17.70757207697648	0.03060509759200647	F	NaN	NaN	NaN
	54530	17.723712669522538	0.030478020944838476	F	NaN	NaN	NaN
	54531	17.740292642565112	0.03072933496278952	F	NaN	NaN	NaN
	54532	17.75699166810564	0.030750950358086428	F	NaN	NaN	NaN
	54533	17.773141295764418	0.030532804816431437	F	NaN	NaN	NaN
	54534	17.788811071901595	0.030387087881190024	F	NaN	NaN	NaN
	54535	17.80409723233901	0.030313890353539673	F	NaN	NaN	NaN
	54536	17.819096012898505	0.0302414328162804	F	NaN	NaN	NaN
	54537	17.83390427890971	0.030378381324245803	F	NaN	NaN	NaN
	54538	17.848616349113335	0.030979282652448342	F	NaN	NaN	NaN
	54539	17.863329845258395	0.03161180049595731	F	NaN	NaN	NaN
	54540	17.87814137074084	0.03253129727946631	F	NaN	NaN	NaN
	54541	17.893148341864585	0.033289256014594024	F	NaN	NaN	NaN
	54542	17.908444850721743	0.03424420503931473	F	NaN	NaN	NaN
	54543	17.924123109566445	0.03461871567871465	F	NaN	NaN	NaN
	54544	17.94029148917249	0.035437175455326715	F	NaN	NaN	NaN
	54545	17.957035895615217	0.03622442908556339	F	NaN	NaN	NaN
	54546	17.97418131278156	0.0368507596396168	F	NaN	NaN	NaN
	54547	17.99138513238844	0.0371574715288309	F	NaN	NaN	NaN
	54548	18.008642698636997	0.03769766496498079	F	NaN	NaN	NaN
	54549	18.025960006259965	0.03793425963391038	F	NaN	NaN	NaN
	54550	18.04334333710424	0.03802138966559937	F	NaN	NaN	NaN
	54551	18.060798835791417	0.03822067722478052	F	NaN	NaN	NaN
	54552	18.078332703692045	0.038419292900736604	F	NaN	NaN	NaN
	54553	18.095950954336924	0.038498258492763796	F	NaN	NaN	NaN
	54554	18.113660013826046	0.03872196123635988	F	NaN	NaN	NaN
	54555	18.131465459699083	0.03870845423920284	F	NaN	NaN	NaN
	54556	18.149373754404316	0.03918305855796762	F	NaN	NaN	NaN
	54557	18.16739104281473	0.03925855115436529	F	NaN	NaN	NaN
	54558	18.18552346980332	0.03954778156462288	F	NaN	NaN	NaN
	54559	18.20378077980459	0.03985816903402689	F	NaN	NaN	NaN
	54560	18.222162336661125	0.04018067674090617	F	NaN	NaN	NaN
	54561	18.240676007088613	0.04050612367404388	F	NaN	NaN	NaN
	54562	18.25932772782023	0.040815365919392936	F	NaN	NaN	NaN
	54563	18.278129240088777	0.041101592117813404	F	NaN	NaN	NaN
	54564	18.29708416430829	0.04110356238923804	F	NaN	NaN	NaN
	54565	18.31619571822042	0.041303518747409854	F	NaN	NaN	NaN
	54566	18.33546983855837	0.04144307533780492	F	NaN	NaN	NaN
	54567	18.354912462055328	0.0412542117462872	F	NaN	NaN	NaN
	54568	18.374532763733185	0.041130901918867785	F	NaN	NaN	NaN
	54569	18.39434108900018	0.041172671329308484	F	NaN	NaN	NaN
	54570	18.41430246925436	0.041318015206582306	F	NaN	NaN	NaN
	54571	18.43438626963026	0.04099398148012318	F	NaN	NaN	NaN
	54572	18.454582573952262	0.040979801584529206	F	NaN	NaN	NaN
	54573	18.474887623082566	0.040960932540339244	F	NaN	NaN	NaN
	54574	18.4952965952455	0.04110851486505057	F	NaN	NaN	NaN
	54575	18.51580601619131	0.041371191838499875	F	NaN	NaN	NaN
	54576	18.536411100182345	0.041598681761903414	F	NaN	NaN	NaN
	54577	18.557107908439722	0.042033252892795324	F	NaN	NaN	NaN
	54578	18.577892590180547	0.04281053270720242	F	NaN	NaN	NaN
	54579	18.598760582602782	0.04343006318029266	F	NaN	NaN	NaN
	54580	18.61970770845118	0.04417144391084212	F	NaN	NaN	NaN
	54581	18.640729847910855	0.04489662169079722	F	NaN	NaN	NaN
	54582	18.66182286017008	0.045753627735789774	F	NaN	NaN	NaN
	54583	18.68298257043994	0.04689882966386155	F	NaN	NaN	NaN
	54584	18.704204650427556	0.04770363053541239	F	NaN	NaN	NaN
	54585	18.72548524431107	0.049141317446824706	F	NaN	NaN	NaN
	54586	18.746823317801255	0.05057440660829694	F	NaN	NaN	NaN
	54587	18.7682226373945	0.052003898721577034	F	NaN	NaN	NaN
	54588	18.789685138018868	0.05381589479922982	F	NaN	NaN	NaN
	54589	18.811212311368358	0.05583859370587985	F	NaN	NaN	NaN
	54590	18.832805649136983	0.05828658157363621	F	NaN	NaN	NaN
	54591	18.85446635930711	0.06074867187572627	F	NaN	NaN	NaN
	54592	18.876196443681046	0.06388891889123519	F	NaN	NaN	NaN
	54593	18.89799711959245	0.06682280715539173	F	NaN	NaN	NaN
	54594	18.91986998118089	0.0697204904808001	F	NaN	NaN	NaN
	54595	18.941816696550273	0.07334826415290882	F	NaN	NaN	NaN
	54596	18.963838283035983	0.07666650343530387	F	NaN	NaN	NaN
	54597	18.985936467240787	0.0804610736689841	F	NaN	NaN	NaN
	54598	19.008114951723492	0.08448442590931836	F	NaN	NaN	NaN
	54599	19.030369809595843	0.08871757574600699	F	NaN	NaN	NaN
	54600	19.052709906175924	0.09312640960309787	F	NaN	NaN	NaN
	54601	19.07513181890896	0.09750473431399406	F	NaN	NaN	NaN
	54602	19.097636996914012	0.1024938600501875	F	NaN	NaN	NaN
	54603	19.120226889310118	0.10759331276825075	F	NaN	NaN	NaN
	54604	19.14290294521633	0.11264354481933705	F	NaN	NaN	NaN
	54605	19.165666613751704	0.11746687679291219	F	NaN	NaN	NaN
	54606	19.18851934403527	0.12277204966962825	F	NaN	NaN	NaN
	54607	19.21146258518609	0.12766023886070432	F	NaN	NaN	NaN
	54608	19.23450143718449	0.13299771363645335	F	NaN	NaN	NaN
	54609	19.257638796310722	0.13899666395884294	F	NaN	NaN	NaN
	54610	19.280871257190512	0.1452864051598883	F	NaN	NaN	NaN
	54611	19.304200268942893	0.1519475280643635	F	NaN	NaN	NaN
	54612	19.32762728068692	0.15841845984236777	F	NaN	NaN	NaN
	54613	19.35115374154164	0.16503929091592617	F	NaN	NaN	NaN
	54614	19.374781100626105	0.17302556419204096	F	NaN	NaN	NaN
	54615	19.39851080705936	0.18043599367249835	F	NaN	NaN	NaN

# FILTER B
#        MJD  MAG  MAGERR  Upperlimit  Instrument  Telescope  Source
	54471	17.010948349243556	0.04314863403921015	F	NaN	NaN	NaN
	54472	16.935330258874327	0.03329748283122845	F	NaN	NaN	NaN
	54473	16.871612670714775	0.025750236114081587	F	NaN	NaN	NaN
	54474	16.819822175472773	0.02091820946632646	F	NaN	NaN	NaN
	54475	16.779949126489846	0.01905673156866703	F	NaN	NaN	NaN
	54476	16.75199729521958	0.01845885253709798	F	NaN	NaN	NaN
	54477	16.735922417824874	0.01877531765317436	F	NaN	NaN	NaN
	54478	16.73178661944511	0.019014767396923316	F	NaN	NaN	NaN
	54479	16.73961283340986	0.01940927334742386	F	NaN	NaN	NaN
	54480	16.759376904526295	0.021890867010486845	F	NaN	NaN	NaN
	54481	16.79095415006401	0.021615768724872468	F	NaN	NaN	NaN
	54482	16.834441516556936	0.020600405189599814	F	NaN	NaN	NaN
	54483	16.890432957535076	0.020030982206156782	F	NaN	NaN	NaN
	54484	16.96005295117879	0.02212782832961052	F	NaN	NaN	NaN
	54485	17.042396705948466	0.027875441761668722	F	NaN	NaN	NaN
	54486	17.136685020092504	0.034630057930186225	F	NaN	NaN	NaN
	54487	17.250986047130368	0.04261113542729947	F	NaN	NaN	NaN
	54488	17.38982777876274	0.05513799576936729	F	NaN	NaN	NaN
	54489	17.537432940954677	0.06934038983615377	F	NaN	NaN	NaN
	54490	17.677174752669245	0.07955136065200816	F	NaN	NaN	NaN
	54491	17.7962683877748	0.08043919349170417	F	NaN	NaN	NaN
	54492	17.91895003709163	0.06954333702349372	F	NaN	NaN	NaN
	54493	18.035101996396605	0.06334548389677294	F	NaN	NaN	NaN
	54494	18.125724031141953	0.05682785446423656	F	NaN	NaN	NaN
	54495	18.205501551502476	0.048974791189940914	F	NaN	NaN	NaN
	54496	18.27773498520857	0.044009858593833114	F	NaN	NaN	NaN
	54497	18.344090314787444	0.0451225444860244	F	NaN	NaN	NaN
	54498	18.40671845371953	0.04977856010334876	F	NaN	NaN	NaN
	54499	18.470075589659853	0.054171789272274194	F	NaN	NaN	NaN
	54500	18.531725704800063	0.05549367066325239	F	NaN	NaN	NaN
	54501	18.592122841012323	0.051081416189732484	F	NaN	NaN	NaN
	54502	18.649312302952783	0.05188064326524662	F	NaN	NaN	NaN
	54503	18.69877218445832	0.056849790114708726	F	NaN	NaN	NaN
	54504	18.73848575120363	0.05650085304108981	F	NaN	NaN	NaN
	54505	18.770386663807646	0.05609161080010587	F	NaN	NaN	NaN
	54506	18.794857131833147	0.055555048082144114	F	NaN	NaN	NaN
	54507	18.81146523361928	0.055603022731090676	F	NaN	NaN	NaN
	54508	18.821427139707705	0.06002466137138709	F	NaN	NaN	NaN
	54509	18.827635449479757	0.0702030279152508	F	NaN	NaN	NaN
	54510	18.837127959662745	0.079149370646103	F	NaN	NaN	NaN
	54511	18.850114487576054	0.08570250630050288	F	NaN	NaN	NaN
	54512	18.86275103262319	0.08849482405247627	F	NaN	NaN	NaN
	54513	18.873212219401857	0.086844711273267	F	NaN	NaN	NaN
	54514	18.88213721295536	0.08485300705119989	F	NaN	NaN	NaN
	54515	18.890296322344202	0.08296851594166013	F	NaN	NaN	NaN
	54516	18.898445227124128	0.08209820745247196	F	NaN	NaN	NaN
	54517	18.907345939829593	0.08432496507151628	F	NaN	NaN	NaN
	54518	18.91775727828662	0.08786217997143793	F	NaN	NaN	NaN
	54519	18.930453023422245	0.08998412755221209	F	NaN	NaN	NaN
	54520	18.946694246505448	0.08949178036403359	F	NaN	NaN	NaN
	54521	18.967189673872156	0.08737453005564996	F	NaN	NaN	NaN
	54522	18.984730175075338	0.0871278279025194	F	NaN	NaN	NaN
	54523	18.99972893454221	0.08583241627006816	F	NaN	NaN	NaN
	54524	19.015546327372615	0.08332781304874455	F	NaN	NaN	NaN
	54525	19.03171087184584	0.08003973115473852	F	NaN	NaN	NaN
	54526	19.047754053833348	0.07724007361924871	F	NaN	NaN	NaN
	54527	19.06319825245368	0.0754101797802724	F	NaN	NaN	NaN
	54528	19.07757498177005	0.0740734576272358	F	NaN	NaN	NaN
	54529	19.09041469216957	0.07402026454351983	F	NaN	NaN	NaN
	54530	19.101247834039384	0.07386792940188001	F	NaN	NaN	NaN
	54531	19.109604857766623	0.0737997230946639	F	NaN	NaN	NaN
	54532	19.115208088437925	0.07302385675928894	F	NaN	NaN	NaN
	54533	19.11861455068842	0.07202352755906183	F	NaN	NaN	NaN
	54534	19.12078532786677	0.0718313640167258	F	NaN	NaN	NaN
	54535	19.12266402913874	0.07261333444738188	F	NaN	NaN	NaN
	54536	19.125194263670103	0.07379673479935363	F	NaN	NaN	NaN
	54537	19.12930298772962	0.07461178055872843	F	NaN	NaN	NaN
	54538	19.134666797315745	0.07491396096810761	F	NaN	NaN	NaN
	54539	19.139405769381344	0.07467953507255398	F	NaN	NaN	NaN
	54540	19.14357048181619	0.07379129842335985	F	NaN	NaN	NaN
	54541	19.14727181039633	0.07311161505834127	F	NaN	NaN	NaN
	54542	19.150611948887875	0.07254900588188741	F	NaN	NaN	NaN
	54543	19.15368572459946	0.07229021432027646	F	NaN	NaN	NaN
	54544	19.156599845003598	0.07184412563013359	F	NaN	NaN	NaN
	54545	19.15945347049907	0.07229500934143829	F	NaN	NaN	NaN
	54546	19.1623495442394	0.07282538657452607	F	NaN	NaN	NaN
	54547	19.165390422171203	0.07432853261277693	F	NaN	NaN	NaN
	54548	19.168672481895317	0.07591261169816377	F	NaN	NaN	NaN
	54549	19.172308809421043	0.07729405576477734	F	NaN	NaN	NaN
	54550	19.17639412983727	0.07962266520908175	F	NaN	NaN	NaN
	54551	19.18102577080184	0.08096556164040458	F	NaN	NaN	NaN
	54552	19.186318346965084	0.08195574107175577	F	NaN	NaN	NaN
	54553	19.1923667559425	0.08285991139280233	F	NaN	NaN	NaN
	54554	19.19867915365187	0.08313472874274473	F	NaN	NaN	NaN
	54555	19.204456331856534	0.08319877656748889	F	NaN	NaN	NaN
	54556	19.209804648259023	0.08285863929176877	F	NaN	NaN	NaN
	54557	19.214859822517894	0.08274881657387176	F	NaN	NaN	NaN
	54558	19.219757574291695	0.08273836659568934	F	NaN	NaN	NaN
	54559	19.224636699398236	0.08320485939799237	F	NaN	NaN	NaN
	54560	19.2296312293871	0.08387390949682122	F	NaN	NaN	NaN
	54561	19.23487156706222	0.08474164197691383	F	NaN	NaN	NaN
	54562	19.240488842705258	0.08582254330974312	F	NaN	NaN	NaN
	54563	19.246641999941072	0.0867162058579187	F	NaN	NaN	NaN
	54564	19.253459086720323	0.0876840575119367	F	NaN	NaN	NaN
	54565	19.261063471336843	0.08892224605029843	F	NaN	NaN	NaN
	54566	19.2695862840723	0.08969325724576412	F	NaN	NaN	NaN
	54567	19.27915865520835	0.09052090663992961	F	NaN	NaN	NaN
	54568	19.2899399564818	0.09064843367333408	F	NaN	NaN	NaN
	54569	19.302092473146455	0.0902000408974506	F	NaN	NaN	NaN
	54570	19.315370273373002	0.08919838427048721	F	NaN	NaN	NaN
	54571	19.329428897828084	0.08828379334330765	F	NaN	NaN	NaN
	54572	19.344141882073924	0.0869652232287651	F	NaN	NaN	NaN
	54573	19.35943543558057	0.08599932797683767	F	NaN	NaN	NaN
	54574	19.37521482696663	0.08510700264675422	F	NaN	NaN	NaN
	54575	19.391408192249845	0.08433630859384719	F	NaN	NaN	NaN
	54576	19.407936276602246	0.08371908168678216	F	NaN	NaN	NaN
	54577	19.424721277305714	0.08327095051496039	F	NaN	NaN	NaN
	54578	19.441678959914025	0.08298456184896096	F	NaN	NaN	NaN
	54579	19.458729734326276	0.08283877257948524	F	NaN	NaN	NaN
	54580	19.475794718353317	0.08322024909990627	F	NaN	NaN	NaN
	54581	19.492793661957858	0.08321749284783524	F	NaN	NaN	NaN
	54582	19.509646338308066	0.08344997644170371	F	NaN	NaN	NaN
	54583	19.526272695231963	0.08346422999908756	F	NaN	NaN	NaN
	54584	19.542770955186782	0.08353878221082238	F	NaN	NaN	NaN
	54585	19.55942313453332	0.08381134082523602	F	NaN	NaN	NaN
	54586	19.57626073921705	0.08430480200334727	F	NaN	NaN	NaN
	54587	19.593305446322372	0.08472247364872665	F	NaN	NaN	NaN
	54588	19.61058214699394	0.08559396103691735	F	NaN	NaN	NaN
	54589	19.628114720109252	0.08661472901841528	F	NaN	NaN	NaN
	54590	19.645927044545804	0.08811912562745293	F	NaN	NaN	NaN
	54591	19.663955548511453	0.08992101133464664	F	NaN	NaN	NaN
	54592	19.682082790079203	0.09209461937039329	F	NaN	NaN	NaN
	54593	19.700355300103112	0.09466430509857465	F	NaN	NaN	NaN
	54594	19.71882531909537	0.09727735937491991	F	NaN	NaN	NaN
	54595	19.73754612140232	0.10046447329233973	F	NaN	NaN	NaN
	54596	19.756568063836102	0.10368693701770333	F	NaN	NaN	NaN
	54597	19.775944519374146	0.10746781258238654	F	NaN	NaN	NaN
	54598	19.795631557717552	0.1117993487096492	F	NaN	NaN	NaN
	54599	19.81546271732055	0.11744283124629609	F	NaN	NaN	NaN
	54600	19.835434142105374	0.12286348652033485	F	NaN	NaN	NaN
	54601	19.85558236446166	0.12916587521737438	F	NaN	NaN	NaN
	54602	19.87588602169516	0.135389274809414	F	NaN	NaN	NaN
	54603	19.89638342336486	0.14206992552996708	F	NaN	NaN	NaN
	54604	19.917063459730752	0.14915326744129245	F	NaN	NaN	NaN
	54605	19.937944722887256	0.15665031718253553	F	NaN	NaN	NaN
	54606	19.959041983470133	0.16388586014905904	F	NaN	NaN	NaN
	54607	19.980345091885933	0.1711535347293187	F	NaN	NaN	NaN
	54608	20.001900421770394	0.18029467260863916	F	NaN	NaN	NaN
	54609	20.02367437626917	0.18865500490385323	F	NaN	NaN	NaN
	54610	20.045717603488644	0.19788727202297585	F	NaN	NaN	NaN
	54611	20.068008943668108	0.2074881028463578	F	NaN	NaN	NaN
	54612	20.090562270812736	0.2173859084554932	F	NaN	NaN	NaN
	54613	20.113406400703827	0.22761074244948204	F	NaN	NaN	NaN
	54614	20.136540449585905	0.2365228967327553	F	NaN	NaN	NaN
	54615	20.15997434506768	0.2472510267538909	F	NaN	NaN	NaN

# FILTER U
#        MJD  MAG  MAGERR  Upperlimit  Instrument  Telescope  Source
	54472	16.837170598698435	0.19029381685304117	F	NaN	NaN	NaN
	54473	16.78074452565573	0.15739987277687	F	NaN	NaN	NaN
	54474	16.744195640717653	0.1308468684229604	F	NaN	NaN	NaN
	54475	16.727332371116702	0.11119406741571955	F	NaN	NaN	NaN
	54476	16.730100656390245	0.099540060621077	F	NaN	NaN	NaN
	54477	16.75229717233223	0.09145169607891376	F	NaN	NaN	NaN
	54478	16.79410504602367	0.08821329607535813	F	NaN	NaN	NaN
	54479	16.856712246776812	0.08870471381880239	F	NaN	NaN	NaN
	54480	16.93863337859003	0.09095923212329515	F	NaN	NaN	NaN
	54481	17.037886105332444	0.09522461525197819	F	NaN	NaN	NaN
	54482	17.15716827594479	0.10164062973456689	F	NaN	NaN	NaN
	54483	17.31877098201603	0.10803356257438491	F	NaN	NaN	NaN
	54484	17.51625004212374	0.1201468187193413	F	NaN	NaN	NaN
	54485	17.738117286492756	0.13965867947880517	F	NaN	NaN	NaN
	54486	17.972830277214438	0.16656134993210536	F	NaN	NaN	NaN
	54487	18.208910444632004	0.19494025262642173	F	NaN	NaN	NaN
	54488	18.434946237611292	0.2213162649547617	F	NaN	NaN	NaN
	54489	18.639264428679763	0.23617028769149007	F	NaN	NaN	NaN
	54490	18.812818891032528	0.23909984175606236	F	NaN	NaN	NaN
	54491	18.991951866369412	0.2208022792835997	F	NaN	NaN	NaN
	54492	19.172523606355632	0.20372938030192544	F	NaN	NaN	NaN
	54493	19.325929726374017	0.19245703975099115	F	NaN	NaN	NaN
	54494	19.429650517252384	0.17713310142436695	F	NaN	NaN	NaN
	54495	19.499851140021935	0.15276945398903782	F	NaN	NaN	NaN
	54496	19.54906520933563	0.13104704048967047	F	NaN	NaN	NaN
	54497	19.587303971886897	0.12068799450661423	F	NaN	NaN	NaN
	54498	19.621176853088045	0.11703123119552886	F	NaN	NaN	NaN
	54499	19.63617185591462	0.11378224552666946	F	NaN	NaN	NaN
	54500	19.634139707840887	0.10963473074998303	F	NaN	NaN	NaN
	54501	19.621003631341107	0.11065596182121247	F	NaN	NaN	NaN
	54502	19.6027816889404	0.11676252646123779	F	NaN	NaN	NaN
	54503	19.585379836145968	0.12408403696425224	F	NaN	NaN	NaN
	54504	19.574794491282947	0.12893065648581845	F	NaN	NaN	NaN
	54505	19.573699019208203	0.12672298891280456	F	NaN	NaN	NaN
	54506	19.57458248034831	0.11853724409336684	F	NaN	NaN	NaN
	54507	19.57657734848921	0.1120662571821949	F	NaN	NaN	NaN
	54508	19.579634330269958	0.1106518163141039	F	NaN	NaN	NaN
	54509	19.58370362524916	0.11157765157762956	F	NaN	NaN	NaN
	54510	19.588755184437456	0.11095365788160194	F	NaN	NaN	NaN
	54511	19.594791251582937	0.1134058145796194	F	NaN	NaN	NaN
	54512	19.601822665546013	0.1159419285064848	F	NaN	NaN	NaN
	54513	19.609855675000276	0.12211346288394895	F	NaN	NaN	NaN
	54514	19.618911163436806	0.1342796748913362	F	NaN	NaN	NaN
	54515	19.628974277097566	0.1494690094096019	F	NaN	NaN	NaN
	54516	19.640061028763377	0.17037923344991707	F	NaN	NaN	NaN
	54517	19.652199542258085	0.1951205758384083	F	NaN	NaN	NaN
	54518	19.665372719710728	0.22419521598163875	F	NaN	NaN	NaN
	54519	19.679596929909977	0.25874905379145835	F	NaN	NaN	NaN