###################### HEADER ######################
# SNNAME:	SN2009er
###################### HEADER ######################


# FILTER i
#        MJD  MAG  MAGERR  Upperlimit  Instrument  Telescope  Source
	54981	17.325293593684947	0.0390473575488099	F	NaN	NaN	NaN
	54982	17.298980614285703	0.029891502990290496	F	NaN	NaN	NaN
	54983	17.278483120754295	0.02571705700370333	F	NaN	NaN	NaN
	54984	17.263784611522457	0.024815106708225475	F	NaN	NaN	NaN
	54985	17.255118200067454	0.02632529888809948	F	NaN	NaN	NaN
	54986	17.25241245874279	0.028966974262627634	F	NaN	NaN	NaN
	54987	17.255502890346172	0.030697744306369807	F	NaN	NaN	NaN
	54988	17.265297177668543	0.03268188337158917	F	NaN	NaN	NaN
	54989	17.280897002628837	0.03610884053222427	F	NaN	NaN	NaN
	54990	17.30125399670442	0.03877175960150994	F	NaN	NaN	NaN
	54991	17.32641343144714	0.03817714704140726	F	NaN	NaN	NaN
	54992	17.357415482735338	0.03631634635118133	F	NaN	NaN	NaN
	54993	17.392447954393184	0.03483400371293452	F	NaN	NaN	NaN
	54994	17.429552597798473	0.034254922579320966	F	NaN	NaN	NaN
	54995	17.46802368684194	0.03275057592943263	F	NaN	NaN	NaN
	54996	17.510160332379776	0.031581891746652144	F	NaN	NaN	NaN
	54997	17.555978776542002	0.03042477217045656	F	NaN	NaN	NaN
	54998	17.605307060835035	0.030301344608891258	F	NaN	NaN	NaN
	54999	17.65804240526836	0.03215780232758844	F	NaN	NaN	NaN
	55000	17.714224431970084	0.03576179241299788	F	NaN	NaN	NaN
	55001	17.77384805847689	0.042534198228570755	F	NaN	NaN	NaN
	55002	17.836964117570076	0.053157565172431205	F	NaN	NaN	NaN
	55003	17.903588503857048	0.06695041139161323	F	NaN	NaN	NaN
	55004	17.973742375597393	0.08243899627703254	F	NaN	NaN	NaN
	55005	18.04745766651182	0.10089183448480862	F	NaN	NaN	NaN

# FILTER r
#        MJD  MAG  MAGERR  Upperlimit  Instrument  Telescope  Source
	54981	17.235665263216717	0.034164703808445045	F	NaN	NaN	NaN
	54982	17.21097459808284	0.024461327392842215	F	NaN	NaN	NaN
	54983	17.195567470826113	0.02210157085687731	F	NaN	NaN	NaN
	54984	17.18928355781524	0.02398321881563846	F	NaN	NaN	NaN
	54985	17.191989340587394	0.02757339889987513	F	NaN	NaN	NaN
	54986	17.20655091665395	0.031167503211995143	F	NaN	NaN	NaN
	54987	17.235856704610963	0.03607581710890864	F	NaN	NaN	NaN
	54988	17.269705749586677	0.042017317698846465	F	NaN	NaN	NaN
	54989	17.303428612036534	0.042266297440976174	F	NaN	NaN	NaN
	54990	17.342190961485883	0.03906935364509765	F	NaN	NaN	NaN
	54991	17.385601872762127	0.03627117062621425	F	NaN	NaN	NaN
	54992	17.433068275583473	0.036107357041006614	F	NaN	NaN	NaN
	54993	17.483997099668123	0.03747027364663451	F	NaN	NaN	NaN
	54994	17.537785234688585	0.0379180239208346	F	NaN	NaN	NaN
	54995	17.595007375236573	0.0353706536564315	F	NaN	NaN	NaN
	54996	17.65700731113375	0.03273784663309257	F	NaN	NaN	NaN
	54997	17.720917867804012	0.03238902902128532	F	NaN	NaN	NaN
	54998	17.783631398596743	0.03285201261783431	F	NaN	NaN	NaN
	54999	17.84464481185882	0.03343762309012321	F	NaN	NaN	NaN
	55000	17.90624444281911	0.03561335794511771	F	NaN	NaN	NaN
	55001	17.96737217778198	0.03942814616861962	F	NaN	NaN	NaN
	55002	18.02835505817018	0.04617494217565447	F	NaN	NaN	NaN
	55003	18.089222236293402	0.057530369231463416	F	NaN	NaN	NaN
	55004	18.149971809420236	0.07268262466152758	F	NaN	NaN	NaN
	55005	18.21060163189169	0.09174478398140234	F	NaN	NaN	NaN

# FILTER V
#        MJD  MAG  MAGERR  Upperlimit  Instrument  Telescope  Source
	54981	17.255412721317995	0.038427371584010356	F	NaN	NaN	NaN
	54982	17.25195162752078	0.028995049886540954	F	NaN	NaN	NaN
	54983	17.255924207543334	0.025813944233694822	F	NaN	NaN	NaN
	54984	17.2673678238124	0.02745225809966985	F	NaN	NaN	NaN
	54985	17.286327041829026	0.03154850965176025	F	NaN	NaN	NaN
	54986	17.31309650095878	0.03571817647004809	F	NaN	NaN	NaN
	54987	17.347718190188363	0.039275248675082225	F	NaN	NaN	NaN
	54988	17.389747527762864	0.04198056421061724	F	NaN	NaN	NaN
	54989	17.441820702701698	0.04263968547572225	F	NaN	NaN	NaN
	54990	17.506873976598424	0.04202568216433857	F	NaN	NaN	NaN
	54991	17.580831970911866	0.041348793132737975	F	NaN	NaN	NaN
	54992	17.659471368788328	0.04282303177348815	F	NaN	NaN	NaN
	54993	17.73861731199858	0.04546815705989944	F	NaN	NaN	NaN
	54994	17.814075951758134	0.04682788757604569	F	NaN	NaN	NaN
	54995	17.88520630111708	0.04544273439474303	F	NaN	NaN	NaN
	54996	17.95829652148032	0.04379201844287671	F	NaN	NaN	NaN
	54997	18.03126720971983	0.041960184382058056	F	NaN	NaN	NaN
	54998	18.1014148233343	0.040970832418334414	F	NaN	NaN	NaN
	54999	18.16854134355234	0.04019728951214469	F	NaN	NaN	NaN
	55000	18.234876962512132	0.04194894179328032	F	NaN	NaN	NaN
	55001	18.299167709185827	0.04772540587643094	F	NaN	NaN	NaN
	55002	18.36173415410995	0.05770785930316952	F	NaN	NaN	NaN
	55003	18.422851865888717	0.07099073955801838	F	NaN	NaN	NaN
	55004	18.482761689296783	0.0884269723077279	F	NaN	NaN	NaN
	55005	18.54170506746321	0.10914359200670931	F	NaN	NaN	NaN

# FILTER B
#        MJD  MAG  MAGERR  Upperlimit  Instrument  Telescope  Source
	54973	17.503886266211968	0.24489761367227408	F	NaN	NaN	NaN
	54974	17.511064475356097	0.21229136778591562	F	NaN	NaN	NaN
	54975	17.523477672283576	0.18229394220905634	F	NaN	NaN	NaN
	54976	17.541278086508974	0.1531021665600729	F	NaN	NaN	NaN
	54977	17.56465464504541	0.1267151129312622	F	NaN	NaN	NaN
	54978	17.593443309052795	0.10357943713985485	F	NaN	NaN	NaN
	54979	17.627733363762175	0.08339426446133061	F	NaN	NaN	NaN
	54980	17.66784962821993	0.06728269113304185	F	NaN	NaN	NaN
	54981	17.713555115836222	0.05611773970583098	F	NaN	NaN	NaN
	54982	17.76484296000857	0.05009267036630258	F	NaN	NaN	NaN
	54983	17.821799393451325	0.04937172341676801	F	NaN	NaN	NaN
	54984	17.885001841378795	0.052057585335527054	F	NaN	NaN	NaN
	54985	17.954595118279016	0.05762595878011549	F	NaN	NaN	NaN
	54986	18.03330129563588	0.06391556370954778	F	NaN	NaN	NaN
	54987	18.12939186943812	0.07028439742154513	F	NaN	NaN	NaN
	54988	18.237885925388838	0.07990529479127764	F	NaN	NaN	NaN
	54989	18.354804367817977	0.09571391014131679	F	NaN	NaN	NaN
	54990	18.475016825314412	0.11410550321813365	F	NaN	NaN	NaN
	54991	18.593885567542504	0.12989509889716022	F	NaN	NaN	NaN
	54992	18.706982661144277	0.14031914780224003	F	NaN	NaN	NaN
	54993	18.808925855639483	0.1405040466113263	F	NaN	NaN	NaN
	54994	18.90042160247571	0.1266980222691366	F	NaN	NaN	NaN
	54995	18.988114113268274	0.10769705320001739	F	NaN	NaN	NaN
	54996	19.073707821090874	0.09650481351552356	F	NaN	NaN	NaN
	54997	19.15759749660691	0.08864216316931642	F	NaN	NaN	NaN
	54998	19.23912050398288	0.08227362963392418	F	NaN	NaN	NaN
	54999	19.318725078673975	0.08303920423728903	F	NaN	NaN	NaN
	55000	19.39669550954407	0.09141232166487594	F	NaN	NaN	NaN
	55001	19.472797832693907	0.10995492015454787	F	NaN	NaN	NaN
	55002	19.546844953077688	0.13645728082070718	F	NaN	NaN	NaN
	55003	19.61867354906545	0.16883968062313787	F	NaN	NaN	NaN
	55004	19.68856881224893	0.2102134947965753	F	NaN	NaN	NaN
	55005	19.756873874487425	0.25258976196479743	F	NaN	NaN	NaN