###################### HEADER ######################
# SNNAME:	SN2007kj
###################### HEADER ######################


# FILTER B
#        MJD  MAG  MAGERR  Upperlimit  Instrument  Telescope  Source
	54377	18.12468091627638	0.11066444927061947	F	NaN	NaN	NaN
	54378	18.081377829865417	0.1313924598191759	F	NaN	NaN	NaN
	54379	18.05563521533021	0.14438384163439347	F	NaN	NaN	NaN
	54380	18.047197558804832	0.15033774033266772	F	NaN	NaN	NaN
	54381	18.056580165265235	0.14919800815164225	F	NaN	NaN	NaN
	54382	18.08389260602388	0.1411582461863203	F	NaN	NaN	NaN
	54383	18.12765042085622	0.12616878766097062	F	NaN	NaN	NaN
	54384	18.19512641446387	0.1169205411604691	F	NaN	NaN	NaN
	54385	18.29602713415463	0.13012621775686212	F	NaN	NaN	NaN
	54386	18.423744276197763	0.15876294913883748	F	NaN	NaN	NaN
	54387	18.57137281124217	0.19339695463608758	F	NaN	NaN	NaN
	54388	18.73167650637238	0.22631499122583015	F	NaN	NaN	NaN
	54389	18.897870248598696	0.24830685687033904	F	NaN	NaN	NaN
	54390	19.062926285099667	0.25151646639006064	F	NaN	NaN	NaN
	54391	19.219820347591867	0.2272035106141691	F	NaN	NaN	NaN
	54392	19.361534428372266	0.16814811603986562	F	NaN	NaN	NaN
	54393	19.50240530944837	0.11974305108017122	F	NaN	NaN	NaN
	54394	19.64152652292832	0.10160617243678795	F	NaN	NaN	NaN
	54395	19.749717662391486	0.07967480872849012	F	NaN	NaN	NaN
	54396	19.847733950442393	0.08901960735081887	F	NaN	NaN	NaN
	54397	19.936887053744915	0.1129512817494513	F	NaN	NaN	NaN
	54398	20.01739047983759	0.13964957426727279	F	NaN	NaN	NaN
	54399	20.089526653266407	0.16467883680298853	F	NaN	NaN	NaN
	54400	20.153577998577354	0.1829729771636075	F	NaN	NaN	NaN
	54401	20.209884058359417	0.1916994245736492	F	NaN	NaN	NaN
	54402	20.25530605487494	0.19210805569610995	F	NaN	NaN	NaN
	54403	20.284420714501152	0.20434859499744523	F	NaN	NaN	NaN
	54404	20.30999503886616	0.21673098655811376	F	NaN	NaN	NaN
	54405	20.33744231770778	0.19578528409405194	F	NaN	NaN	NaN
	54406	20.35598309053275	0.17146491799450908	F	NaN	NaN	NaN
	54407	20.37185588878372	0.17253332531741922	F	NaN	NaN	NaN
	54408	20.38911244536928	0.17786232579429984	F	NaN	NaN	NaN
	54409	20.402615320271714	0.18396172189980792	F	NaN	NaN	NaN
	54410	20.412894469906416	0.19192003366154003	F	NaN	NaN	NaN
	54411	20.421014708021524	0.1984433311640759	F	NaN	NaN	NaN
	54412	20.425737311961512	0.19790428224205492	F	NaN	NaN	NaN
	54413	20.425339404214988	0.18782986235158056	F	NaN	NaN	NaN
	54414	20.42324522953974	0.17938416616286698	F	NaN	NaN	NaN
	54415	20.42297776643649	0.17193121641291803	F	NaN	NaN	NaN
	54416	20.424537368436297	0.1601172456563481	F	NaN	NaN	NaN
	54417	20.423350435111978	0.14551633304199352	F	NaN	NaN	NaN
	54418	20.42293362892412	0.1327271948495433	F	NaN	NaN	NaN
	54419	20.427180035462506	0.1268837038246195	F	NaN	NaN	NaN
	54420	20.438116693012574	0.1285995088000457	F	NaN	NaN	NaN
	54421	20.453994054915636	0.1366656188468303	F	NaN	NaN	NaN
	54422	20.474617443296808	0.14865247033327933	F	NaN	NaN	NaN
	54423	20.49983755732226	0.16620086490174318	F	NaN	NaN	NaN
	54424	20.529587424109465	0.18821404553036075	F	NaN	NaN	NaN
	54425	20.563575137234707	0.21642550513393907	F	NaN	NaN	NaN
	54426	20.601729809949827	0.25443919435876344	F	NaN	NaN	NaN
	54427	20.64390815954891	0.29624185433961786	F	NaN	NaN	NaN
	54428	20.68996690332605	0.34539652859354286	F	NaN	NaN	NaN
	54429	20.739762758575324	0.4008274471370117	F	NaN	NaN	NaN
	54430	20.793152442590827	0.4622078327415076	F	NaN	NaN	NaN
	54431	20.849992672666627	0.529215077937599	F	NaN	NaN	NaN
	54432	20.910140166096827	0.597843704152161	F	NaN	NaN	NaN
	54433	20.973451640175508	0.6766043593474477	F	NaN	NaN	NaN

# FILTER V
#        MJD  MAG  MAGERR  Upperlimit  Instrument  Telescope  Source
	54377	17.80828055785986	0.02529448031113459	F	NaN	NaN	NaN
	54378	17.754008949758035	0.021681230089446803	F	NaN	NaN	NaN
	54379	17.71478264222863	0.018698175573429076	F	NaN	NaN	NaN
	54380	17.690127661441224	0.016276390695736595	F	NaN	NaN	NaN
	54381	17.679583578929172	0.014457641005289332	F	NaN	NaN	NaN
	54382	17.683539156663773	0.0141779067104819	F	NaN	NaN	NaN
	54383	17.701759006773727	0.017610803146986966	F	NaN	NaN	NaN
	54384	17.735560318891928	0.02194388263470329	F	NaN	NaN	NaN
	54385	17.78624800743579	0.025292241634111735	F	NaN	NaN	NaN
	54386	17.84727564722415	0.028877795627419597	F	NaN	NaN	NaN
	54387	17.918373760284837	0.031751429295554676	F	NaN	NaN	NaN
	54388	18.00555002348059	0.031172207130282792	F	NaN	NaN	NaN
	54389	18.104540866276693	0.029232737307110297	F	NaN	NaN	NaN
	54390	18.210267793581163	0.027621672108106413	F	NaN	NaN	NaN
	54391	18.317955105076994	0.027672663130062586	F	NaN	NaN	NaN
	54392	18.422667131202658	0.029423121790916766	F	NaN	NaN	NaN
	54393	18.51967519236837	0.031214287038862094	F	NaN	NaN	NaN
	54394	18.603885025974716	0.03211836768381972	F	NaN	NaN	NaN
	54395	18.676509221333323	0.032784535068651435	F	NaN	NaN	NaN
	54396	18.74288498695431	0.03700135090086192	F	NaN	NaN	NaN
	54397	18.801941928588416	0.05127755565692732	F	NaN	NaN	NaN
	54398	18.856157001107057	0.07361082185038789	F	NaN	NaN	NaN
	54399	18.908176925415162	0.09282448141150812	F	NaN	NaN	NaN
	54400	18.960584182831905	0.10097801231219602	F	NaN	NaN	NaN
	54401	19.013981457564984	0.09629417568339907	F	NaN	NaN	NaN
	54402	19.06568260535963	0.08860585360690525	F	NaN	NaN	NaN
	54403	19.119930001740755	0.08287847009183952	F	NaN	NaN	NaN
	54404	19.168100590131836	0.09042277717628772	F	NaN	NaN	NaN
	54405	19.199523014505544	0.08654348784193128	F	NaN	NaN	NaN
	54406	19.21483389869619	0.07504348713993567	F	NaN	NaN	NaN
	54407	19.2285483903413	0.06595282576721115	F	NaN	NaN	NaN
	54408	19.246648702790708	0.058932295428656876	F	NaN	NaN	NaN
	54409	19.26102108818472	0.05774684306104376	F	NaN	NaN	NaN
	54410	19.28186687973973	0.059629619254867386	F	NaN	NaN	NaN
	54411	19.303086551421092	0.06181857003274507	F	NaN	NaN	NaN
	54412	19.32398789285153	0.06640333731978898	F	NaN	NaN	NaN
	54413	19.345568961843174	0.0670222380194454	F	NaN	NaN	NaN
	54414	19.3702346411708	0.06493119591745324	F	NaN	NaN	NaN
	54415	19.3958251990574	0.06481162945412608	F	NaN	NaN	NaN
	54416	19.420008017977253	0.06760953131052774	F	NaN	NaN	NaN
	54417	19.440427287432076	0.06680704524535905	F	NaN	NaN	NaN
	54418	19.457905796374092	0.06169156019992816	F	NaN	NaN	NaN
	54419	19.474355680579563	0.058033450839956355	F	NaN	NaN	NaN
	54420	19.486890339600993	0.05713336922360818	F	NaN	NaN	NaN
	54421	19.49257773170184	0.0583408642201594	F	NaN	NaN	NaN
	54422	19.494013124005605	0.06016664428079147	F	NaN	NaN	NaN
	54423	19.497418659085888	0.06406129009565463	F	NaN	NaN	NaN
	54424	19.502193033319806	0.0691104685918412	F	NaN	NaN	NaN
	54425	19.507667714108916	0.07510056637838719	F	NaN	NaN	NaN
	54426	19.5131928172407	0.08555338512643973	F	NaN	NaN	NaN
	54427	19.51810173083234	0.09770144023119146	F	NaN	NaN	NaN
	54428	19.522645976667956	0.11369314976769618	F	NaN	NaN	NaN
	54429	19.52846367966126	0.13392589508749642	F	NaN	NaN	NaN
	54430	19.53524077197128	0.15726130077128303	F	NaN	NaN	NaN
	54431	19.54256063003143	0.1853962200977762	F	NaN	NaN	NaN
	54432	19.550013834070104	0.2171204393579177	F	NaN	NaN	NaN
	54433	19.557187507011218	0.2516076407818439	F	NaN	NaN	NaN

# FILTER g
#        MJD  MAG  MAGERR  Upperlimit  Instrument  Telescope  Source
	54377	17.902125761203727	0.025204959425629777	F	NaN	NaN	NaN
	54378	17.838353590875965	0.024734971150526957	F	NaN	NaN	NaN
	54379	17.79686353549002	0.028037143393330945	F	NaN	NaN	NaN
	54380	17.77709300539554	0.030124979559862878	F	NaN	NaN	NaN
	54381	17.780086724501444	0.028916936406277197	F	NaN	NaN	NaN
	54382	17.805062377731975	0.024426107131918236	F	NaN	NaN	NaN
	54383	17.850541635043633	0.01748460817186226	F	NaN	NaN	NaN
	54384	17.92046449990271	0.016868299742027547	F	NaN	NaN	NaN
	54385	18.01264698367854	0.026562104597311835	F	NaN	NaN	NaN
	54386	18.114754005466963	0.034644111378209344	F	NaN	NaN	NaN
	54387	18.23177250736271	0.03814146892603473	F	NaN	NaN	NaN
	54388	18.37295686193662	0.033839059204762253	F	NaN	NaN	NaN
	54389	18.527209986392542	0.0305741912203083	F	NaN	NaN	NaN
	54390	18.682091263707076	0.03415115525623201	F	NaN	NaN	NaN
	54391	18.82527121310886	0.03985429781904149	F	NaN	NaN	NaN
	54392	18.944373934365082	0.03990466688760101	F	NaN	NaN	NaN
	54393	19.039612042201007	0.03444089495901424	F	NaN	NaN	NaN
	54394	19.124384926330507	0.03620902516314346	F	NaN	NaN	NaN
	54395	19.199829006310633	0.043796260929044636	F	NaN	NaN	NaN
	54396	19.27090616551685	0.053212989779946276	F	NaN	NaN	NaN
	54397	19.344346495224812	0.0563725317963132	F	NaN	NaN	NaN
	54398	19.416543790135403	0.05782283092523137	F	NaN	NaN	NaN
	54399	19.483734083049608	0.06113672430722507	F	NaN	NaN	NaN
	54400	19.542153406768424	0.06418222184608945	F	NaN	NaN	NaN
	54401	19.588865921718398	0.06361663858897922	F	NaN	NaN	NaN
	54402	19.624554532174663	0.06124355760731362	F	NaN	NaN	NaN
	54403	19.651577935398443	0.05819649066030726	F	NaN	NaN	NaN
	54404	19.67213850510986	0.05604999725653834	F	NaN	NaN	NaN
	54405	19.688345965693145	0.05582506517815397	F	NaN	NaN	NaN
	54406	19.70230823330955	0.05676632151935175	F	NaN	NaN	NaN
	54407	19.716254313725358	0.05958038758178551	F	NaN	NaN	NaN
	54408	19.732353731179717	0.06171227370708997	F	NaN	NaN	NaN
	54409	19.752716210056853	0.061681857075637274	F	NaN	NaN	NaN
	54410	19.775441756489982	0.05979273728136468	F	NaN	NaN	NaN
	54411	19.79588290046332	0.05717213805506054	F	NaN	NaN	NaN
	54412	19.814066343587807	0.055050450621525596	F	NaN	NaN	NaN
	54413	19.83020517231435	0.052089297864854014	F	NaN	NaN	NaN
	54414	19.844537297727474	0.04973056008476226	F	NaN	NaN	NaN
	54415	19.857281732757535	0.047721533972249666	F	NaN	NaN	NaN
	54416	19.868671368118935	0.04645090159016439	F	NaN	NaN	NaN
	54417	19.878929331002823	0.04609460522061732	F	NaN	NaN	NaN
	54418	19.887859005287805	0.04780933505928237	F	NaN	NaN	NaN
	54419	19.895032281161804	0.05143154543325876	F	NaN	NaN	NaN
	54420	19.900631784281774	0.057434054482699684	F	NaN	NaN	NaN
	54421	19.904841255196615	0.06592529589737295	F	NaN	NaN	NaN
	54422	19.907982550651095	0.07713066666017089	F	NaN	NaN	NaN
	54423	19.909862967027298	0.090490705116469	F	NaN	NaN	NaN

# FILTER i
#        MJD  MAG  MAGERR  Upperlimit  Instrument  Telescope  Source
	54377	17.884559231865147	0.036058828934141335	F	NaN	NaN	NaN
	54378	17.8189162497526	0.029274147038511222	F	NaN	NaN	NaN
	54379	17.76264606247239	0.024648271282123067	F	NaN	NaN	NaN
	54380	17.715705298175283	0.021655187947152085	F	NaN	NaN	NaN
	54381	17.678076506237755	0.020348351136805828	F	NaN	NaN	NaN
	54382	17.650005276175325	0.020082504083154908	F	NaN	NaN	NaN
	54383	17.631302746777628	0.02056216084445577	F	NaN	NaN	NaN
	54384	17.621757211904573	0.02158592193379559	F	NaN	NaN	NaN
	54385	17.62178269431918	0.022446578220929065	F	NaN	NaN	NaN
	54386	17.63069237309801	0.023464793298726846	F	NaN	NaN	NaN
	54387	17.650859118736346	0.023551930710063784	F	NaN	NaN	NaN
	54388	17.68558246111503	0.02314418465465283	F	NaN	NaN	NaN
	54389	17.7321641233133	0.0231336425314879	F	NaN	NaN	NaN
	54390	17.787233587661866	0.024173682099054968	F	NaN	NaN	NaN
	54391	17.847780892502648	0.025844625112350143	F	NaN	NaN	NaN
	54392	17.91060247954563	0.028136398855174993	F	NaN	NaN	NaN
	54393	17.97257672486116	0.029714392385746358	F	NaN	NaN	NaN
	54394	18.030510826159507	0.030225113863765203	F	NaN	NaN	NaN
	54395	18.08796694305879	0.030080962250973904	F	NaN	NaN	NaN
	54396	18.14535638883438	0.029708212428549444	F	NaN	NaN	NaN
	54397	18.20672244577298	0.030780801862580337	F	NaN	NaN	NaN
	54398	18.26985749314814	0.03420851988407337	F	NaN	NaN	NaN
	54399	18.332353678125088	0.04011537732263183	F	NaN	NaN	NaN
	54400	18.39180314786905	0.04514897179869021	F	NaN	NaN	NaN
	54401	18.445856982360322	0.04880885115525389	F	NaN	NaN	NaN
	54402	18.494942086376597	0.04935214898205202	F	NaN	NaN	NaN
	54403	18.545147577284272	0.048993764610049645	F	NaN	NaN	NaN
	54404	18.59090211183889	0.04870699738760073	F	NaN	NaN	NaN
	54405	18.626381052521666	0.04562543986268642	F	NaN	NaN	NaN
	54406	18.654120559627543	0.04282118488952867	F	NaN	NaN	NaN
	54407	18.681846208662773	0.04538905894619262	F	NaN	NaN	NaN
	54408	18.712766363701675	0.04607823320618207	F	NaN	NaN	NaN
	54409	18.741783212139925	0.04575130344904645	F	NaN	NaN	NaN
	54410	18.769195368292284	0.04598009681517524	F	NaN	NaN	NaN
	54411	18.791221457879704	0.04845853801993799	F	NaN	NaN	NaN
	54412	18.814330475407054	0.05209361802247889	F	NaN	NaN	NaN
	54413	18.84308708387901	0.05321024453777948	F	NaN	NaN	NaN
	54414	18.874774775827127	0.053673037717446	F	NaN	NaN	NaN
	54415	18.90724199383652	0.054527280371615444	F	NaN	NaN	NaN
	54416	18.93848344350625	0.05590186736791135	F	NaN	NaN	NaN
	54417	18.966476629905973	0.05499341542464689	F	NaN	NaN	NaN
	54418	18.991124207572906	0.05165541670456971	F	NaN	NaN	NaN
	54419	19.014945433224838	0.048268514746993216	F	NaN	NaN	NaN
	54420	19.03883203965887	0.04682897189420896	F	NaN	NaN	NaN
	54421	19.063656270791633	0.04749654076861198	F	NaN	NaN	NaN
	54422	19.090025603504024	0.04876956609641039	F	NaN	NaN	NaN
	54423	19.117751228955065	0.051444475533459835	F	NaN	NaN	NaN
	54424	19.146581347031777	0.05696835417505364	F	NaN	NaN	NaN
	54425	19.176253074748743	0.06390969047832497	F	NaN	NaN	NaN
	54426	19.206516808403652	0.07538495866125132	F	NaN	NaN	NaN
	54427	19.237118337498142	0.0880921072519252	F	NaN	NaN	NaN
	54428	19.267195719507132	0.10219173096001838	F	NaN	NaN	NaN
	54429	19.29560424596656	0.11734172860577913	F	NaN	NaN	NaN
	54430	19.322352202875653	0.13135852970823236	F	NaN	NaN	NaN
	54431	19.34749065885241	0.1413608987202875	F	NaN	NaN	NaN
	54432	19.371051175249043	0.15101245218279527	F	NaN	NaN	NaN
	54433	19.393071802491374	0.15958215716392465	F	NaN	NaN	NaN
	54434	19.41337392507652	0.16664096446735469	F	NaN	NaN	NaN
	54435	19.432393084297406	0.1730255910894571	F	NaN	NaN	NaN
	54436	19.450045433175678	0.17909017283100548	F	NaN	NaN	NaN
	54437	19.466363742989653	0.1845368348386597	F	NaN	NaN	NaN
	54438	19.481380785017656	0.18809798606976758	F	NaN	NaN	NaN
	54439	19.494879507861352	0.1916037969744227	F	NaN	NaN	NaN
	54440	19.507104744377664	0.1943054899048955	F	NaN	NaN	NaN
	54441	19.518149241030976	0.19680976368733538	F	NaN	NaN	NaN
	54442	19.52804576909962	0.19914222623095207	F	NaN	NaN	NaN
	54443	19.536827099861934	0.20170027309410893	F	NaN	NaN	NaN
	54444	19.544526004596232	0.20567785217716322	F	NaN	NaN	NaN
	54445	19.55095803608284	0.20996283210057154	F	NaN	NaN	NaN
	54446	19.556358903894992	0.2152579765512549	F	NaN	NaN	NaN
	54447	19.560797873602112	0.2208682279353556	F	NaN	NaN	NaN
	54448	19.564307716482517	0.22686618221020838	F	NaN	NaN	NaN
	54449	19.566921203814548	0.23409123339406657	F	NaN	NaN	NaN
	54450	19.568671106876522	0.2441012846141491	F	NaN	NaN	NaN
	54451	19.569411081164045	0.2550786229482296	F	NaN	NaN	NaN
	54452	19.569356715893434	0.26555486697906877	F	NaN	NaN	NaN
	54453	19.568559294275744	0.2776317926989415	F	NaN	NaN	NaN
	54454	19.5670515875893	0.29198688745968476	F	NaN	NaN	NaN
	54455	19.564866367112426	0.3083673912283073	F	NaN	NaN	NaN
	54456	19.562036404123457	0.32594650672326253	F	NaN	NaN	NaN
	54457	19.558458955369915	0.3468069297209142	F	NaN	NaN	NaN

# FILTER r
#        MJD  MAG  MAGERR  Upperlimit  Instrument  Telescope  Source
	54377	17.76270322566772	0.02390643248346295	F	NaN	NaN	NaN
	54378	17.70213213235891	0.019362623036499545	F	NaN	NaN	NaN
	54379	17.652709175173012	0.015888858187684325	F	NaN	NaN	NaN
	54380	17.61436731499209	0.013642450108005135	F	NaN	NaN	NaN
	54381	17.587057633436302	0.012823579968821488	F	NaN	NaN	NaN
	54382	17.57103377112083	0.01297163593322695	F	NaN	NaN	NaN
	54383	17.566122774566317	0.013679527327988609	F	NaN	NaN	NaN
	54384	17.57217066249515	0.014443635202687093	F	NaN	NaN	NaN
	54385	17.589635028846423	0.015184294904251787	F	NaN	NaN	NaN
	54386	17.617656373266257	0.015716845260730024	F	NaN	NaN	NaN
	54387	17.659705036984878	0.01593839469152256	F	NaN	NaN	NaN
	54388	17.720364390983576	0.01573485392376888	F	NaN	NaN	NaN
	54389	17.795406863497483	0.016181595448136542	F	NaN	NaN	NaN
	54390	17.879751189592938	0.017396890207012513	F	NaN	NaN	NaN
	54391	17.968720852320217	0.019294061306644888	F	NaN	NaN	NaN
	54392	18.057423518138474	0.021541910129556526	F	NaN	NaN	NaN
	54393	18.141138596448748	0.023140910742916448	F	NaN	NaN	NaN
	54394	18.21488906486485	0.023559819598193824	F	NaN	NaN	NaN
	54395	18.282972399103187	0.024608648961374595	F	NaN	NaN	NaN
	54396	18.3460884298233	0.025509066169404557	F	NaN	NaN	NaN
	54397	18.407706294876085	0.0295942306426232	F	NaN	NaN	NaN
	54398	18.467265741737663	0.03682334066231291	F	NaN	NaN	NaN
	54399	18.52410361171723	0.045053308509073936	F	NaN	NaN	NaN
	54400	18.577545090430686	0.050675922274755834	F	NaN	NaN	NaN
	54401	18.632210681380066	0.053665412342699725	F	NaN	NaN	NaN
	54402	18.686723514342475	0.05998771391922191	F	NaN	NaN	NaN
	54403	18.729891089432666	0.05711582471095718	F	NaN	NaN	NaN
	54404	18.76613893126817	0.0500148453158229	F	NaN	NaN	NaN
	54405	18.79852999206089	0.04596671697945591	F	NaN	NaN	NaN
	54406	18.82983613617115	0.045040312369518797	F	NaN	NaN	NaN
	54407	18.8586761029572	0.04219648759795328	F	NaN	NaN	NaN
	54408	18.884647257898823	0.04139051154854696	F	NaN	NaN	NaN
	54409	18.912709245296572	0.041251394255330004	F	NaN	NaN	NaN
	54410	18.937465311847216	0.04145369480809413	F	NaN	NaN	NaN
	54411	18.961724337317136	0.043597452702353254	F	NaN	NaN	NaN
	54412	18.98805159955415	0.044183232476214085	F	NaN	NaN	NaN
	54413	19.015888759748876	0.04429181764055323	F	NaN	NaN	NaN
	54414	19.043358435977083	0.04650674925722714	F	NaN	NaN	NaN
	54415	19.068586922491406	0.04870776780669707	F	NaN	NaN	NaN
	54416	19.09034628170873	0.04690403902026148	F	NaN	NaN	NaN
	54417	19.10990316540909	0.043353278970249154	F	NaN	NaN	NaN
	54418	19.12870757603641	0.040139484814503565	F	NaN	NaN	NaN
	54419	19.14817451896917	0.03861172655549211	F	NaN	NaN	NaN
	54420	19.169140733867906	0.03748097073081584	F	NaN	NaN	NaN
	54421	19.191117125624604	0.03767016913164532	F	NaN	NaN	NaN
	54422	19.21393028937352	0.03936927585801743	F	NaN	NaN	NaN
	54423	19.237419410750324	0.0436685005754242	F	NaN	NaN	NaN
	54424	19.261152765389223	0.049348060598283575	F	NaN	NaN	NaN
	54425	19.284700795092373	0.05578618035165492	F	NaN	NaN	NaN
	54426	19.30806369719887	0.06273676019763208	F	NaN	NaN	NaN
	54427	19.331241437005787	0.06946719962334362	F	NaN	NaN	NaN
	54428	19.35422928028563	0.0764401881845879	F	NaN	NaN	NaN
	54429	19.37703133094256	0.08353775726583396	F	NaN	NaN	NaN
	54430	19.399648094200614	0.08977083904848096	F	NaN	NaN	NaN
	54431	19.422076758667007	0.0959426643332063	F	NaN	NaN	NaN
	54432	19.4443184749947	0.10196042095710933	F	NaN	NaN	NaN
	54433	19.466373207619696	0.10782054713145586	F	NaN	NaN	NaN
	54434	19.48821318236119	0.11417540865008263	F	NaN	NaN	NaN
	54435	19.50988840750105	0.12058943309873324	F	NaN	NaN	NaN
	54436	19.53138416477426	0.12681972256318608	F	NaN	NaN	NaN
	54437	19.552700423550977	0.13285354229253468	F	NaN	NaN	NaN
	54438	19.573837153201378	0.13898257083639842	F	NaN	NaN	NaN
	54439	19.59475673567534	0.14641973194006658	F	NaN	NaN	NaN
	54440	19.615488831196508	0.15488056019350838	F	NaN	NaN	NaN
	54441	19.636041284939378	0.16444377881183594	F	NaN	NaN	NaN
	54442	19.656414066274127	0.17428354310948002	F	NaN	NaN	NaN
	54443	19.676607144570934	0.18387739515503143	F	NaN	NaN	NaN
	54444	19.696620489199965	0.1937823770814181	F	NaN	NaN	NaN
	54445	19.716414185885153	0.2046238839954967	F	NaN	NaN	NaN
	54446	19.736022434881846	0.21713607828561401	F	NaN	NaN	NaN
	54447	19.755450837558794	0.23070109176387238	F	NaN	NaN	NaN
	54448	19.774699363286157	0.24514750924786502	F	NaN	NaN	NaN
	54449	19.79376798143411	0.26061427159813005	F	NaN	NaN	NaN
	54450	19.812656661372834	0.2774761958578243	F	NaN	NaN	NaN
	54451	19.831323187461074	0.29471655956286374	F	NaN	NaN	NaN
	54452	19.84980631026437	0.31142575881132706	F	NaN	NaN	NaN
	54453	19.86810938220645	0.32958668812760894	F	NaN	NaN	NaN
	54454	19.88623237265749	0.3491652883250327	F	NaN	NaN	NaN
	54455	19.90417525098766	0.36954965004086415	F	NaN	NaN	NaN
	54456	19.92193798656714	0.3907188554618871	F	NaN	NaN	NaN
	54457	19.939476057250275	0.4116481639537194	F	NaN	NaN	NaN