###################### HEADER ######################
# SNNAME:	SN2007cl
###################### HEADER ######################


# FILTER i
#        MJD  MAG  MAGERR  Upperlimit  Instrument  Telescope  Source
	54245	18.08395322795944	0.05383856408216459	F	NaN	NaN	NaN
	54246	18.011522688422342	0.043387770521608394	F	NaN	NaN	NaN
	54247	17.94666222668629	0.03540748058548593	F	NaN	NaN	NaN
	54248	17.889281411284255	0.030358621894155197	F	NaN	NaN	NaN
	54249	17.83946983193301	0.02677109547689953	F	NaN	NaN	NaN
	54250	17.79736106894628	0.025072019849803374	F	NaN	NaN	NaN
	54251	17.762913124018308	0.024587256299479058	F	NaN	NaN	NaN
	54252	17.73603564793474	0.024210171661603927	F	NaN	NaN	NaN
	54253	17.716715060567832	0.02475561099021928	F	NaN	NaN	NaN
	54254	17.70547188656038	0.025410495887723393	F	NaN	NaN	NaN
	54255	17.704363565553773	0.025859171969462164	F	NaN	NaN	NaN
	54256	17.71271974725575	0.026403303103067134	F	NaN	NaN	NaN
	54257	17.729526157011954	0.027075888740418295	F	NaN	NaN	NaN
	54258	17.753696231686632	0.02798713416782852	F	NaN	NaN	NaN
	54259	17.784167005200352	0.02954228139248998	F	NaN	NaN	NaN
	54260	17.81989115793079	0.031671233437214286	F	NaN	NaN	NaN
	54261	17.85980535506492	0.03415269203348282	F	NaN	NaN	NaN
	54262	17.902810592164474	0.03664652665797637	F	NaN	NaN	NaN
	54263	17.94789179138341	0.038862870427725765	F	NaN	NaN	NaN
	54264	17.99398028307394	0.04055238940396009	F	NaN	NaN	NaN
	54265	18.040013141851087	0.04139725526270799	F	NaN	NaN	NaN
	54266	18.086013530394823	0.04120468186618425	F	NaN	NaN	NaN
	54267	18.134777154013314	0.04123858321040145	F	NaN	NaN	NaN
	54268	18.186021374183518	0.041986566427068286	F	NaN	NaN	NaN
	54269	18.23900489545304	0.042545775050032736	F	NaN	NaN	NaN
	54270	18.29314826963529	0.043485131805728626	F	NaN	NaN	NaN
	54271	18.347833190047055	0.04521598349812362	F	NaN	NaN	NaN
	54272	18.402400551206107	0.04735512058257271	F	NaN	NaN	NaN
	54273	18.456224734231824	0.04987275281410948	F	NaN	NaN	NaN
	54274	18.508689391728712	0.052188770839861905	F	NaN	NaN	NaN
	54275	18.5591280436108	0.05441434626518921	F	NaN	NaN	NaN
	54276	18.606862073752183	0.056195680363735095	F	NaN	NaN	NaN
	54277	18.652243191316707	0.05770245063805615	F	NaN	NaN	NaN
	54278	18.696949059100657	0.059336107596326404	F	NaN	NaN	NaN
	54279	18.74092868382909	0.06145303380016562	F	NaN	NaN	NaN
	54280	18.783903937910445	0.0632230102366623	F	NaN	NaN	NaN
	54281	18.82560002587743	0.06584875022856503	F	NaN	NaN	NaN
	54282	18.86574215226274	0.06992165258738653	F	NaN	NaN	NaN
	54283	18.90404607569185	0.07402193206097318	F	NaN	NaN	NaN
	54284	18.94024492304316	0.07888239791779093	F	NaN	NaN	NaN
	54285	18.975058999144178	0.08518817769833616	F	NaN	NaN	NaN
	54286	19.010411504638572	0.09039257483009164	F	NaN	NaN	NaN
	54287	19.04602073616513	0.0948356845373105	F	NaN	NaN	NaN
	54288	19.081522775378104	0.09798874527196462	F	NaN	NaN	NaN
	54289	19.11655100376938	0.10155177700474778	F	NaN	NaN	NaN
	54290	19.150738802830848	0.10612599943286408	F	NaN	NaN	NaN
	54291	19.18372807881465	0.11234714874886954	F	NaN	NaN	NaN
	54292	19.215137957267203	0.11884637273400625	F	NaN	NaN	NaN
	54293	19.244953441387146	0.12735602328897266	F	NaN	NaN	NaN
	54294	19.2741984656347	0.13810167911877064	F	NaN	NaN	NaN
	54295	19.302953475375002	0.14953943002291342	F	NaN	NaN	NaN
	54296	19.33118747622954	0.16026360467188294	F	NaN	NaN	NaN
	54297	19.358863792436058	0.17186506780536842	F	NaN	NaN	NaN
	54298	19.385980234230605	0.18435732507630542	F	NaN	NaN	NaN
	54299	19.412528996977144	0.1972624239166379	F	NaN	NaN	NaN
	54300	19.438487460353958	0.21205380833700244	F	NaN	NaN	NaN
	54301	19.46374573655519	0.22828815720620865	F	NaN	NaN	NaN
	54302	19.488343921008724	0.24474349507794824	F	NaN	NaN	NaN
	54303	19.512277486796012	0.26216419380158457	F	NaN	NaN	NaN
	54304	19.535523813595322	0.2805444669700948	F	NaN	NaN	NaN
	54305	19.557960323271814	0.29891032811472257	F	NaN	NaN	NaN
	54306	19.57963636224497	0.3192275965342071	F	NaN	NaN	NaN
	54307	19.600550842933625	0.34045064213557286	F	NaN	NaN	NaN
	54308	19.620681145016068	0.3625573989983363	F	NaN	NaN	NaN
	54309	19.639892161648344	0.38563737040328405	F	NaN	NaN	NaN
	54310	19.65824216700174	0.40957220548953854	F	NaN	NaN	NaN
	54311	19.675733674452406	0.43319609843497775	F	NaN	NaN	NaN
	54312	19.692356512032823	0.4566407565614696	F	NaN	NaN	NaN
	54313	19.707975511033162	0.48418540538408095	F	NaN	NaN	NaN

# FILTER r
#        MJD  MAG  MAGERR  Upperlimit  Instrument  Telescope  Source
	54245	17.920087600011076	0.04704946117634029	F	NaN	NaN	NaN
	54246	17.856163693545003	0.03776625696566552	F	NaN	NaN	NaN
	54247	17.799740740398256	0.031012405598868493	F	NaN	NaN	NaN
	54248	17.750677421676855	0.026452752801679268	F	NaN	NaN	NaN
	54249	17.70916119202787	0.023834008250735908	F	NaN	NaN	NaN
	54250	17.67535701945002	0.022350616590345315	F	NaN	NaN	NaN
	54251	17.649133348818797	0.021611830348524926	F	NaN	NaN	NaN
	54252	17.63064159786125	0.021249165695593604	F	NaN	NaN	NaN
	54253	17.619724000981964	0.021388374487667297	F	NaN	NaN	NaN
	54254	17.61733901597201	0.0219267165691115	F	NaN	NaN	NaN
	54255	17.625987421194353	0.022749798721363013	F	NaN	NaN	NaN
	54256	17.644778337953667	0.023890472927735888	F	NaN	NaN	NaN
	54257	17.672641668707087	0.024975600964734983	F	NaN	NaN	NaN
	54258	17.708422085923033	0.026447569062270325	F	NaN	NaN	NaN
	54259	17.750997144064772	0.02840948286058284	F	NaN	NaN	NaN
	54260	17.79925808483386	0.031156229773548642	F	NaN	NaN	NaN
	54261	17.85208246070125	0.03390167893611829	F	NaN	NaN	NaN
	54262	17.90830321078905	0.036294947658988594	F	NaN	NaN	NaN
	54263	17.966847142600905	0.03825106113102179	F	NaN	NaN	NaN
	54264	18.026585817815466	0.03979334376632344	F	NaN	NaN	NaN
	54265	18.08639101137858	0.04057829894418642	F	NaN	NaN	NaN
	54266	18.15049261505957	0.04101906234909586	F	NaN	NaN	NaN
	54267	18.223490280811863	0.04339249597741292	F	NaN	NaN	NaN
	54268	18.287784100413635	0.044176268694990264	F	NaN	NaN	NaN
	54269	18.353890797754158	0.04429732571522518	F	NaN	NaN	NaN
	54270	18.42194083778516	0.045548663368866385	F	NaN	NaN	NaN
	54271	18.490841570164804	0.04683440724393171	F	NaN	NaN	NaN
	54272	18.559432896087696	0.04965214032356527	F	NaN	NaN	NaN
	54273	18.626613046369574	0.05331955116458756	F	NaN	NaN	NaN
	54274	18.691295594651976	0.05742653928620706	F	NaN	NaN	NaN
	54275	18.7523083129379	0.06067332833802782	F	NaN	NaN	NaN
	54276	18.808445668041518	0.0631152841763294	F	NaN	NaN	NaN
	54277	18.860070293240277	0.0642471722160822	F	NaN	NaN	NaN
	54278	18.909615037291342	0.06490455825101732	F	NaN	NaN	NaN
	54279	18.957426144843957	0.06604479230888889	F	NaN	NaN	NaN
	54280	19.003482046164105	0.0673586840252849	F	NaN	NaN	NaN
	54281	19.047773628277856	0.06826993262243572	F	NaN	NaN	NaN
	54282	19.090291778211284	0.06796082250758177	F	NaN	NaN	NaN
	54283	19.131019714952878	0.06777363070818392	F	NaN	NaN	NaN
	54284	19.169956152402584	0.06760369283839056	F	NaN	NaN	NaN
	54285	19.207584248967823	0.06872048490229064	F	NaN	NaN	NaN
	54286	19.244994525039516	0.07003718041766266	F	NaN	NaN	NaN
	54287	19.2821941874257	0.07213424597104703	F	NaN	NaN	NaN
	54288	19.319142423061592	0.07358307313365857	F	NaN	NaN	NaN
	54289	19.355799159408406	0.07644497079878437	F	NaN	NaN	NaN
	54290	19.392124323927327	0.0796579788591058	F	NaN	NaN	NaN
	54291	19.4280802054174	0.08354654701133875	F	NaN	NaN	NaN
	54292	19.463622418524317	0.0876676314636993	F	NaN	NaN	NaN
	54293	19.498890223639723	0.09225073236116349	F	NaN	NaN	NaN
	54294	19.53434538803787	0.09736309760726747	F	NaN	NaN	NaN
	54295	19.56996917857692	0.10300991214524927	F	NaN	NaN	NaN
	54296	19.60571414772879	0.1093246285721313	F	NaN	NaN	NaN
	54297	19.64151493192187	0.11626456920811125	F	NaN	NaN	NaN
	54298	19.677330354063944	0.12267686056412339	F	NaN	NaN	NaN
	54299	19.713102665506362	0.13161856886788506	F	NaN	NaN	NaN
	54300	19.748780563937558	0.14111103255817892	F	NaN	NaN	NaN
	54301	19.78431330144192	0.15165112197729383	F	NaN	NaN	NaN
	54302	19.819650130103845	0.1626934529520119	F	NaN	NaN	NaN
	54303	19.854740302007723	0.17390290243454698	F	NaN	NaN	NaN
	54304	19.889533069237952	0.1863961601603515	F	NaN	NaN	NaN
	54305	19.923977683878917	0.20058235824098358	F	NaN	NaN	NaN
	54306	19.958023398015023	0.21527890441557296	F	NaN	NaN	NaN
	54307	19.991614531443595	0.23072612815927412	F	NaN	NaN	NaN
	54308	20.024660252189985	0.2480530300112863	F	NaN	NaN	NaN
	54309	20.057146458986708	0.26631159990317954	F	NaN	NaN	NaN
	54310	20.089022403918158	0.28546169731146065	F	NaN	NaN	NaN
	54311	20.120237339068733	0.3054629679368601	F	NaN	NaN	NaN
	54312	20.150740516522823	0.326275691392736	F	NaN	NaN	NaN
	54313	20.180481188364826	0.3478613975540285	F	NaN	NaN	NaN

# FILTER V
#        MJD  MAG  MAGERR  Upperlimit  Instrument  Telescope  Source
	54243	17.944492546253592	0.1653949149081447	F	NaN	NaN	NaN
	54244	17.923780239928245	0.12815807495241072	F	NaN	NaN	NaN
	54245	17.906111788088083	0.09654817609601968	F	NaN	NaN	NaN
	54246	17.891283769665712	0.07034291714931107	F	NaN	NaN	NaN
	54247	17.879123937702545	0.0500752605415296	F	NaN	NaN	NaN
	54248	17.869397678269515	0.03639692058083997	F	NaN	NaN	NaN
	54249	17.862223634897965	0.029273014863225137	F	NaN	NaN	NaN
	54250	17.85825495944234	0.02696055996421256	F	NaN	NaN	NaN
	54251	17.858171224671768	0.027684003897390258	F	NaN	NaN	NaN
	54252	17.861274742872038	0.028532473578867908	F	NaN	NaN	NaN
	54253	17.868640322244953	0.029215677698914044	F	NaN	NaN	NaN
	54254	17.879468593286404	0.030611564986631735	F	NaN	NaN	NaN
	54255	17.89526206062323	0.03402500983236907	F	NaN	NaN	NaN
	54256	17.918706468723784	0.03831664029608032	F	NaN	NaN	NaN
	54257	17.952510042559293	0.04111673636950279	F	NaN	NaN	NaN
	54258	17.99730423274531	0.042969462251099294	F	NaN	NaN	NaN
	54259	18.051494691758503	0.04476373201674676	F	NaN	NaN	NaN
	54260	18.113387833598523	0.045957515810754204	F	NaN	NaN	NaN
	54261	18.181274753402246	0.047897178611669866	F	NaN	NaN	NaN
	54262	18.25338682075608	0.04991818404777539	F	NaN	NaN	NaN
	54263	18.32807496782618	0.05288017831173025	F	NaN	NaN	NaN
	54264	18.403617310478836	0.054521937939074276	F	NaN	NaN	NaN
	54265	18.4783092960346	0.054500554654094854	F	NaN	NaN	NaN
	54266	18.55045606985516	0.05346344587854747	F	NaN	NaN	NaN
	54267	18.62002793987568	0.05232110835458001	F	NaN	NaN	NaN
	54268	18.69112392487762	0.05401905558138645	F	NaN	NaN	NaN
	54269	18.763238445946502	0.057314831459212554	F	NaN	NaN	NaN
	54270	18.83561830802019	0.06113106389709884	F	NaN	NaN	NaN
	54271	18.90744867572431	0.06622969823160492	F	NaN	NaN	NaN
	54272	18.977904008347526	0.07204793084566576	F	NaN	NaN	NaN
	54273	19.046216481220323	0.07872672552606444	F	NaN	NaN	NaN
	54274	19.111606134254096	0.08526604096606422	F	NaN	NaN	NaN
	54275	19.17321645122357	0.09088724528088042	F	NaN	NaN	NaN
	54276	19.230158640694125	0.09633584782885149	F	NaN	NaN	NaN
	54277	19.281920820575646	0.09889491639593351	F	NaN	NaN	NaN
	54278	19.328064674479744	0.09971115283208033	F	NaN	NaN	NaN
	54279	19.37111028326792	0.09972194907143345	F	NaN	NaN	NaN
	54280	19.4114169703139	0.09929102334109113	F	NaN	NaN	NaN
	54281	19.449108943974107	0.09925217081829926	F	NaN	NaN	NaN
	54282	19.48431041260497	0.0990982449342262	F	NaN	NaN	NaN
	54283	19.517145584562904	0.09987607896342726	F	NaN	NaN	NaN
	54284	19.54773866820435	0.10015554338633963	F	NaN	NaN	NaN
	54285	19.57623505195139	0.1021700237624234	F	NaN	NaN	NaN
	54286	19.60270171083126	0.10495746635963571	F	NaN	NaN	NaN
	54287	19.627306611671475	0.10883628635606446	F	NaN	NaN	NaN
	54288	19.650166116334404	0.11280780951379785	F	NaN	NaN	NaN
	54289	19.671404698851006	0.11809358823444446	F	NaN	NaN	NaN
	54290	19.69114683325228	0.12311140221501773	F	NaN	NaN	NaN
	54291	19.710022270411095	0.12916769210153678	F	NaN	NaN	NaN
	54292	19.728966082326856	0.1371786296892859	F	NaN	NaN	NaN
	54293	19.747902509300694	0.14568383159603238	F	NaN	NaN	NaN
	54294	19.766742494383276	0.15516547361826577	F	NaN	NaN	NaN
	54295	19.78539066775161	0.1663784780176032	F	NaN	NaN	NaN
	54296	19.803749916575523	0.17974849065670706	F	NaN	NaN	NaN
	54297	19.821723128024836	0.19490256250005067	F	NaN	NaN	NaN
	54298	19.839213189269373	0.21160404069990796	F	NaN	NaN	NaN
	54299	19.856122987478955	0.23054237658713478	F	NaN	NaN	NaN
	54300	19.872355409823417	0.25158409424064376	F	NaN	NaN	NaN
	54301	19.88781334347257	0.2741080833439655	F	NaN	NaN	NaN
	54302	19.902399675596246	0.2990784165123268	F	NaN	NaN	NaN
	54303	19.916017293364263	0.32629060526659004	F	NaN	NaN	NaN
	54304	19.928569083946453	0.354159219024905	F	NaN	NaN	NaN
	54305	19.939957934512638	0.3851422069957071	F	NaN	NaN	NaN
	54306	19.950086732232634	0.416563964374424	F	NaN	NaN	NaN
	54307	19.95882555810551	0.4495656670174234	F	NaN	NaN	NaN
	54308	19.966064191514928	0.48406377184793126	F	NaN	NaN	NaN
	54309	19.97174145242777	0.5199362325438696	F	NaN	NaN	NaN
	54310	19.975760228013858	0.5571042717226372	F	NaN	NaN	NaN
	54311	19.978023405443015	0.5954918766946108	F	NaN	NaN	NaN
	54312	19.97843387188505	0.6350259957820046	F	NaN	NaN	NaN
	54313	19.976894514509798	0.6775565566808639	F	NaN	NaN	NaN