###################### HEADER ######################
# SNNAME:	SN2005az
###################### HEADER ######################


# FILTER i
#        MJD  MAG  MAGERR  Upperlimit  Instrument  Telescope  Source
	53466	16.33815855451386	0.04375122929204986	F	NaN	NaN	NaN
	53467	16.29058794962317	0.03888368664652222	F	NaN	NaN	NaN
	53468	16.246454731242235	0.035171646260420006	F	NaN	NaN	NaN
	53469	16.205756096387113	0.03223693242942056	F	NaN	NaN	NaN
	53470	16.168520605714626	0.030900664233154018	F	NaN	NaN	NaN
	53471	16.134756309477833	0.030073269828740763	F	NaN	NaN	NaN
	53472	16.104404538310526	0.03029155249825588	F	NaN	NaN	NaN
	53473	16.077687656723718	0.03125891879550615	F	NaN	NaN	NaN
	53474	16.054432235788894	0.032425893669746284	F	NaN	NaN	NaN
	53475	16.034971574252022	0.033730124108008006	F	NaN	NaN	NaN
	53476	16.01923912073705	0.03484978352946382	F	NaN	NaN	NaN
	53477	16.0069425851445	0.03581587352546331	F	NaN	NaN	NaN
	53478	15.997802442893178	0.03681579672255683	F	NaN	NaN	NaN
	53479	15.991537665494752	0.0375821688553351	F	NaN	NaN	NaN
	53480	15.988686759858744	0.037998249890897284	F	NaN	NaN	NaN
	53481	15.990934718040364	0.03776831617272157	F	NaN	NaN	NaN
	53482	15.997964673559474	0.0374711719598128	F	NaN	NaN	NaN
	53483	16.009364300499637	0.03700835623688731	F	NaN	NaN	NaN
	53484	16.024526890793126	0.036435562249439356	F	NaN	NaN	NaN
	53485	16.043068905371562	0.03534656193170464	F	NaN	NaN	NaN
	53486	16.06452813412712	0.035156471073244974	F	NaN	NaN	NaN
	53487	16.088442366951977	0.035124548027076645	F	NaN	NaN	NaN
	53488	16.114349393738326	0.03542323854919591	F	NaN	NaN	NaN
	53489	16.141787004378347	0.03585481703378213	F	NaN	NaN	NaN
	53490	16.170292988764217	0.03578908697379915	F	NaN	NaN	NaN
	53491	16.199405136788123	0.035367297801982826	F	NaN	NaN	NaN
	53492	16.228661238342244	0.03443031209353583	F	NaN	NaN	NaN
	53493	16.258564526665516	0.03330212839302485	F	NaN	NaN	NaN
	53494	16.28973213625124	0.03195568806498423	F	NaN	NaN	NaN
	53495	16.322628664673324	0.031035950880154962	F	NaN	NaN	NaN
	53496	16.357242672368663	0.030512088636824697	F	NaN	NaN	NaN
	53497	16.39347534264041	0.030791518270718386	F	NaN	NaN	NaN
	53498	16.43124235401156	0.03209070491540618	F	NaN	NaN	NaN
	53499	16.470238967885717	0.03516370862790933	F	NaN	NaN	NaN
	53500	16.50998956995178	0.03915453179320408	F	NaN	NaN	NaN
	53501	16.550595988924027	0.04393684849984853	F	NaN	NaN	NaN
	53502	16.592184138491294	0.05041973758671846	F	NaN	NaN	NaN
	53503	16.634890646689012	0.057627401035965926	F	NaN	NaN	NaN
	53504	16.67881490109442	0.06614582095229801	F	NaN	NaN	NaN
	53505	16.72411350728192	0.07543488404781377	F	NaN	NaN	NaN
	53506	16.77090586423498	0.08520908961283043	F	NaN	NaN	NaN
	53507	16.819301313826305	0.09600446740199962	F	NaN	NaN	NaN
	53508	16.869441620779963	0.10710381589943742	F	NaN	NaN	NaN
	53509	16.919376081112347	0.1188688381972887	F	NaN	NaN	NaN
	53510	16.968808617412034	0.13012822727963963	F	NaN	NaN	NaN
	53511	17.015414948469598	0.1399301352221342	F	NaN	NaN	NaN
	53512	17.060713490412336	0.14905761303430537	F	NaN	NaN	NaN
	53513	17.10351002696236	0.15679854106004215	F	NaN	NaN	NaN
	53514	17.14488877352249	0.1637537647809754	F	NaN	NaN	NaN
	53515	17.18407028669235	0.16979774076210746	F	NaN	NaN	NaN
	53516	17.22174343684422	0.17521616080683924	F	NaN	NaN	NaN
	53517	17.25750469776129	0.17971629508132958	F	NaN	NaN	NaN
	53518	17.29168645047925	0.1834577871307277	F	NaN	NaN	NaN
	53519	17.324222230270898	0.1864107444855751	F	NaN	NaN	NaN
	53520	17.355126784529286	0.18858223216552722	F	NaN	NaN	NaN
	53521	17.384631854322883	0.1901025388372707	F	NaN	NaN	NaN
	53522	17.412473409096048	0.19084881091597028	F	NaN	NaN	NaN
	53523	17.43914254001897	0.1909341388357365	F	NaN	NaN	NaN
	53524	17.464135294281256	0.19007442340638608	F	NaN	NaN	NaN
	53525	17.488163257460876	0.1890147537642885	F	NaN	NaN	NaN
	53526	17.51052141018663	0.18760901372339	F	NaN	NaN	NaN
	53527	17.532102976750316	0.18577466477100435	F	NaN	NaN	NaN
	53528	17.552040726913887	0.18303307024516913	F	NaN	NaN	NaN
	53529	17.571370667989	0.18004594849742628	F	NaN	NaN	NaN
	53530	17.589102214564733	0.17641314808445988	F	NaN	NaN	NaN
	53531	17.606375301278664	0.17247949530613263	F	NaN	NaN	NaN
	53532	17.622114843240897	0.16753949365329282	F	NaN	NaN	NaN
	53533	17.637525846721015	0.1625908672918608	F	NaN	NaN	NaN
	53534	17.651487583044098	0.1576041951379819	F	NaN	NaN	NaN
	53535	17.66523127441777	0.1525518361702216	F	NaN	NaN	NaN
	53536	17.67762940407605	0.1470941219662873	F	NaN	NaN	NaN
	53537	17.689900554470654	0.1415833926476981	F	NaN	NaN	NaN
	53538	17.700949276438475	0.1355622872147128	F	NaN	NaN	NaN
	53539	17.71194265698138	0.12956218144918052	F	NaN	NaN	NaN
	53540	17.72185617023308	0.12397183842547288	F	NaN	NaN	NaN
	53541	17.73176655205166	0.11838045778793192	F	NaN	NaN	NaN
	53542	17.740759055561597	0.1124849342251369	F	NaN	NaN	NaN
	53543	17.74975155907153	0.10658941066234189	F	NaN	NaN	NaN
	53544	17.75806690252573	0.10078518016095286	F	NaN	NaN	NaN
	53545	17.766352595268238	0.09498494709594593	F	NaN	NaN	NaN
	53546	17.7741886812272	0.08940831333737313	F	NaN	NaN	NaN
	53547	17.78198176217663	0.08385306691248226	F	NaN	NaN	NaN
	53548	17.789533361767734	0.07893418109359279	F	NaN	NaN	NaN
	53549	17.797048029898434	0.07411261842497223	F	NaN	NaN	NaN
	53550	17.804501651193206	0.0696734209680985	F	NaN	NaN	NaN
	53551	17.811953849144448	0.06657663900037553	F	NaN	NaN	NaN
	53552	17.819471444449757	0.06405646746449671	F	NaN	NaN	NaN
	53553	17.827101735270823	0.06159590471803934	F	NaN	NaN	NaN
	53554	17.834888206663674	0.05960336264786782	F	NaN	NaN	NaN
	53555	17.842902627396246	0.05906060569793817	F	NaN	NaN	NaN
	53556	17.85118061410965	0.060204476804075605	F	NaN	NaN	NaN
	53557	17.85976253349674	0.06166384566143829	F	NaN	NaN	NaN
	53558	17.86873385267763	0.06341614081836393	F	NaN	NaN	NaN
	53559	17.87812070983601	0.06675091056023667	F	NaN	NaN	NaN
	53560	17.88795925176996	0.07140220233315009	F	NaN	NaN	NaN
	53561	17.898347542420215	0.07647366276821485	F	NaN	NaN	NaN

# FILTER V
#        MJD  MAG  MAGERR  Upperlimit  Instrument  Telescope  Source
	53468	16.256285714285745	0.053817919483132685	F	NaN	NaN	NaN
	53469	16.233428571428604	0.047209550552247015	F	NaN	NaN	NaN
	53470	16.210571428571463	0.04301323996108246	F	NaN	NaN	NaN
	53471	16.187714285714318	0.04195009233853212	F	NaN	NaN	NaN
	53472	16.164857142857176	0.04424772785381269	F	NaN	NaN	NaN
	53473	16.14200000000003	0.04944950153845942	F	NaN	NaN	NaN
	53474	16.11914285714289	0.05679182768581645	F	NaN	NaN	NaN
	53475	16.125652173913004	0.05513287438184361	F	NaN	NaN	NaN
	53476	16.151739130434734	0.04818897158541578	F	NaN	NaN	NaN
	53477	16.17782608695647	0.043734530703924406	F	NaN	NaN	NaN
	53478	16.203913043478202	0.04255047774546244	F	NaN	NaN	NaN
	53479	16.229999999999936	0.04489381312745036	F	NaN	NaN	NaN
	53480	16.25608695652167	0.050279812071084576	F	NaN	NaN	NaN
	53481	16.2821739130434	0.057870189732186356	F	NaN	NaN	NaN
	53482	16.31545454545444	0.05854600200862617	F	NaN	NaN	NaN
	53483	16.351818181818075	0.05602861814879054	F	NaN	NaN	NaN
	53484	16.388181818181714	0.05384792546350587	F	NaN	NaN	NaN
	53485	16.42454545454535	0.05204492945209921	F	NaN	NaN	NaN
	53486	16.460909090908984	0.05065878136839009	F	NaN	NaN	NaN
	53487	16.49727272727262	0.04972369063423655	F	NaN	NaN	NaN
	53488	16.53363636363626	0.04926556268779246	F	NaN	NaN	NaN
	53489	16.569999999999894	0.04929889645920903	F	NaN	NaN	NaN
	53490	16.60636363636353	0.04987709588947279	F	NaN	NaN	NaN
	53491	16.642727272727168	0.050927384966297756	F	NaN	NaN	NaN
	53492	16.679090909090803	0.05242090636514482	F	NaN	NaN	NaN
	53493	16.71545454545444	0.05432150268959873	F	NaN	NaN	NaN
	53494	16.751818181818077	0.05658910653203173	F	NaN	NaN	NaN
	53495	16.788181818181712	0.0591826636206114	F	NaN	NaN	NaN
	53496	16.824545454545348	0.062062365574845006	F	NaN	NaN	NaN
	53497	16.860909090908983	0.06519114718956658	F	NaN	NaN	NaN
	53498	16.89727272727262	0.06853552334718523	F	NaN	NaN	NaN
	53499	16.933636363636257	0.07206590718766737	F	NaN	NaN	NaN
	53500	16.969999999999892	0.07575656861238281	F	NaN	NaN	NaN
	53501	17.006363636363528	0.07959820351433552	F	NaN	NaN	NaN
	53502	17.042727272727166	0.08355529587000722	F	NaN	NaN	NaN
	53503	17.079090909090805	0.08761271275177804	F	NaN	NaN	NaN
	53504	17.09	0.07095443250230545	F	NaN	NaN	NaN
	53505	17.09	0.0641206832635503	F	NaN	NaN	NaN
	53506	17.09	0.0830920750310857	F	NaN	NaN	NaN
	53507	17.116551724137874	0.07626416829386326	F	NaN	NaN	NaN
	53508	17.15448275862071	0.0826519537266169	F	NaN	NaN	NaN
	53509	17.19241379310354	0.11622714292426248	F	NaN	NaN	NaN
	53510	17.209504950495077	0.1149251424120989	F	NaN	NaN	NaN
	53511	17.221386138613884	0.10358189643782043	F	NaN	NaN	NaN
	53512	17.23326732673269	0.09334804496414861	F	NaN	NaN	NaN
	53513	17.245148514851493	0.08462664824154338	F	NaN	NaN	NaN
	53514	17.257029702970296	0.07792550115739777	F	NaN	NaN	NaN
	53515	17.268910891089103	0.07379349616821959	F	NaN	NaN	NaN
	53516	17.28079207920791	0.07266619397880934	F	NaN	NaN	NaN
	53517	17.292673267326713	0.07467851063119092	F	NaN	NaN	NaN
	53518	17.30455445544552	0.07959512667832697	F	NaN	NaN	NaN
	53519	17.316435643564326	0.086928144904195	F	NaN	NaN	NaN
	53520	17.33346650620899	0.07782276002208734	F	NaN	NaN	NaN
	53521	17.351126675059895	0.07238828814052514	F	NaN	NaN	NaN
	53522	17.36825281110304	0.0676298763340026	F	NaN	NaN	NaN
	53523	17.38485919877995	0.06413289571866337	F	NaN	NaN	NaN
	53524	17.400960122532137	0.06171097481260167	F	NaN	NaN	NaN
	53525	17.416569866801115	0.06095809993292657	F	NaN	NaN	NaN
	53526	17.431702716028408	0.060630216075668604	F	NaN	NaN	NaN
	53527	17.446392189223285	0.06143407801224505	F	NaN	NaN	NaN
	53528	17.460681710494757	0.06273879362888786	F	NaN	NaN	NaN
	53529	17.47452673985207	0.06399563267680185	F	NaN	NaN	NaN
	53530	17.487876091803955	0.06522707656660652	F	NaN	NaN	NaN
	53531	17.500678580859176	0.06686188016565922	F	NaN	NaN	NaN
	53532	17.512883271170608	0.06791936333445839	F	NaN	NaN	NaN
	53533	17.52443902658399	0.0690472339082187	F	NaN	NaN	NaN
	53534	17.53529490643899	0.06972772052224721	F	NaN	NaN	NaN
	53535	17.54539981961761	0.07042542796738102	F	NaN	NaN	NaN
	53536	17.55509227021	0.07049196041499849	F	NaN	NaN	NaN
	53537	17.56503237194422	0.06916098307580967	F	NaN	NaN	NaN
	53538	17.57505315043546	0.06746510997172368	F	NaN	NaN	NaN
	53539	17.584949162934034	0.06584680230514348	F	NaN	NaN	NaN
	53540	17.594521503018644	0.06487623832083936	F	NaN	NaN	NaN
	53541	17.603572006561517	0.06546754666339479	F	NaN	NaN	NaN
	53542	17.611902509434888	0.06699559027529202	F	NaN	NaN	NaN
	53543	17.61930711469667	0.06927846959878352	F	NaN	NaN	NaN
	53544	17.625582276140726	0.07159173620021499	F	NaN	NaN	NaN
	53545	17.630530317063013	0.07340652466875744	F	NaN	NaN	NaN
	53546	17.633950417644265	0.07420488141625964	F	NaN	NaN	NaN
	53547	17.634219708224368	0.07358035725024348	F	NaN	NaN	NaN
	53548	17.629252329410427	0.0735802338489252	F	NaN	NaN	NaN
	53549	17.622909269217093	0.07490465705808837	F	NaN	NaN	NaN
	53550	17.61941389154887	0.07613396527397868	F	NaN	NaN	NaN
	53551	17.619806068827856	0.07491194552323076	F	NaN	NaN	NaN
	53552	17.619645456134034	0.07306826252485943	F	NaN	NaN	NaN
	53553	17.6191819129356	0.07082281031962057	F	NaN	NaN	NaN
	53554	17.61882100416333	0.06905328704618195	F	NaN	NaN	NaN
	53555	17.618962181808556	0.06788545364596178	F	NaN	NaN	NaN
	53556	17.62004601562968	0.06876495659398166	F	NaN	NaN	NaN
	53557	17.622453911952004	0.07093447722806105	F	NaN	NaN	NaN
	53558	17.626627527038373	0.074206360581595	F	NaN	NaN	NaN
	53559	17.632929114704396	0.0773172124828609	F	NaN	NaN	NaN
	53560	17.6418407119162	0.08013790018437236	F	NaN	NaN	NaN
	53561	17.653738131027673	0.0823481619568307	F	NaN	NaN	NaN
	53562	17.66895485826148	0.08344915475040633	F	NaN	NaN	NaN
	53563	17.686761449518766	0.08456414330483	F	NaN	NaN	NaN
	53564	17.70661377835514	0.08586992400417967	F	NaN	NaN	NaN
	53565	17.727948100781457	0.08661706582312559	F	NaN	NaN	NaN
	53566	17.750071803800715	0.08749567209382222	F	NaN	NaN	NaN
	53567	17.772381836059566	0.08875496979417082	F	NaN	NaN	NaN
	53568	17.794275146204654	0.09017218017401066	F	NaN	NaN	NaN
	53569	17.815111800500343	0.09024055235353953	F	NaN	NaN	NaN
	53570	17.83425105688369	0.08945645874388689	F	NaN	NaN	NaN
	53571	17.852019011785835	0.08837326065861431	F	NaN	NaN	NaN
	53572	17.870325080643774	0.0878432558749259	F	NaN	NaN	NaN
	53573	17.889205934756323	0.08722823696508658	F	NaN	NaN	NaN
	53574	17.908561265584083	0.08596165885562233	F	NaN	NaN	NaN
	53575	17.928269280502356	0.08564151312095039	F	NaN	NaN	NaN
	53576	17.948208186886415	0.08627044716731908	F	NaN	NaN	NaN
	53577	17.968256192111554	0.08711613491872677	F	NaN	NaN	NaN
	53578	17.988291503553047	0.08917230514186059	F	NaN	NaN	NaN
	53579	18.00819232858619	0.09151167532439472	F	NaN	NaN	NaN
	53580	18.027836874586278	0.09494179400980243	F	NaN	NaN	NaN
	53581	18.04710334892858	0.09896035143593479	F	NaN	NaN	NaN
	53582	18.06591024698418	0.10549989456315191	F	NaN	NaN	NaN
	53583	18.084262002103152	0.11392212815533574	F	NaN	NaN	NaN
	53584	18.102296156651107	0.12301217474127013	F	NaN	NaN	NaN
	53585	18.120093318691055	0.13530017807475075	F	NaN	NaN	NaN
	53586	18.13777055667187	0.14613280861396843	F	NaN	NaN	NaN
	53587	18.155424951699224	0.1603275127746453	F	NaN	NaN	NaN
	53588	18.173157099179328	0.17491395414309113	F	NaN	NaN	NaN
	53589	18.1910805532605	0.19082454264671106	F	NaN	NaN	NaN

# FILTER R
#        MJD  MAG  MAGERR  Upperlimit  Instrument  Telescope  Source
	53468	15.775346978740489	0.047714113563415386	F	NaN	NaN	NaN
	53469	15.763015613677434	0.04325055349207313	F	NaN	NaN	NaN
	53470	15.752294700620203	0.039514146590674135	F	NaN	NaN	NaN
	53471	15.743246992476214	0.036752368632590064	F	NaN	NaN	NaN
	53472	15.735935242152888	0.03477375208533464	F	NaN	NaN	NaN
	53473	15.730422202557644	0.03348372164319905	F	NaN	NaN	NaN
	53474	15.726804466333093	0.03336753297281006	F	NaN	NaN	NaN
	53475	15.725300095518293	0.03380348262693031	F	NaN	NaN	NaN
	53476	15.7264750779212	0.03442240854344137	F	NaN	NaN	NaN
	53477	15.729997833936268	0.035650246468595256	F	NaN	NaN	NaN
	53478	15.73543210276275	0.03683518793751855	F	NaN	NaN	NaN
	53479	15.742341623599932	0.0381358934500063	F	NaN	NaN	NaN
	53480	15.750290135647074	0.039467349259706	F	NaN	NaN	NaN
	53481	15.75884137810345	0.04063388648417579	F	NaN	NaN	NaN
	53482	15.768871579354332	0.041723758413303835	F	NaN	NaN	NaN
	53483	15.78155914485474	0.04261406546801569	F	NaN	NaN	NaN
	53484	15.797243021049287	0.04301106976681415	F	NaN	NaN	NaN
	53485	15.815681326163276	0.042932612999089514	F	NaN	NaN	NaN
	53486	15.836632178422038	0.04266962757084565	F	NaN	NaN	NaN
	53487	15.85985369605089	0.042035516326071644	F	NaN	NaN	NaN
	53488	15.885103997275145	0.04133227799609766	F	NaN	NaN	NaN
	53489	15.912141200320123	0.040618617739222	F	NaN	NaN	NaN
	53490	15.94086149761422	0.03978849186124332	F	NaN	NaN	NaN
	53491	15.970824462735997	0.038993631501593386	F	NaN	NaN	NaN
	53492	16.00178821391078	0.03824127229404656	F	NaN	NaN	NaN
	53493	16.03351086936388	0.037609806162564235	F	NaN	NaN	NaN
	53494	16.06575054732062	0.03733173867885391	F	NaN	NaN	NaN
	53495	16.098265366006316	0.03744389290659618	F	NaN	NaN	NaN
	53496	16.130813443646286	0.037723632897472166	F	NaN	NaN	NaN
	53497	16.163152898465842	0.03794764249388338	F	NaN	NaN	NaN
	53498	16.195041848690312	0.03809577469151531	F	NaN	NaN	NaN
	53499	16.226238412545005	0.03821277633457988	F	NaN	NaN	NaN
	53500	16.256500708255242	0.03847138517052085	F	NaN	NaN	NaN
	53501	16.285422576031053	0.03822736177983871	F	NaN	NaN	NaN
	53502	16.312865941669383	0.037417808498107996	F	NaN	NaN	NaN
	53503	16.338588923395534	0.03643322876247154	F	NaN	NaN	NaN
	53504	16.36294022172655	0.035106995296348295	F	NaN	NaN	NaN
	53505	16.386291960212695	0.0334770111913534	F	NaN	NaN	NaN
	53506	16.409358017417606	0.03204091302324711	F	NaN	NaN	NaN
	53507	16.43218201848038	0.031140023766332226	F	NaN	NaN	NaN
	53508	16.454144231884012	0.030427003572682375	F	NaN	NaN	NaN
	53509	16.475793122105536	0.030068481423873833	F	NaN	NaN	NaN
	53510	16.49714830040558	0.030109085515449593	F	NaN	NaN	NaN
	53511	16.51748843521044	0.03070268812298997	F	NaN	NaN	NaN
	53512	16.536908710156034	0.032284200393820434	F	NaN	NaN	NaN
	53513	16.55557602917305	0.03476011642381124	F	NaN	NaN	NaN
	53514	16.573657296192167	0.03893424925118708	F	NaN	NaN	NaN
	53515	16.591319415144078	0.042996119968772686	F	NaN	NaN	NaN
	53516	16.608729289959467	0.046866656065524426	F	NaN	NaN	NaN
	53517	16.626053824569027	0.050545360682553095	F	NaN	NaN	NaN
	53518	16.643459922903432	0.053870737759311144	F	NaN	NaN	NaN
	53519	16.66111448889338	0.05594571854510657	F	NaN	NaN	NaN
	53520	16.678713835828752	0.05704023256760221	F	NaN	NaN	NaN
	53521	16.695247551865858	0.057935616938027866	F	NaN	NaN	NaN
	53522	16.711024170866907	0.058935477481643316	F	NaN	NaN	NaN
	53523	16.726435620054897	0.06018051680625175	F	NaN	NaN	NaN
	53524	16.74187382665282	0.061436059085709115	F	NaN	NaN	NaN
	53525	16.75773071788368	0.06305275309982118	F	NaN	NaN	NaN
	53526	16.77439822097046	0.0631422346791477	F	NaN	NaN	NaN
	53527	16.79248161616623	0.062237448127531236	F	NaN	NaN	NaN
	53528	16.812283872997213	0.05969618849288989	F	NaN	NaN	NaN
	53529	16.832856101578567	0.05853781293022482	F	NaN	NaN	NaN
	53530	16.85318589770134	0.0590824045883912	F	NaN	NaN	NaN
	53531	16.87226085715659	0.060468858638022774	F	NaN	NaN	NaN
	53532	16.89021604011461	0.06050891937672589	F	NaN	NaN	NaN
	53533	16.90910876379513	0.058966348216815435	F	NaN	NaN	NaN
	53534	16.927854115257745	0.05732478778851361	F	NaN	NaN	NaN
	53535	16.945132921515775	0.05673681801330105	F	NaN	NaN	NaN
	53536	16.961566844839787	0.055804437957133426	F	NaN	NaN	NaN
	53537	16.97991780599888	0.05371213235798375	F	NaN	NaN	NaN
	53538	16.99938040196972	0.052087244933734206	F	NaN	NaN	NaN
	53539	17.018942048582616	0.0515072765502459	F	NaN	NaN	NaN
	53540	17.037619742980347	0.05260197585154806	F	NaN	NaN	NaN
	53541	17.05444041443233	0.054529305325580285	F	NaN	NaN	NaN
	53542	17.068430992208004	0.0554355520374665	F	NaN	NaN	NaN
	53543	17.07836402134597	0.05476743017562061	F	NaN	NaN	NaN
	53544	17.084275471400776	0.05339350122265145	F	NaN	NaN	NaN
	53545	17.088564756676426	0.052369111461155485	F	NaN	NaN	NaN
	53546	17.093725508647925	0.05264920989455338	F	NaN	NaN	NaN
	53547	17.099781345183306	0.05198343803529403	F	NaN	NaN	NaN
	53548	17.10283825938311	0.05125859672781581	F	NaN	NaN	NaN
	53549	17.106096326314287	0.05021892420756699	F	NaN	NaN	NaN
	53550	17.10673127016283	0.05011134156139975	F	NaN	NaN	NaN
	53551	17.11030370818807	0.049312199471159314	F	NaN	NaN	NaN
	53552	17.112707758358926	0.049081255194838316	F	NaN	NaN	NaN
	53553	17.114128580954418	0.05088165518943913	F	NaN	NaN	NaN
	53554	17.115404869816985	0.054334697298558644	F	NaN	NaN	NaN
	53555	17.11740020946211	0.05907816840365589	F	NaN	NaN	NaN
	53556	17.121034610132753	0.06481099599149864	F	NaN	NaN	NaN
	53557	17.127126276780146	0.06941947903145673	F	NaN	NaN	NaN
	53558	17.136604662375237	0.07205202713070084	F	NaN	NaN	NaN
	53559	17.148410818435753	0.07566786569539014	F	NaN	NaN	NaN
	53560	17.15957697355616	0.08773360436335934	F	NaN	NaN	NaN
	53561	17.173150343685435	0.09715008360636958	F	NaN	NaN	NaN
	53562	17.19165800757179	0.09478364969258803	F	NaN	NaN	NaN
	53563	17.213888763970413	0.08883844369130944	F	NaN	NaN	NaN
	53564	17.23896803828735	0.08117135398774929	F	NaN	NaN	NaN
	53565	17.26577731067891	0.07306129286087656	F	NaN	NaN	NaN
	53566	17.293282718544138	0.06641531947767174	F	NaN	NaN	NaN
	53567	17.320475491470642	0.0621727449189485	F	NaN	NaN	NaN
	53568	17.34634685904603	0.06124849900137709	F	NaN	NaN	NaN
	53569	17.369789004920204	0.06228845715668049	F	NaN	NaN	NaN
	53570	17.389787856038094	0.06348501990534752	F	NaN	NaN	NaN
	53571	17.407961474599663	0.0644486189634488	F	NaN	NaN	NaN
	53572	17.42384226638344	0.06482029316964348	F	NaN	NaN	NaN
	53573	17.438991500842477	0.0659062403830202	F	NaN	NaN	NaN
	53574	17.453539958428347	0.06731884078343942	F	NaN	NaN	NaN
	53575	17.467410995370006	0.06836602997745948	F	NaN	NaN	NaN
	53576	17.48052796789641	0.06961515826618028	F	NaN	NaN	NaN
	53577	17.4928142322365	0.07084237483214922	F	NaN	NaN	NaN
	53578	17.50419314461924	0.07167670373509104	F	NaN	NaN	NaN
	53579	17.514588061273578	0.07287922623432444	F	NaN	NaN	NaN
	53580	17.523922338428466	0.07439899326953794	F	NaN	NaN	NaN
	53581	17.532119332312856	0.07602177973985784	F	NaN	NaN	NaN
	53582	17.53925559211998	0.07787872474392228	F	NaN	NaN	NaN
	53583	17.5454379404001	0.08172592866971304	F	NaN	NaN	NaN
	53584	17.550760706414888	0.08687375788467361	F	NaN	NaN	NaN
	53585	17.555149761922415	0.09247313252918321	F	NaN	NaN	NaN
	53586	17.558674626451086	0.09971944525335155	F	NaN	NaN	NaN
	53587	17.561260787699528	0.109620990799389	F	NaN	NaN	NaN
	53588	17.562978149255617	0.12010810227285361	F	NaN	NaN	NaN
	53589	17.563751814758493	0.13161955930601868	F	NaN	NaN	NaN

# FILTER r
#        MJD  MAG  MAGERR  Upperlimit  Instrument  Telescope  Source
	53473	16.084075451581025	0.04718652101430872	F	NaN	NaN	NaN
	53474	16.082796177908914	0.04257149476322929	F	NaN	NaN	NaN
	53475	16.08435381239005	0.04435633163180449	F	NaN	NaN	NaN
	53476	16.088337290864132	0.05005631275370111	F	NaN	NaN	NaN
	53477	16.094753914876637	0.055664123790183075	F	NaN	NaN	NaN
	53478	16.104074977596603	0.06028764840518456	F	NaN	NaN	NaN
	53479	16.115962775264784	0.0637456163219535	F	NaN	NaN	NaN
	53480	16.130246564345327	0.06608464094049296	F	NaN	NaN	NaN
	53481	16.14681914636405	0.06704298480951898	F	NaN	NaN	NaN
	53482	16.165573322846747	0.0663694614826649	F	NaN	NaN	NaN
	53483	16.186446032797917	0.06501110881658832	F	NaN	NaN	NaN
	53484	16.209483326247252	0.0625141655715514	F	NaN	NaN	NaN
	53485	16.234355810913417	0.05952443676660204	F	NaN	NaN	NaN
	53486	16.260956288322213	0.05596122899156049	F	NaN	NaN	NaN
	53487	16.289177559999462	0.05280796380062318	F	NaN	NaN	NaN
	53488	16.31891242747097	0.04995530710472794	F	NaN	NaN	NaN
	53489	16.350143397970815	0.04724535808025687	F	NaN	NaN	NaN
	53490	16.382734120946953	0.04445236754099522	F	NaN	NaN	NaN
	53491	16.41649203647019	0.041987036463427156	F	NaN	NaN	NaN
	53492	16.45130994606633	0.03921451557667458	F	NaN	NaN	NaN
	53493	16.48713619199584	0.036618934237469154	F	NaN	NaN	NaN
	53494	16.525794732065144	0.03345150226610452	F	NaN	NaN	NaN
	53495	16.568554984401466	0.030583373270411295	F	NaN	NaN	NaN
	53496	16.61308491452675	0.028590867002184925	F	NaN	NaN	NaN
	53497	16.656939831489836	0.029454131828321115	F	NaN	NaN	NaN
	53498	16.69766866881315	0.03205608000683931	F	NaN	NaN	NaN
	53499	16.734732289459817	0.034691911229804	F	NaN	NaN	NaN
	53500	16.77118573337056	0.03806422530714476	F	NaN	NaN	NaN
	53501	16.806693834130208	0.041935251313647656	F	NaN	NaN	NaN
	53502	16.84073958746954	0.04579763800210914	F	NaN	NaN	NaN
	53503	16.872838530635217	0.048454973862903636	F	NaN	NaN	NaN
	53504	16.902980639048707	0.050540968601891834	F	NaN	NaN	NaN
	53505	16.931468188913588	0.05181933502965941	F	NaN	NaN	NaN
	53506	16.958092100917522	0.05230068644088451	F	NaN	NaN	NaN
	53507	16.983249452999488	0.05232809682318372	F	NaN	NaN	NaN
	53508	17.00691577167377	0.052032622293316726	F	NaN	NaN	NaN
	53509	17.029234479619628	0.051751625504471	F	NaN	NaN	NaN
	53510	17.05039675397855	0.051000878679572856	F	NaN	NaN	NaN
	53511	17.070368371435094	0.05034879716838333	F	NaN	NaN	NaN
	53512	17.089447347027342	0.04971252120209324	F	NaN	NaN	NaN
	53513	17.107596231106978	0.049334655117656515	F	NaN	NaN	NaN
	53514	17.12504236088112	0.04956813752995687	F	NaN	NaN	NaN
	53515	17.14186316129636	0.04984036336456252	F	NaN	NaN	NaN
	53516	17.158167998899202	0.0502114074550047	F	NaN	NaN	NaN
	53517	17.174113592398154	0.050369227387328845	F	NaN	NaN	NaN
	53518	17.189777145876693	0.05085046855733281	F	NaN	NaN	NaN
	53519	17.205294790594266	0.05109041954919637	F	NaN	NaN	NaN
	53520	17.220787068239463	0.05098091987845696	F	NaN	NaN	NaN
	53521	17.236371413644097	0.050145100546090206	F	NaN	NaN	NaN
	53522	17.25217133187503	0.049851461344059204	F	NaN	NaN	NaN
	53523	17.26842356501297	0.04889062808183073	F	NaN	NaN	NaN
	53524	17.285408247808363	0.04875533052424807	F	NaN	NaN	NaN
	53525	17.303127631254966	0.04920180728907553	F	NaN	NaN	NaN
	53526	17.3215476769294	0.049683541180408984	F	NaN	NaN	NaN
	53527	17.34063699915062	0.05036298924096695	F	NaN	NaN	NaN
	53528	17.360377088519037	0.051015746648812296	F	NaN	NaN	NaN
	53529	17.380807684093487	0.05171912143594354	F	NaN	NaN	NaN
	53530	17.401771542295446	0.05220353034909487	F	NaN	NaN	NaN
	53531	17.423305191627826	0.05253150297204964	F	NaN	NaN	NaN
	53532	17.445382911023454	0.05280404326865633	F	NaN	NaN	NaN
	53533	17.467978979415165	0.05275552171801147	F	NaN	NaN	NaN
	53534	17.491067675735774	0.05283030179739114	F	NaN	NaN	NaN
	53535	17.514623278918116	0.05332769520696729	F	NaN	NaN	NaN
	53536	17.538620067895014	0.05397852740267679	F	NaN	NaN	NaN
	53537	17.56303232159929	0.05483711918841118	F	NaN	NaN	NaN
	53538	17.58783431896378	0.056028076950152474	F	NaN	NaN	NaN
	53539	17.6130003389213	0.05762100762501777	F	NaN	NaN	NaN
	53540	17.63850466040469	0.05965142673678055	F	NaN	NaN	NaN
	53541	17.664321562346757	0.06254964218365405	F	NaN	NaN	NaN
	53542	17.690425323680337	0.06524889467391971	F	NaN	NaN	NaN
	53543	17.71679022333826	0.06843330202148641	F	NaN	NaN	NaN
	53544	17.743390540253348	0.07229698272118455	F	NaN	NaN	NaN
	53545	17.77020055335842	0.07640748445874654	F	NaN	NaN	NaN
	53546	17.797201015115217	0.08075377740571936	F	NaN	NaN	NaN
	53547	17.824358270150118	0.08550839676970125	F	NaN	NaN	NaN
	53548	17.851645486349696	0.09027480998415477	F	NaN	NaN	NaN
	53549	17.87903694264678	0.09595362512347932	F	NaN	NaN	NaN