###################### HEADER ######################
# SNNAME:	SN2014L
###################### HEADER ######################


# FILTER B
#        MJD  MAG  MAGERR  Upperlimit  Instrument  Telescope  Source
	56685	17.731911417709288	0.3497689064262057	F	NaN	NaN	NaN
	56686	17.36768651382592	0.2573140028102245	F	NaN	NaN	NaN
	56687	17.051828581775123	0.17900317715934322	F	NaN	NaN	NaN
	56688	16.78288786384505	0.11565953298773425	F	NaN	NaN	NaN
	56689	16.559682939812788	0.06277295483693082	F	NaN	NaN	NaN
	56690	16.384927796075484	0.02761056135649445	F	NaN	NaN	NaN
	56691	16.255373426661542	0.013252282873746711	F	NaN	NaN	NaN
	56692	16.18520148739162	0.015459410257884682	F	NaN	NaN	NaN
	56693	16.16943405627355	0.045563364244962073	F	NaN	NaN	NaN
	56694	16.179325461009114	0.06300427645069392	F	NaN	NaN	NaN
	56695	16.226937617681244	0.07996618896509683	F	NaN	NaN	NaN
	56696	16.315023850759925	0.11265805627239106	F	NaN	NaN	NaN
	56697	16.419649404707513	0.139445793532835	F	NaN	NaN	NaN
	56698	16.520151581432774	0.142358161753885	F	NaN	NaN	NaN
	56699	16.644696893925953	0.15385551131057523	F	NaN	NaN	NaN
	56700	16.758132971857147	0.09598191711371246	F	NaN	NaN	NaN
	56701	16.890235504355	0.037364749632078885	F	NaN	NaN	NaN
	56702	17.01285024938951	0.03441582029955837	F	NaN	NaN	NaN
	56703	17.1259598321226	0.0845265678566417	F	NaN	NaN	NaN
	56704	17.245968134065055	0.11950333410927819	F	NaN	NaN	NaN
	56705	17.36915087989617	0.14039319632096267	F	NaN	NaN	NaN
	56706	17.491787205042865	0.14976266558530382	F	NaN	NaN	NaN
	56707	17.61015951066672	0.15067791212116055	F	NaN	NaN	NaN
	56708	17.720588176667672	0.14589345729549263	F	NaN	NaN	NaN
	56709	17.81929893338819	0.13818960552824755	F	NaN	NaN	NaN
	56710	17.902905336874802	0.13054121096331672	F	NaN	NaN	NaN
	56711	17.97606898573664	0.12149263359346446	F	NaN	NaN	NaN
	56712	18.042009770227462	0.11100010486133625	F	NaN	NaN	NaN
	56713	18.1015437805076	0.10020083959252825	F	NaN	NaN	NaN
	56714	18.155487172428032	0.08986082387706594	F	NaN	NaN	NaN
	56715	18.204567689821904	0.08037535765671051	F	NaN	NaN	NaN
	56716	18.249590795804444	0.07263117965872225	F	NaN	NaN	NaN
	56717	18.2913415378029	0.06620621724549329	F	NaN	NaN	NaN
	56718	18.33001543433078	0.06130527679051577	F	NaN	NaN	NaN
	56719	18.360822661360213	0.0590804969048641	F	NaN	NaN	NaN
	56720	18.38685103029872	0.0595963497405823	F	NaN	NaN	NaN
	56721	18.413366201881402	0.05943725894774288	F	NaN	NaN	NaN
	56722	18.43579669951433	0.0603740734560214	F	NaN	NaN	NaN
	56723	18.4535882913683	0.0657287131591999	F	NaN	NaN	NaN
	56724	18.471957043518174	0.06952038760561227	F	NaN	NaN	NaN
	56725	18.484238452821764	0.0708996684651266	F	NaN	NaN	NaN
	56726	18.488735749710276	0.07561565680814684	F	NaN	NaN	NaN
	56727	18.48923879863438	0.08679312458156778	F	NaN	NaN	NaN
	56728	18.48953746404471	0.09943076196509938	F	NaN	NaN	NaN
	56729	18.49336919629088	0.11053465961029346	F	NaN	NaN	NaN
	56730	18.504263636588338	0.11530454438679072	F	NaN	NaN	NaN
	56731	18.519066620501487	0.11459534545180154	F	NaN	NaN	NaN
	56732	18.53564293340892	0.10988577398505256	F	NaN	NaN	NaN
	56733	18.553533524767648	0.10538626169513973	F	NaN	NaN	NaN
	56734	18.572279344034676	0.1024383819125336	F	NaN	NaN	NaN
	56735	18.59142125150485	0.10214984753376247	F	NaN	NaN	NaN
	56736	18.6104994047576	0.10392283771690734	F	NaN	NaN	NaN
	56737	18.6290540178024	0.10666788237934047	F	NaN	NaN	NaN
	56738	18.64662731456012	0.1097571372667752	F	NaN	NaN	NaN
	56739	18.662767762545652	0.11008002310728213	F	NaN	NaN	NaN
	56740	18.677530236170448	0.10756419758769067	F	NaN	NaN	NaN
	56741	18.69176368573952	0.10586498152214864	F	NaN	NaN	NaN
	56742	18.70623443151814	0.10478694109404782	F	NaN	NaN	NaN
	56743	18.72020790198249	0.10359241143990365	F	NaN	NaN	NaN
	56744	18.73379381200249	0.10440506152638304	F	NaN	NaN	NaN
	56745	18.747461777306246	0.1068393514006484	F	NaN	NaN	NaN
	56746	18.761403571354922	0.1072363651314169	F	NaN	NaN	NaN
	56747	18.773409056318528	0.10772103398331917	F	NaN	NaN	NaN
	56748	18.783859762933933	0.11076048091666285	F	NaN	NaN	NaN
	56749	18.79398801641019	0.11601930045952318	F	NaN	NaN	NaN
	56750	18.805032718044128	0.12061988555589179	F	NaN	NaN	NaN
	56751	18.818190210315233	0.12156993026608631	F	NaN	NaN	NaN
	56752	18.83351296313845	0.12149229401509168	F	NaN	NaN	NaN
	56753	18.850121196635847	0.12608392883535569	F	NaN	NaN	NaN
	56754	18.867193641626347	0.13216269355770524	F	NaN	NaN	NaN
	56755	18.883920807141042	0.14149160327286636	F	NaN	NaN	NaN
	56756	18.899479523821952	0.15175173891673766	F	NaN	NaN	NaN
	56757	18.913031138390945	0.16012009799605242	F	NaN	NaN	NaN
	56758	18.923861617137685	0.16352013132240883	F	NaN	NaN	NaN
	56759	18.93245310751712	0.16152013701004805	F	NaN	NaN	NaN
	56760	18.939480298913043	0.15630058860191587	F	NaN	NaN	NaN
	56761	18.94520154552812	0.14965435645128153	F	NaN	NaN	NaN
	56762	18.94988040837263	0.14353614007089868	F	NaN	NaN	NaN
	56763	18.953777880723987	0.13711037391445055	F	NaN	NaN	NaN
	56764	18.957156464369145	0.13070074931153583	F	NaN	NaN	NaN
	56765	18.96027516105434	0.12502524391538505	F	NaN	NaN	NaN
	56766	18.96339436880965	0.12059392051817512	F	NaN	NaN	NaN
	56767	18.96677368135053	0.11595255198424692	F	NaN	NaN	NaN
	56768	18.970611859549617	0.1112298495928534	F	NaN	NaN	NaN
	56769	18.97411492583946	0.10630914498225753	F	NaN	NaN	NaN
	56770	18.977398487246	0.10975801818782999	F	NaN	NaN	NaN
	56771	18.980573709431006	0.1184968082359287	F	NaN	NaN	NaN
	56772	18.98355223431916	0.13662393099933434	F	NaN	NaN	NaN
	56773	18.986284519488965	0.16102012814659247	F	NaN	NaN	NaN
	56774	18.988721461249863	0.19114532936155734	F	NaN	NaN	NaN
	56775	18.99081241315215	0.22750691726275993	F	NaN	NaN	NaN

# FILTER I
#        MJD  MAG  MAGERR  Upperlimit  Instrument  Telescope  Source
	56685	16.090026035153684	0.10342382199089212	F	NaN	NaN	NaN
	56686	15.714802672170157	0.09225188605886986	F	NaN	NaN	NaN
	56687	15.381371910620908	0.07987299548781476	F	NaN	NaN	NaN
	56688	15.089385053248334	0.06188686075254972	F	NaN	NaN	NaN
	56689	14.838226552910596	0.04349488702105753	F	NaN	NaN	NaN
	56690	14.626035487436905	0.02436253454275751	F	NaN	NaN	NaN
	56691	14.464577803007142	0.017960440169181788	F	NaN	NaN	NaN
	56692	14.34000019474328	0.035534501275811765	F	NaN	NaN	NaN
	56693	14.248370855562253	0.034905502986240275	F	NaN	NaN	NaN
	56694	14.191132290204044	0.022336037592183354	F	NaN	NaN	NaN
	56695	14.158226588062263	0.014590565429698853	F	NaN	NaN	NaN
	56696	14.13951158149457	0.026806673560617	F	NaN	NaN	NaN
	56697	14.124987636002073	0.03569817606244176	F	NaN	NaN	NaN
	56698	14.12928753808956	0.029793468795372056	F	NaN	NaN	NaN
	56699	14.142366438661249	0.0238353638400916	F	NaN	NaN	NaN
	56700	14.159630230139488	0.015346800885304341	F	NaN	NaN	NaN
	56701	14.182261323598983	0.014717853597780897	F	NaN	NaN	NaN
	56702	14.217274405371226	0.01456489225894693	F	NaN	NaN	NaN
	56703	14.257593971871948	0.015182815027324274	F	NaN	NaN	NaN
	56704	14.296105726214831	0.015429444899966734	F	NaN	NaN	NaN
	56705	14.334947466974935	0.015645889765024436	F	NaN	NaN	NaN
	56706	14.379870286732709	0.01638799268171345	F	NaN	NaN	NaN
	56707	14.429657109713967	0.019216252723460836	F	NaN	NaN	NaN
	56708	14.48308319607268	0.024719779950948564	F	NaN	NaN	NaN
	56709	14.53895008981569	0.03235408655884399	F	NaN	NaN	NaN
	56710	14.596030725335789	0.04113276088327564	F	NaN	NaN	NaN
	56711	14.653107844244925	0.05042954519669694	F	NaN	NaN	NaN
	56712	14.708959539153465	0.059658978443987896	F	NaN	NaN	NaN
	56713	14.762366295914237	0.06805796451675347	F	NaN	NaN	NaN
	56714	14.812260057918612	0.0752460479810521	F	NaN	NaN	NaN
	56715	14.866334219352801	0.07781807281363225	F	NaN	NaN	NaN
	56716	14.922079580926228	0.0787019622874688	F	NaN	NaN	NaN
	56717	14.969348314180214	0.08256884124250176	F	NaN	NaN	NaN
	56718	15.011566213693722	0.08720295983762494	F	NaN	NaN	NaN
	56719	15.050600543769585	0.08945060007809927	F	NaN	NaN	NaN
	56720	15.08535482177919	0.08650362093524133	F	NaN	NaN	NaN
	56721	15.11838287380003	0.08493033628467167	F	NaN	NaN	NaN
	56722	15.147483506141533	0.08243960529869225	F	NaN	NaN	NaN
	56723	15.17347615962182	0.07652967968247483	F	NaN	NaN	NaN
	56724	15.200893159384979	0.07078340964448632	F	NaN	NaN	NaN
	56725	15.230533434176719	0.06629503876481496	F	NaN	NaN	NaN
	56726	15.260430850768234	0.063036860814595	F	NaN	NaN	NaN
	56727	15.28903373883019	0.06129949097448542	F	NaN	NaN	NaN
	56728	15.314790428033241	0.05909710804599491	F	NaN	NaN	NaN
	56729	15.336276602684437	0.05531268757064889	F	NaN	NaN	NaN
	56730	15.356010664564787	0.04631459144784078	F	NaN	NaN	NaN
	56731	15.372797520156093	0.04641463322658328	F	NaN	NaN	NaN
	56732	15.380040913363906	0.041193073324632526	F	NaN	NaN	NaN
	56733	15.381967139152145	0.03847580956720777	F	NaN	NaN	NaN
	56734	15.38577583664556	0.04002761808309015	F	NaN	NaN	NaN
	56735	15.3983762507542	0.04141218174462241	F	NaN	NaN	NaN
	56736	15.41789508576722	0.03856756528817712	F	NaN	NaN	NaN
	56737	15.441196223954185	0.036390389464592984	F	NaN	NaN	NaN
	56738	15.467210671681794	0.03800262500845794	F	NaN	NaN	NaN
	56739	15.495549335173319	0.040755404024783864	F	NaN	NaN	NaN
	56740	15.528605753079724	0.04181737807193795	F	NaN	NaN	NaN
	56741	15.559675559941553	0.047057568315871046	F	NaN	NaN	NaN
	56742	15.592753176184004	0.05594283033054281	F	NaN	NaN	NaN
	56743	15.619756637194563	0.06348701979020274	F	NaN	NaN	NaN
	56744	15.641649233401488	0.07260160077312194	F	NaN	NaN	NaN
	56745	15.660433117737838	0.0761852140985179	F	NaN	NaN	NaN
	56746	15.671612112691898	0.07283142388135927	F	NaN	NaN	NaN
	56747	15.677926028668535	0.06740561628284392	F	NaN	NaN	NaN
	56748	15.685383116537515	0.06299330406099286	F	NaN	NaN	NaN
	56749	15.69977919249428	0.06050011862014277	F	NaN	NaN	NaN
	56750	15.717225056187079	0.05528240023531247	F	NaN	NaN	NaN
	56751	15.735205148484907	0.048806247431653	F	NaN	NaN	NaN
	56752	15.755775443490284	0.04595252559395652	F	NaN	NaN	NaN
	56753	15.779665739200215	0.045005372393621026	F	NaN	NaN	NaN
	56754	15.805821221565985	0.045411750378958386	F	NaN	NaN	NaN
	56755	15.833054113779989	0.047505958196673206	F	NaN	NaN	NaN
	56756	15.86017663903463	0.050493909487069055	F	NaN	NaN	NaN
	56757	15.88601872980279	0.053368991285818346	F	NaN	NaN	NaN
	56758	15.909415920946259	0.054145879817811646	F	NaN	NaN	NaN
	56759	15.931050153429807	0.05264650757864327	F	NaN	NaN	NaN
	56760	15.951751987220739	0.04924181341446012	F	NaN	NaN	NaN
	56761	15.971838918762229	0.045021069640081936	F	NaN	NaN	NaN
	56762	15.991631179728852	0.04047625618299164	F	NaN	NaN	NaN
	56763	16.01144772387905	0.03617233014773315	F	NaN	NaN	NaN
	56764	16.03160572711548	0.03306214969989954	F	NaN	NaN	NaN
	56765	16.052423029244093	0.030879779353638604	F	NaN	NaN	NaN
	56766	16.074217449379283	0.028593655548267295	F	NaN	NaN	NaN
	56767	16.09714742982793	0.026425035334926267	F	NaN	NaN	NaN
	56768	16.12013476989967	0.02449864911973297	F	NaN	NaN	NaN
	56769	16.143773077989106	0.024325241629203433	F	NaN	NaN	NaN
	56770	16.16789836790091	0.02684500908174433	F	NaN	NaN	NaN
	56771	16.191740653265846	0.030335225262236414	F	NaN	NaN	NaN
	56772	16.215044193710803	0.03378994078440768	F	NaN	NaN	NaN
	56773	16.23798495763668	0.03697015492968339	F	NaN	NaN	NaN
	56774	16.26073891552065	0.0399323319948169	F	NaN	NaN	NaN
	56775	16.283383464022574	0.042727282494406965	F	NaN	NaN	NaN
	56776	16.304786748820046	0.04499984604476738	F	NaN	NaN	NaN
	56777	16.325049001961194	0.04663867138434412	F	NaN	NaN	NaN
	56778	16.344187195693863	0.04749532964226659	F	NaN	NaN	NaN
	56779	16.36235902708948	0.04779955179803854	F	NaN	NaN	NaN
	56780	16.37972219321944	0.04786304280840678	F	NaN	NaN	NaN
	56781	16.396434391155164	0.048015017557046485	F	NaN	NaN	NaN
	56782	16.41265331796806	0.0481618969296721	F	NaN	NaN	NaN
	56783	16.428536670729546	0.04849969602932211	F	NaN	NaN	NaN
	56784	16.444242146511023	0.04969168346178618	F	NaN	NaN	NaN
	56785	16.459927442383908	0.051309608796554884	F	NaN	NaN	NaN
	56786	16.475750255419605	0.05334516399724031	F	NaN	NaN	NaN
	56787	16.491868282689534	0.055774069240960025	F	NaN	NaN	NaN
	56788	16.508439221265096	0.05800849669761372	F	NaN	NaN	NaN
	56789	16.525621508657416	0.06089510289728556	F	NaN	NaN	NaN
	56790	16.543612644762547	0.063465399298474	F	NaN	NaN	NaN
	56791	16.562543201345136	0.06575334946984332	F	NaN	NaN	NaN
	56792	16.582570875476595	0.06784312600830258	F	NaN	NaN	NaN
	56793	16.603853364228325	0.06945380363969605	F	NaN	NaN	NaN
	56794	16.626548364671756	0.06988776643592441	F	NaN	NaN	NaN
	56795	16.650604606434605	0.06936126782303274	F	NaN	NaN	NaN
	56796	16.67561541485543	0.06808204664084318	F	NaN	NaN	NaN
	56797	16.701207748591052	0.06673582912621868	F	NaN	NaN	NaN
	56798	16.72743924883321	0.06492802263830794	F	NaN	NaN	NaN
	56799	16.75436401158153	0.06286619038870295	F	NaN	NaN	NaN
	56800	16.782048589301052	0.06061038199587057	F	NaN	NaN	NaN
	56801	16.810542358443037	0.05798380259410613	F	NaN	NaN	NaN
	56802	16.839907126513275	0.05572734940943749	F	NaN	NaN	NaN
	56803	16.870280004325593	0.05341467393577326	F	NaN	NaN	NaN
	56804	16.902135264611402	0.050457664749106707	F	NaN	NaN	NaN
	56805	16.934224024307042	0.04905698776499398	F	NaN	NaN	NaN
	56806	16.96501777073925	0.04958438400825122	F	NaN	NaN	NaN
	56807	16.994507960302265	0.0518806002762796	F	NaN	NaN	NaN
	56808	17.023236730666426	0.054605245543884656	F	NaN	NaN	NaN
	56809	17.05162034499951	0.05844072239210743	F	NaN	NaN	NaN
	56810	17.080074421538566	0.06277244496430108	F	NaN	NaN	NaN
	56811	17.108942747100482	0.06725508345862953	F	NaN	NaN	NaN
	56812	17.137868402441562	0.07190618889685506	F	NaN	NaN	NaN
	56813	17.166670139091313	0.07673380395048847	F	NaN	NaN	NaN
	56814	17.195353166068138	0.08179192943981688	F	NaN	NaN	NaN
	56815	17.223922692390442	0.08730395867437421	F	NaN	NaN	NaN
	56816	17.252383927076636	0.09284309450470093	F	NaN	NaN	NaN
	56817	17.280742079145128	0.09873937833407427	F	NaN	NaN	NaN
	56818	17.309002357614325	0.104904852817506	F	NaN	NaN	NaN
	56819	17.337168328325127	0.11224029300702582	F	NaN	NaN	NaN
	56820	17.36524465457506	0.11980387906475456	F	NaN	NaN	NaN
	56821	17.393239262066928	0.12800462218519965	F	NaN	NaN	NaN
	56822	17.42115735981913	0.13672583975760866	F	NaN	NaN	NaN
	56823	17.449004156850076	0.14564213011065555	F	NaN	NaN	NaN
	56824	17.476784862178164	0.15592504999616946	F	NaN	NaN	NaN
	56825	17.504504684821814	0.16627600805669346	F	NaN	NaN	NaN
	56826	17.532168833799428	0.17724443683698274	F	NaN	NaN	NaN
	56827	17.55978251812941	0.18917095210667234	F	NaN	NaN	NaN
	56828	17.58735094683017	0.20188555823221735	F	NaN	NaN	NaN
	56829	17.614879328920118	0.21528850304600844	F	NaN	NaN	NaN
	56830	17.642372873417653	0.22914604136520106	F	NaN	NaN	NaN
	56831	17.669836789341186	0.24365189534466525	F	NaN	NaN	NaN
	56832	17.697278663867344	0.25893791485235845	F	NaN	NaN	NaN
	56833	17.724698195106683	0.27495753794691835	F	NaN	NaN	NaN
	56834	17.752103765421925	0.2916147717353684	F	NaN	NaN	NaN
	56835	17.77950061813683	0.3088994383639517	F	NaN	NaN	NaN
	56836	17.806893996575138	0.3268021773624499	F	NaN	NaN	NaN

# FILTER R
#        MJD  MAG  MAGERR  Upperlimit  Instrument  Telescope  Source
	56685	16.34331732935444	0.1946585181613031	F	NaN	NaN	NaN
	56686	15.987739097460134	0.13366101808004124	F	NaN	NaN	NaN
	56687	15.676069588326289	0.08252061834046817	F	NaN	NaN	NaN
	56688	15.407345795329004	0.03961413264887466	F	NaN	NaN	NaN
	56689	15.18011198954129	0.013352005060382411	F	NaN	NaN	NaN
	56690	14.989337718082243	0.025326331121601514	F	NaN	NaN	NaN
	56691	14.857749146529377	0.028114786860623873	F	NaN	NaN	NaN
	56692	14.755414441563985	0.02518310424208773	F	NaN	NaN	NaN
	56693	14.669752192256514	0.02072683264919526	F	NaN	NaN	NaN
	56694	14.612203124608818	0.0129990498234972	F	NaN	NaN	NaN
	56695	14.57691637169717	0.02228506862151107	F	NaN	NaN	NaN
	56696	14.557956270016865	0.037041393783250595	F	NaN	NaN	NaN
	56697	14.549492380761205	0.04471459575189732	F	NaN	NaN	NaN
	56698	14.559949789000342	0.042201821282313146	F	NaN	NaN	NaN
	56699	14.582697713424562	0.03906510028696181	F	NaN	NaN	NaN
	56700	14.616324795689868	0.03137779334099723	F	NaN	NaN	NaN
	56701	14.660232231691054	0.024730625118603473	F	NaN	NaN	NaN
	56702	14.720583368793891	0.017799544323392896	F	NaN	NaN	NaN
	56703	14.788009016418815	0.015787683955885957	F	NaN	NaN	NaN
	56704	14.853089337956558	0.016645299981032043	F	NaN	NaN	NaN
	56705	14.919065846021736	0.016638978763125516	F	NaN	NaN	NaN
	56706	14.993608350692671	0.018077830392915516	F	NaN	NaN	NaN
	56707	15.074597461115731	0.022224731077676148	F	NaN	NaN	NaN
	56708	15.159906936732977	0.02935370106534593	F	NaN	NaN	NaN
	56709	15.247437795072084	0.03796570370389744	F	NaN	NaN	NaN
	56710	15.335052858597855	0.04688365086113126	F	NaN	NaN	NaN
	56711	15.420648976063136	0.05500852430684393	F	NaN	NaN	NaN
	56712	15.502078547273603	0.061175740884131906	F	NaN	NaN	NaN
	56713	15.577225894793784	0.06476706455387844	F	NaN	NaN	NaN
	56714	15.644184283459067	0.06469498021483792	F	NaN	NaN	NaN
	56715	15.712285601987228	0.060255764174736486	F	NaN	NaN	NaN
	56716	15.779823860000342	0.05455703380920798	F	NaN	NaN	NaN
	56717	15.835726523531228	0.04972963322278251	F	NaN	NaN	NaN
	56718	15.883410131378009	0.03874495166294858	F	NaN	NaN	NaN
	56719	15.925341429538804	0.03234090917637201	F	NaN	NaN	NaN
	56720	15.95867841980913	0.028796588840549992	F	NaN	NaN	NaN
	56721	15.989598219229759	0.03253746359577508	F	NaN	NaN	NaN
	56722	16.01624007255413	0.03728612024827921	F	NaN	NaN	NaN
	56723	16.038381816332528	0.04447040320955978	F	NaN	NaN	NaN
	56724	16.061025110583635	0.048393062562786235	F	NaN	NaN	NaN
	56725	16.079762510994726	0.04882470716659082	F	NaN	NaN	NaN
	56726	16.09411322340831	0.05098874468456549	F	NaN	NaN	NaN
	56727	16.107928486251947	0.05663928097143826	F	NaN	NaN	NaN
	56728	16.125059537953184	0.06310069222388845	F	NaN	NaN	NaN
	56729	16.149244343071743	0.06620450725401011	F	NaN	NaN	NaN
	56730	16.18035082485932	0.06553634059825654	F	NaN	NaN	NaN
	56731	16.212910081301036	0.06617961882610714	F	NaN	NaN	NaN
	56732	16.251479582372394	0.061665155905633776	F	NaN	NaN	NaN
	56733	16.293900125067616	0.058279063402643355	F	NaN	NaN	NaN
	56734	16.33425669645107	0.060929731599120775	F	NaN	NaN	NaN
	56735	16.366782559376862	0.06342727296617344	F	NaN	NaN	NaN
	56736	16.391683938970647	0.05986240445113536	F	NaN	NaN	NaN
	56737	16.41261473647891	0.05462088521936411	F	NaN	NaN	NaN
	56738	16.432477705540144	0.0530856615528504	F	NaN	NaN	NaN
	56739	16.453210590518744	0.0522135992569861	F	NaN	NaN	NaN
	56740	16.471111051788604	0.049210853083216766	F	NaN	NaN	NaN
	56741	16.493472495701365	0.047352502717154465	F	NaN	NaN	NaN
	56742	16.518221626694576	0.04613747261518976	F	NaN	NaN	NaN
	56743	16.544076452912	0.04587710852037852	F	NaN	NaN	NaN
	56744	16.57405181427468	0.05040443226573306	F	NaN	NaN	NaN
	56745	16.598927934756272	0.05515575709605341	F	NaN	NaN	NaN
	56746	16.618010233785153	0.05454732769849176	F	NaN	NaN	NaN
	56747	16.635105197365228	0.05582211024996478	F	NaN	NaN	NaN
	56748	16.652009660360573	0.060672682852863966	F	NaN	NaN	NaN
	56749	16.670419299641217	0.06355188018248244	F	NaN	NaN	NaN
	56750	16.688008831470313	0.0651870046038352	F	NaN	NaN	NaN
	56751	16.705212700188092	0.06824304784468947	F	NaN	NaN	NaN
	56752	16.725058974486927	0.0692508929433232	F	NaN	NaN	NaN
	56753	16.74868119310282	0.06825969423128024	F	NaN	NaN	NaN
	56754	16.77464603499321	0.06930142306599289	F	NaN	NaN	NaN
	56755	16.801332537737164	0.07391221837152724	F	NaN	NaN	NaN
	56756	16.82711973891374	0.08162799342314203	F	NaN	NaN	NaN
	56757	16.85041618085541	0.09190821657573908	F	NaN	NaN	NaN
	56758	16.869517245468668	0.09399713003054591	F	NaN	NaN	NaN
	56759	16.883098121394497	0.09301310394225881	F	NaN	NaN	NaN
	56760	16.892028728911185	0.08923837958464911	F	NaN	NaN	NaN
	56761	16.89775348981323	0.08313053117682571	F	NaN	NaN	NaN
	56762	16.901730780894916	0.07613957496429256	F	NaN	NaN	NaN
	56763	16.905412390611012	0.06907760312070775	F	NaN	NaN	NaN
	56764	16.910243517400062	0.06332113771060861	F	NaN	NaN	NaN
	56765	16.917670331789953	0.05874417637240634	F	NaN	NaN	NaN
	56766	16.92913962657778	0.054403890946162464	F	NaN	NaN	NaN
	56767	16.94555664439618	0.04987668111216863	F	NaN	NaN	NaN
	56768	16.96306928304834	0.045558360449987	F	NaN	NaN	NaN
	56769	16.982366174767126	0.04270051292138527	F	NaN	NaN	NaN
	56770	17.003000895559047	0.04092800547902239	F	NaN	NaN	NaN
	56771	17.023316498006338	0.041692164173920715	F	NaN	NaN	NaN
	56772	17.042686087049248	0.04433075227445918	F	NaN	NaN	NaN
	56773	17.061715785069097	0.04856742614421761	F	NaN	NaN	NaN
	56774	17.081009742187177	0.05288918355759843	F	NaN	NaN	NaN
	56775	17.10110001269618	0.05659660639936594	F	NaN	NaN	NaN
	56776	17.12147159285257	0.059452484360809243	F	NaN	NaN	NaN
	56777	17.141869831795283	0.061619318254052285	F	NaN	NaN	NaN
	56778	17.162280612969877	0.06278555739705341	F	NaN	NaN	NaN
	56779	17.182685030038325	0.06322271796826401	F	NaN	NaN	NaN
	56780	17.203064176662615	0.0634049625092173	F	NaN	NaN	NaN
	56781	17.223399146504722	0.063361038213509	F	NaN	NaN	NaN
	56782	17.243671033226633	0.06329083888663099	F	NaN	NaN	NaN
	56783	17.263860930490328	0.06355128895377544	F	NaN	NaN	NaN
	56784	17.283949931957782	0.064029024913164	F	NaN	NaN	NaN
	56785	17.30391913129099	0.06506577887660794	F	NaN	NaN	NaN
	56786	17.32374962215191	0.06622994330001214	F	NaN	NaN	NaN
	56787	17.343422498202543	0.06830272075206609	F	NaN	NaN	NaN
	56788	17.362918853104862	0.07070046380234073	F	NaN	NaN	NaN
	56789	17.38221957495863	0.07269265449375265	F	NaN	NaN	NaN
	56790	17.401295788268175	0.07518141044755268	F	NaN	NaN	NaN
	56791	17.420137152733346	0.07665506925521014	F	NaN	NaN	NaN
	56792	17.438724762016122	0.07770222500675608	F	NaN	NaN	NaN
	56793	17.457039709778474	0.07778097303502574	F	NaN	NaN	NaN
	56794	17.4750630896824	0.07722982090551142	F	NaN	NaN	NaN
	56795	17.492829117986982	0.07583861210662615	F	NaN	NaN	NaN
	56796	17.510617807113782	0.07360086458007124	F	NaN	NaN	NaN
	56797	17.52852738335599	0.07092627094107484	F	NaN	NaN	NaN
	56798	17.54648584261674	0.06778757377541383	F	NaN	NaN	NaN
	56799	17.564421627526954	0.06470073504596757	F	NaN	NaN	NaN
	56800	17.582261748659654	0.06131112406179248	F	NaN	NaN	NaN
	56801	17.599935242838015	0.0581923889547373	F	NaN	NaN	NaN
	56802	17.61736930447209	0.05576685323700538	F	NaN	NaN	NaN
	56803	17.634572533815767	0.053856076211991726	F	NaN	NaN	NaN
	56804	17.652068007166253	0.05232699762046067	F	NaN	NaN	NaN
	56805	17.6691370146941	0.05248370231492139	F	NaN	NaN	NaN
	56806	17.684875477706594	0.05283251134930229	F	NaN	NaN	NaN
	56807	17.69996209473068	0.05357166925397941	F	NaN	NaN	NaN
	56808	17.714714178793198	0.054655259825460975	F	NaN	NaN	NaN
	56809	17.729141202618678	0.05582902501160834	F	NaN	NaN	NaN
	56810	17.74325306921827	0.05741980560975221	F	NaN	NaN	NaN
	56811	17.757029561440234	0.05884403722302471	F	NaN	NaN	NaN
	56812	17.77057192773899	0.0604556538648688	F	NaN	NaN	NaN
	56813	17.783853927059205	0.06196510312802445	F	NaN	NaN	NaN
	56814	17.79687218752852	0.06349666712783572	F	NaN	NaN	NaN
	56815	17.809623337274584	0.06541509867182858	F	NaN	NaN	NaN
	56816	17.822104004425032	0.06724765164643401	F	NaN	NaN	NaN
	56817	17.834310817107514	0.06901951824130864	F	NaN	NaN	NaN
	56818	17.846240403449674	0.07051392580078197	F	NaN	NaN	NaN
	56819	17.857884029168762	0.07264239591299097	F	NaN	NaN	NaN
	56820	17.86923510561055	0.07500220499826998	F	NaN	NaN	NaN
	56821	17.88029849845149	0.07761615516562756	F	NaN	NaN	NaN
	56822	17.891070835819225	0.08026924205002726	F	NaN	NaN	NaN
	56823	17.9015487458414	0.0833960133390144	F	NaN	NaN	NaN
	56824	17.911728856645652	0.08706937724788169	F	NaN	NaN	NaN
	56825	17.921607796359627	0.09073955909533571	F	NaN	NaN	NaN
	56826	17.931182193110974	0.09483725317685496	F	NaN	NaN	NaN
	56827	17.940448675027334	0.09941487850356162	F	NaN	NaN	NaN
	56828	17.94940387023635	0.1041989306071679	F	NaN	NaN	NaN
	56829	17.95804440686566	0.1096867259713098	F	NaN	NaN	NaN
	56830	17.96636691304292	0.11593651100707991	F	NaN	NaN	NaN
	56831	17.974368016895756	0.1224703116361837	F	NaN	NaN	NaN
	56832	17.982085859162375	0.1292174374189552	F	NaN	NaN	NaN
	56833	17.989432710011556	0.1365212039926174	F	NaN	NaN	NaN
	56834	17.996447294443488	0.14432804297072752	F	NaN	NaN	NaN
	56835	18.003126218379453	0.1526458403161667	F	NaN	NaN	NaN
	56836	18.009466087740755	0.1614815595868178	F	NaN	NaN	NaN

# FILTER V
#        MJD  MAG  MAGERR  Upperlimit  Instrument  Telescope  Source
	56685	16.665219451403228	0.16534134392476876	F	NaN	NaN	NaN
	56686	16.34268638352634	0.11221310883169289	F	NaN	NaN	NaN
	56687	16.05565264705131	0.06916576127161428	F	NaN	NaN	NaN
	56688	15.804358679857872	0.036058546999194085	F	NaN	NaN	NaN
	56689	15.587962207192644	0.013307617909867958	F	NaN	NaN	NaN
	56690	15.405469898938147	0.013309495500711775	F	NaN	NaN	NaN
	56691	15.257786667809416	0.02088213957424846	F	NaN	NaN	NaN
	56692	15.153390991412365	0.019746352678280517	F	NaN	NaN	NaN
	56693	15.089058081399484	0.013696031966901613	F	NaN	NaN	NaN
	56694	15.051908844804823	0.013958011448572448	F	NaN	NaN	NaN
	56695	15.056956285677206	0.012752141294529683	F	NaN	NaN	NaN
	56696	15.096287033079847	0.011673092701338173	F	NaN	NaN	NaN
	56697	15.137688687587847	0.011696677978825119	F	NaN	NaN	NaN
	56698	15.194191853320108	0.01100395887587731	F	NaN	NaN	NaN
	56699	15.255274885075226	0.011103381570258548	F	NaN	NaN	NaN
	56700	15.315992979916489	0.011154138934847423	F	NaN	NaN	NaN
	56701	15.385312849785866	0.011073392072129758	F	NaN	NaN	NaN
	56702	15.471043795821773	0.011440455852888887	F	NaN	NaN	NaN
	56703	15.568532832921695	0.01309281078093718	F	NaN	NaN	NaN
	56704	15.673054044350492	0.015479270467497128	F	NaN	NaN	NaN
	56705	15.77990066364696	0.017609190746501177	F	NaN	NaN	NaN
	56706	15.884370827334195	0.018734991794020175	F	NaN	NaN	NaN
	56707	15.981765979520793	0.018263373036710762	F	NaN	NaN	NaN
	56708	16.067494319329366	0.01653952889554629	F	NaN	NaN	NaN
	56709	16.148123177835775	0.01672134944971549	F	NaN	NaN	NaN
	56710	16.22978388999861	0.017713128820782617	F	NaN	NaN	NaN
	56711	16.310270641945593	0.018456784915360278	F	NaN	NaN	NaN
	56712	16.387348071471823	0.019219478243960655	F	NaN	NaN	NaN
	56713	16.458801271810838	0.019728489603364388	F	NaN	NaN	NaN
	56714	16.522526632183656	0.02023786188254431	F	NaN	NaN	NaN
	56715	16.580909015793694	0.02120474959787127	F	NaN	NaN	NaN
	56716	16.635350174767236	0.02294165208806166	F	NaN	NaN	NaN
	56717	16.68430608069645	0.024399387552370623	F	NaN	NaN	NaN
	56718	16.72780122461109	0.03116137609307191	F	NaN	NaN	NaN
	56719	16.767369352595175	0.03402592356881581	F	NaN	NaN	NaN
	56720	16.79961859265252	0.04537030874910688	F	NaN	NaN	NaN
	56721	16.830922572107863	0.05298211896570261	F	NaN	NaN	NaN
	56722	16.855871114025142	0.05893654276087998	F	NaN	NaN	NaN
	56723	16.874726187826308	0.06943914109816063	F	NaN	NaN	NaN
	56724	16.896159742384064	0.07743980769949851	F	NaN	NaN	NaN
	56725	16.91234595091879	0.07704920728818185	F	NaN	NaN	NaN
	56726	16.920555880548132	0.07173924689940372	F	NaN	NaN	NaN
	56727	16.925123987296708	0.06740593821855333	F	NaN	NaN	NaN
	56728	16.930384727189114	0.06685499794796707	F	NaN	NaN	NaN
	56729	16.940605945784217	0.06964504029684002	F	NaN	NaN	NaN
	56730	16.959969049975356	0.07031297961067086	F	NaN	NaN	NaN
	56731	16.98642139812383	0.06696199459645687	F	NaN	NaN	NaN
	56732	17.01698030293463	0.06143351527903656	F	NaN	NaN	NaN
	56733	17.049734175554715	0.05544995104394812	F	NaN	NaN	NaN
	56734	17.082771427131043	0.05048734481887172	F	NaN	NaN	NaN
	56735	17.11417931630199	0.047230194421301365	F	NaN	NaN	NaN
	56736	17.142261988893722	0.0446681096613956	F	NaN	NaN	NaN
	56737	17.170275298061096	0.0404278319668776	F	NaN	NaN	NaN
	56738	17.198419494256036	0.03618291125423317	F	NaN	NaN	NaN
	56739	17.224692134637216	0.03388552739887924	F	NaN	NaN	NaN
	56740	17.247413522063457	0.03278365241763399	F	NaN	NaN	NaN
	56741	17.26819983051907	0.03333495424300689	F	NaN	NaN	NaN
	56742	17.28729980605575	0.03442993202548358	F	NaN	NaN	NaN
	56743	17.304750132747213	0.03856634515722974	F	NaN	NaN	NaN
	56744	17.31822020872204	0.04094238773501678	F	NaN	NaN	NaN
	56745	17.329967350439972	0.04316864136163421	F	NaN	NaN	NaN
	56746	17.34141724916524	0.04634899090469781	F	NaN	NaN	NaN
	56747	17.350624566858812	0.05140352322328843	F	NaN	NaN	NaN
	56748	17.359505463463016	0.05967402196206295	F	NaN	NaN	NaN
	56749	17.370945737417323	0.06534269209373694	F	NaN	NaN	NaN
	56750	17.378292597027734	0.0733893025949068	F	NaN	NaN	NaN
	56751	17.38347694606092	0.08436382901338126	F	NaN	NaN	NaN
	56752	17.394826646136675	0.08920466216797174	F	NaN	NaN	NaN
	56753	17.41029284117141	0.08751618592453415	F	NaN	NaN	NaN
	56754	17.427300622484843	0.08353740569568413	F	NaN	NaN	NaN
	56755	17.445585008797895	0.07835241779621546	F	NaN	NaN	NaN
	56756	17.464902527420996	0.07209889178741792	F	NaN	NaN	NaN
	56757	17.484995087326837	0.06766200278310491	F	NaN	NaN	NaN
	56758	17.505592324314005	0.06492833399440953	F	NaN	NaN	NaN
	56759	17.526446688241688	0.06310915263748791	F	NaN	NaN	NaN
	56760	17.54729624338993	0.06242704439858297	F	NaN	NaN	NaN
	56761	17.567881461111195	0.0624892455999167	F	NaN	NaN	NaN
	56762	17.587943415119344	0.061938464478641916	F	NaN	NaN	NaN
	56763	17.607277105993163	0.059563509788516926	F	NaN	NaN	NaN
	56764	17.62652942833015	0.05709027538499306	F	NaN	NaN	NaN
	56765	17.645922142602885	0.05382919637982299	F	NaN	NaN	NaN
	56766	17.66536870063844	0.05094781675155893	F	NaN	NaN	NaN
	56767	17.684782735937965	0.048827438359834566	F	NaN	NaN	NaN
	56768	17.704221155985064	0.047392591997584485	F	NaN	NaN	NaN
	56769	17.72405498236844	0.04703509208841426	F	NaN	NaN	NaN
	56770	17.743199316030353	0.049187968848360276	F	NaN	NaN	NaN
	56771	17.761948000312334	0.05263016653892846	F	NaN	NaN	NaN
	56772	17.78046764210325	0.05682219571984201	F	NaN	NaN	NaN
	56773	17.798755481841567	0.061991676345432886	F	NaN	NaN	NaN
	56774	17.816809057803823	0.0668859459881097	F	NaN	NaN	NaN
	56775	17.834624844625832	0.07104818411038283	F	NaN	NaN	NaN
	56776	17.851999876742852	0.07428588980121947	F	NaN	NaN	NaN
	56777	17.868471744995656	0.07688364760835581	F	NaN	NaN	NaN
	56778	17.883809995606182	0.07906862582952358	F	NaN	NaN	NaN
	56779	17.89816228691108	0.08105538548999625	F	NaN	NaN	NaN
	56780	17.911676277246986	0.08248653864104466	F	NaN	NaN	NaN
	56781	17.924499624950542	0.0837192188726057	F	NaN	NaN	NaN
	56782	17.936779988358385	0.08480249183985364	F	NaN	NaN	NaN
	56783	17.94866502580715	0.0858112069547464	F	NaN	NaN	NaN
	56784	17.96030239563348	0.08741279797386009	F	NaN	NaN	NaN
	56785	17.971839756174017	0.08895449133571154	F	NaN	NaN	NaN
	56786	17.9834247657654	0.09085190707859278	F	NaN	NaN	NaN
	56787	17.995205082744253	0.09248193333275427	F	NaN	NaN	NaN
	56788	18.00732836544724	0.09455408758593685	F	NaN	NaN	NaN
	56789	18.019942888005723	0.09678211772358108	F	NaN	NaN	NaN
	56790	18.033230128613287	0.09860782343611829	F	NaN	NaN	NaN
	56791	18.047315873747483	0.10094987224278279	F	NaN	NaN	NaN
	56792	18.062347781744954	0.10229277058131507	F	NaN	NaN	NaN
	56793	18.078473510942334	0.10342045353901654	F	NaN	NaN	NaN
	56794	18.09584071967627	0.10389919538901601	F	NaN	NaN	NaN
	56795	18.114457611603843	0.10349376575898896	F	NaN	NaN	NaN
	56796	18.13472429745575	0.10199369578781677	F	NaN	NaN	NaN
	56797	18.156677081705926	0.09967826356291015	F	NaN	NaN	NaN
	56798	18.18046454558476	0.0959004737537796	F	NaN	NaN	NaN
	56799	18.20643507064147	0.0912618226289343	F	NaN	NaN	NaN
	56800	18.236950615872377	0.08532910717005163	F	NaN	NaN	NaN
	56801	18.26967022940551	0.07983437830199595	F	NaN	NaN	NaN
	56802	18.300838076670402	0.07536479003976904	F	NaN	NaN	NaN
	56803	18.327486612996456	0.07138789256237243	F	NaN	NaN	NaN
	56804	18.35457688962072	0.06949424744308678	F	NaN	NaN	NaN
	56805	18.38053116045551	0.07435445978772334	F	NaN	NaN	NaN
	56806	18.401760000012125	0.07896058960871279	F	NaN	NaN	NaN
	56807	18.42081797335404	0.08253096980715591	F	NaN	NaN	NaN
	56808	18.439071724082805	0.08608850495436902	F	NaN	NaN	NaN
	56809	18.45673210194604	0.08983068426752258	F	NaN	NaN	NaN
	56810	18.474010217126743	0.09318816525265855	F	NaN	NaN	NaN
	56811	18.49106000036788	0.09644526628796585	F	NaN	NaN	NaN
	56812	18.50788620761949	0.09956980994942605	F	NaN	NaN	NaN
	56813	18.524391102214754	0.10287753375166772	F	NaN	NaN	NaN
	56814	18.540562301695147	0.10614879137877409	F	NaN	NaN	NaN
	56815	18.55638742360214	0.10922111928312317	F	NaN	NaN	NaN
	56816	18.571854085477202	0.11234577706467738	F	NaN	NaN	NaN
	56817	18.5869499048618	0.11528138183048428	F	NaN	NaN	NaN
	56818	18.60166249929742	0.11858566991877183	F	NaN	NaN	NaN
	56819	18.61597177193611	0.12244020852735321	F	NaN	NaN	NaN
	56820	18.629860181775065	0.1269279802226398	F	NaN	NaN	NaN
	56821	18.64332696467911	0.13097874842416965	F	NaN	NaN	NaN
	56822	18.656359738189728	0.135379807024282	F	NaN	NaN	NaN
	56823	18.668946119848382	0.14076206400515506	F	NaN	NaN	NaN
	56824	18.68107372719654	0.14636106414338737	F	NaN	NaN	NaN
	56825	18.692730177775687	0.15196648451311837	F	NaN	NaN	NaN
	56826	18.703903089127284	0.15787424420307386	F	NaN	NaN	NaN
	56827	18.71458007879281	0.1654922512920877	F	NaN	NaN	NaN
	56828	18.724748764313734	0.17311818052531097	F	NaN	NaN	NaN
	56829	18.734396763231526	0.18090156126772453	F	NaN	NaN	NaN
	56830	18.743511693087658	0.19015567504545336	F	NaN	NaN	NaN
	56831	18.752081171423605	0.20031844350728883	F	NaN	NaN	NaN
	56832	18.760165014727797	0.21044495363853982	F	NaN	NaN	NaN
	56833	18.76760494308569	0.22089397444516307	F	NaN	NaN	NaN
	56834	18.774460870079285	0.23192509380887652	F	NaN	NaN	NaN
	56835	18.78072033170215	0.24423102775438976	F	NaN	NaN	NaN
	56836	18.786370863947848	0.25846894425474903	F	NaN	NaN	NaN

# FILTER U
#        MJD  MAG  MAGERR  Upperlimit  Instrument  Telescope  Source
	56685	18.104009664176	0.1653415711922836	F	NaN	NaN	NaN
	56686	17.686545073214432	0.1122642210537645	F	NaN	NaN	NaN
	56687	17.329851933621022	0.07099118702554053	F	NaN	NaN	NaN
	56688	17.0323454157287	0.04803950310203249	F	NaN	NaN	NaN
	56689	16.79455803116752	0.046441234169789875	F	NaN	NaN	NaN
	56690	16.614933110797555	0.055530981741966634	F	NaN	NaN	NaN
	56691	16.494676586284324	0.06366919399264652	F	NaN	NaN	NaN
	56692	16.441748579069042	0.06457026910233322	F	NaN	NaN	NaN
	56693	16.448175227775483	0.06294085725846393	F	NaN	NaN	NaN
	56694	16.488192437387426	0.06174561385701967	F	NaN	NaN	NaN
	56695	16.58151035398485	0.05427743932730579	F	NaN	NaN	NaN
	56696	16.68416802080891	0.05162835063935276	F	NaN	NaN	NaN
	56697	16.822507022637524	0.04957079010340863	F	NaN	NaN	NaN
	56698	16.976067649644992	0.0524643662371951	F	NaN	NaN	NaN
	56699	17.124399622859226	0.05569340982678195	F	NaN	NaN	NaN
	56700	17.281282333656755	0.05462263072930046	F	NaN	NaN	NaN
	56701	17.455352910713344	0.05493031623798093	F	NaN	NaN	NaN
	56702	17.61689353044902	0.05594589689588367	F	NaN	NaN	NaN
	56703	17.76442036926506	0.05580736176286676	F	NaN	NaN	NaN
	56704	17.9140012678029	0.05727171121743326	F	NaN	NaN	NaN
	56705	18.06173804558093	0.05999628114773824	F	NaN	NaN	NaN
	56706	18.203737907215725	0.06575458635422834	F	NaN	NaN	NaN
	56707	18.33610896434922	0.07002842395165057	F	NaN	NaN	NaN
	56708	18.45504159282044	0.07246460899492477	F	NaN	NaN	NaN
	56709	18.5626271347335	0.07357502631453569	F	NaN	NaN	NaN
	56710	18.662833526384514	0.07463257190862732	F	NaN	NaN	NaN
	56711	18.756094041882157	0.0768046727367204	F	NaN	NaN	NaN
	56712	18.842717923842663	0.07931267091152741	F	NaN	NaN	NaN
	56713	18.92310946845991	0.08220637870992421	F	NaN	NaN	NaN
	56714	18.997508696172094	0.08436511648571127	F	NaN	NaN	NaN
	56715	19.06337008475416	0.08447385198907974	F	NaN	NaN	NaN
	56716	19.119646221986358	0.08365222988566436	F	NaN	NaN	NaN
	56717	19.167846108163232	0.0831007702115865	F	NaN	NaN	NaN
	56718	19.209478743579318	0.08320791138539277	F	NaN	NaN	NaN
	56719	19.246038108636284	0.08416221137148293	F	NaN	NaN	NaN
	56720	19.279053374354593	0.08577966121369054	F	NaN	NaN	NaN
	56721	19.310058716813902	0.08780660832085065	F	NaN	NaN	NaN
	56722	19.3405425820698	0.09028647866007727	F	NaN	NaN	NaN
	56723	19.372021538546438	0.09229589839400558	F	NaN	NaN	NaN
	56724	19.405559306656738	0.09278323738771749	F	NaN	NaN	NaN
	56725	19.431901195749056	0.0920893174291122	F	NaN	NaN	NaN
	56726	19.449849342927195	0.09188698644782034	F	NaN	NaN	NaN
	56727	19.464076019156476	0.09448529802694558	F	NaN	NaN	NaN
	56728	19.479253495402233	0.09911438243842066	F	NaN	NaN	NaN
	56729	19.499813529745747	0.10114189125776106	F	NaN	NaN	NaN
	56730	19.522279368941813	0.10070489693446155	F	NaN	NaN	NaN
	56731	19.543139814362505	0.10036384207832595	F	NaN	NaN	NaN
	56732	19.562520150712693	0.09970529285223198	F	NaN	NaN	NaN
	56733	19.58051129789305	0.10051920032415788	F	NaN	NaN	NaN
	56734	19.597180037621804	0.10074903760745736	F	NaN	NaN	NaN
	56735	19.612645810541864	0.09993272211178394	F	NaN	NaN	NaN
	56736	19.626992138851467	0.09878413119370172	F	NaN	NaN	NaN
	56737	19.640314589455382	0.10029313129529643	F	NaN	NaN	NaN
	56738	19.652705520310523	0.10146201573656335	F	NaN	NaN	NaN
	56739	19.66425728937381	0.10201876063659804	F	NaN	NaN	NaN
	56740	19.675062254602164	0.10324901992145485	F	NaN	NaN	NaN
	56741	19.68521277395249	0.1041423821944476	F	NaN	NaN	NaN
	56742	19.69474913623967	0.10498571384125696	F	NaN	NaN	NaN
	56743	19.70312245136133	0.10655883892530077	F	NaN	NaN	NaN
	56744	19.71044450317756	0.10934366522717079	F	NaN	NaN	NaN
	56745	19.717057979944656	0.11465980176992205	F	NaN	NaN	NaN
	56746	19.72294261443944	0.12229336064998592	F	NaN	NaN	NaN
	56747	19.727979617423706	0.13289861646030549	F	NaN	NaN	NaN
	56748	19.732137377265577	0.1457988876862048	F	NaN	NaN	NaN
	56749	19.735391788907002	0.16135525309855128	F	NaN	NaN	NaN
	56750	19.73770948733648	0.17880035159339325	F	NaN	NaN	NaN
	56751	19.73915914176155	0.20063855853877305	F	NaN	NaN	NaN