###################### HEADER ######################
# SNNAME:	SN2013ge
###################### HEADER ######################


# FILTER U
#        MJD  MAG  MAGERR  Upperlimit  Instrument  Telescope  Source
	56608	15.06213083227004	0.11331933888453269	F	NaN	NaN	NaN
	56609	15.056862609557633	0.10035356533085911	F	NaN	NaN	NaN
	56610	15.076619669213413	0.09438059492794133	F	NaN	NaN	NaN
	56611	15.1135192178002	0.09317958544528096	F	NaN	NaN	NaN
	56612	15.176464803550653	0.09097133858357528	F	NaN	NaN	NaN
	56613	15.274989299701668	0.09416834472479729	F	NaN	NaN	NaN
	56614	15.353451970752904	0.09659711020105417	F	NaN	NaN	NaN
	56615	15.426139515105266	0.09684517292682719	F	NaN	NaN	NaN
	56616	15.464547889980855	0.10048703263226828	F	NaN	NaN	NaN
	56617	15.495536232068776	0.107145395941206	F	NaN	NaN	NaN
	56618	15.535787316091588	0.11303659639305536	F	NaN	NaN	NaN
	56619	15.587756212708152	0.11875207745309116	F	NaN	NaN	NaN
	56620	15.64719495276863	0.12090416733948714	F	NaN	NaN	NaN
	56621	15.73700136186482	0.1342122862978658	F	NaN	NaN	NaN
	56622	15.84982430882051	0.15508797224558377	F	NaN	NaN	NaN
	56623	15.97778489006675	0.18208461328646636	F	NaN	NaN	NaN
	56624	16.113157502664926	0.21100058790964682	F	NaN	NaN	NaN
	56625	16.24817736057497	0.23840542465525183	F	NaN	NaN	NaN
	56626	16.375355594294213	0.26071096148887796	F	NaN	NaN	NaN
	56627	16.506895833333754	0.28558323649761286	F	NaN	NaN	NaN
	56628	16.628140427117476	0.3077170530970383	F	NaN	NaN	NaN
	56629	16.744504877812908	0.32910576200184155	F	NaN	NaN	NaN
	56630	16.8592748272856	0.3534728554131904	F	NaN	NaN	NaN
	56631	16.966144235877085	0.37752857943359996	F	NaN	NaN	NaN
	56632	17.069738054111134	0.39400473226702826	F	NaN	NaN	NaN
	56633	17.17857360482121	0.4066403103683708	F	NaN	NaN	NaN
	56634	17.287993481684843	0.4306612801453552	F	NaN	NaN	NaN
	56635	17.39751180529651	0.45397946125208605	F	NaN	NaN	NaN
	56636	17.50671886592173	0.47127789970713874	F	NaN	NaN	NaN
	56637	17.614763302500826	0.4839186872195519	F	NaN	NaN	NaN
	56638	17.72093800495775	0.4921244825216372	F	NaN	NaN	NaN
	56639	17.824266128388697	0.4958700670711952	F	NaN	NaN	NaN
	56640	17.92413980703227	0.49592157093236455	F	NaN	NaN	NaN
	56641	18.019504469773764	0.4919901863400966	F	NaN	NaN	NaN
	56642	18.109814497203228	0.4843917892824572	F	NaN	NaN	NaN
	56643	18.19396855171398	0.4737577736939805	F	NaN	NaN	NaN
	56644	18.271512455434753	0.4603637385244477	F	NaN	NaN	NaN
	56645	18.341300241223873	0.4439856912591077	F	NaN	NaN	NaN
	56646	18.40303700609486	0.42395981984061026	F	NaN	NaN	NaN
	56647	18.457704154455783	0.3944130604501557	F	NaN	NaN	NaN
	56648	18.50629645699187	0.35838346709463564	F	NaN	NaN	NaN
	56649	18.549768628006586	0.3189882359819286	F	NaN	NaN	NaN
	56650	18.589122524000686	0.278860071404319	F	NaN	NaN	NaN
	56651	18.625276475321634	0.2447417156564273	F	NaN	NaN	NaN
	56652	18.65923573242964	0.2151360458353506	F	NaN	NaN	NaN
	56653	18.691949152620946	0.19408133456944388	F	NaN	NaN	NaN
	56654	18.724302046996353	0.1815347067851077	F	NaN	NaN	NaN
	56655	18.753977417220877	0.17141156174640665	F	NaN	NaN	NaN
	56656	18.77969708142481	0.1615136276346659	F	NaN	NaN	NaN
	56657	18.801676924689172	0.15064786999209862	F	NaN	NaN	NaN
	56658	18.820069373353423	0.14084433839607416	F	NaN	NaN	NaN
	56659	18.835188407810623	0.13194813115067489	F	NaN	NaN	NaN
	56660	18.84719665118107	0.1240243116856382	F	NaN	NaN	NaN
	56661	18.856269349373424	0.11821793960186479	F	NaN	NaN	NaN
	56662	18.862654483588493	0.11461247985613723	F	NaN	NaN	NaN
	56663	18.866569254190072	0.1125336984218432	F	NaN	NaN	NaN
	56664	18.868224847406882	0.11139647881255973	F	NaN	NaN	NaN
	56665	18.867730349242315	0.11257577292078902	F	NaN	NaN	NaN
	56666	18.86437736758349	0.11409953444228699	F	NaN	NaN	NaN
	56667	18.85803836830619	0.11684852974444188	F	NaN	NaN	NaN
	56668	18.84872876612189	0.1201437687756669	F	NaN	NaN	NaN
	56669	18.83642908321085	0.12598942304981275	F	NaN	NaN	NaN
	56670	18.821142569113235	0.132680699088006	F	NaN	NaN	NaN
	56671	18.80282963333173	0.14244351827938265	F	NaN	NaN	NaN
	56672	18.781555612228612	0.1529178291231301	F	NaN	NaN	NaN
	56673	18.757306432015724	0.16444229458408757	F	NaN	NaN	NaN
	56674	18.730036673633393	0.17677263028475354	F	NaN	NaN	NaN
	56675	18.699726083768063	0.19089706032643972	F	NaN	NaN	NaN
	56676	18.666428291667135	0.20407516534780146	F	NaN	NaN	NaN
	56677	18.630139379358628	0.2193134414244125	F	NaN	NaN	NaN
	56678	18.590814750261483	0.2371740323044313	F	NaN	NaN	NaN

# FILTER B
#        MJD  MAG  MAGERR  Upperlimit  Instrument  Telescope  Source
	56608	15.775418597516147	0.10738884269012647	F	NaN	NaN	NaN
	56609	15.697034753172648	0.09099039011568462	F	NaN	NaN	NaN
	56610	15.631447739265687	0.08096572716481233	F	NaN	NaN	NaN
	56611	15.578220512729489	0.07555814759211871	F	NaN	NaN	NaN
	56612	15.53864630855625	0.07316709763071406	F	NaN	NaN	NaN
	56613	15.511775042748878	0.07280046040965751	F	NaN	NaN	NaN
	56614	15.494288767952423	0.07272213534860467	F	NaN	NaN	NaN
	56615	15.483389841361298	0.07170762091023462	F	NaN	NaN	NaN
	56616	15.480542885554186	0.06900570242934409	F	NaN	NaN	NaN
	56617	15.48358084450085	0.06967305464344017	F	NaN	NaN	NaN
	56618	15.48858246319443	0.07008554441733003	F	NaN	NaN	NaN
	56619	15.498165360427064	0.07074245180157637	F	NaN	NaN	NaN
	56620	15.520936713555498	0.07450296611166181	F	NaN	NaN	NaN
	56621	15.552115884062749	0.07960354070391686	F	NaN	NaN	NaN
	56622	15.60076898642941	0.08313633935342488	F	NaN	NaN	NaN
	56623	15.665911773229592	0.08795723677293882	F	NaN	NaN	NaN
	56624	15.735456397286859	0.09038716659343474	F	NaN	NaN	NaN
	56625	15.818394251220793	0.09048047934058534	F	NaN	NaN	NaN
	56626	15.90933752935427	0.09105026540076061	F	NaN	NaN	NaN
	56627	16.00259918807852	0.09025003073326088	F	NaN	NaN	NaN
	56628	16.09359086345246	0.08339279669960259	F	NaN	NaN	NaN
	56629	16.192243316396013	0.05284921317202713	F	NaN	NaN	NaN
	56630	16.295090828918674	0.03862460484440515	F	NaN	NaN	NaN
	56631	16.392550543809232	0.052701536904600055	F	NaN	NaN	NaN
	56632	16.486230348280145	0.05104341924050064	F	NaN	NaN	NaN
	56633	16.582423283318775	0.04749030525718963	F	NaN	NaN	NaN
	56634	16.672259671194087	0.04431325395842388	F	NaN	NaN	NaN
	56635	16.757489079131382	0.03881710563795142	F	NaN	NaN	NaN
	56636	16.839141323164963	0.03272697522232669	F	NaN	NaN	NaN
	56637	16.91712844053273	0.03132590408079354	F	NaN	NaN	NaN
	56638	16.991301911205817	0.039112218745793015	F	NaN	NaN	NaN
	56639	17.061526914184956	0.05411900209596397	F	NaN	NaN	NaN
	56640	17.127694039971605	0.07188638530806488	F	NaN	NaN	NaN
	56641	17.18969704113738	0.09048578614294239	F	NaN	NaN	NaN
	56642	17.24737873697017	0.10831756007403154	F	NaN	NaN	NaN
	56643	17.30063360785995	0.12363397769535808	F	NaN	NaN	NaN
	56644	17.34933695644165	0.13552855278356093	F	NaN	NaN	NaN
	56645	17.393356796600507	0.1430556265586058	F	NaN	NaN	NaN
	56646	17.430672884278135	0.14585314910986855	F	NaN	NaN	NaN
	56647	17.45873922042393	0.14590430032789053	F	NaN	NaN	NaN
	56648	17.480532791581705	0.1444776292878653	F	NaN	NaN	NaN
	56649	17.499181879062743	0.14194953184071898	F	NaN	NaN	NaN
	56650	17.51782428357952	0.13870246078985038	F	NaN	NaN	NaN
	56651	17.539600548730967	0.1353786980429	F	NaN	NaN	NaN
	56652	17.560653531368555	0.12755276837511048	F	NaN	NaN	NaN
	56653	17.576722483073237	0.11497821543263152	F	NaN	NaN	NaN
	56654	17.594727758320953	0.10623330591525079	F	NaN	NaN	NaN
	56655	17.6128387472448	0.0997150388791673	F	NaN	NaN	NaN
	56656	17.628625515908652	0.09200992681017911	F	NaN	NaN	NaN
	56657	17.64282010777076	0.08398722601592941	F	NaN	NaN	NaN
	56658	17.65615595854424	0.07644012987760124	F	NaN	NaN	NaN
	56659	17.66936897748792	0.06992010419505088	F	NaN	NaN	NaN
	56660	17.683193341036674	0.06514626850566649	F	NaN	NaN	NaN
	56661	17.6979978842816	0.06234385219865682	F	NaN	NaN	NaN
	56662	17.713014979198864	0.061966025897847006	F	NaN	NaN	NaN
	56663	17.72799743523416	0.06355602074682257	F	NaN	NaN	NaN
	56664	17.742750962488365	0.06627277379868093	F	NaN	NaN	NaN
	56665	17.757080414920544	0.06920900883511222	F	NaN	NaN	NaN
	56666	17.77079145010951	0.07156499281049722	F	NaN	NaN	NaN
	56667	17.78369110324782	0.0723413318254775	F	NaN	NaN	NaN
	56668	17.79563356728502	0.07106002766714899	F	NaN	NaN	NaN
	56669	17.80686365882323	0.06938445319237323	F	NaN	NaN	NaN
	56670	17.817595764019877	0.06745560549174022	F	NaN	NaN	NaN
	56671	17.827853764859963	0.0652648796778463	F	NaN	NaN	NaN
	56672	17.83694251670513	0.0630174508064241	F	NaN	NaN	NaN
	56673	17.84504862637491	0.06102919955010094	F	NaN	NaN	NaN
	56674	17.852518036908926	0.05912809552850555	F	NaN	NaN	NaN
	56675	17.859698275084885	0.057328476251346364	F	NaN	NaN	NaN
	56676	17.866936629085487	0.055555494858511426	F	NaN	NaN	NaN
	56677	17.874580984714434	0.053790695651484005	F	NaN	NaN	NaN
	56678	17.88297894401274	0.05183033749631228	F	NaN	NaN	NaN
	56679	17.89155436980448	0.049652833199862814	F	NaN	NaN	NaN
	56680	17.899528333345568	0.0471838576367679	F	NaN	NaN	NaN
	56681	17.907184086027993	0.0447725056884442	F	NaN	NaN	NaN
	56682	17.914807669232523	0.04267517383888515	F	NaN	NaN	NaN
	56683	17.92268317712786	0.04098697286072801	F	NaN	NaN	NaN
	56684	17.93109527293033	0.039368036530815026	F	NaN	NaN	NaN
	56685	17.94033045977085	0.03813787730385847	F	NaN	NaN	NaN
	56686	17.950488409413072	0.03706529783003378	F	NaN	NaN	NaN
	56687	17.96096501317677	0.03606522724837798	F	NaN	NaN	NaN
	56688	17.971652306781447	0.03492038840412833	F	NaN	NaN	NaN
	56689	17.982525133944055	0.03379187803719119	F	NaN	NaN	NaN
	56690	17.993553995470073	0.03264878881030188	F	NaN	NaN	NaN
	56691	18.00470797949586	0.03162097916969495	F	NaN	NaN	NaN
	56692	18.01596143593839	0.03088915864287021	F	NaN	NaN	NaN
	56693	18.027282742310355	0.030135358673760763	F	NaN	NaN	NaN
	56694	18.038643485533886	0.029652971558185297	F	NaN	NaN	NaN
	56695	18.050015044056824	0.029251897964270097	F	NaN	NaN	NaN
	56696	18.061367968424666	0.028956989978375102	F	NaN	NaN	NaN
	56697	18.072673719448638	0.028651250010522905	F	NaN	NaN	NaN
	56698	18.083903904128807	0.028546500650396548	F	NaN	NaN	NaN
	56699	18.095028155854045	0.028400031002229674	F	NaN	NaN	NaN
	56700	18.106017855108046	0.02792102397670035	F	NaN	NaN	NaN
	56701	18.116930380749658	0.027478956025759105	F	NaN	NaN	NaN
	56702	18.127996014556153	0.026856185989341558	F	NaN	NaN	NaN
	56703	18.139223070762718	0.026566610976903215	F	NaN	NaN	NaN
	56704	18.15060443004734	0.026230385065963143	F	NaN	NaN	NaN
	56705	18.16213205412338	0.025964403940833956	F	NaN	NaN	NaN
	56706	18.173798913043115	0.025831971626280738	F	NaN	NaN	NaN
	56707	18.185597622846004	0.025775566834170895	F	NaN	NaN	NaN
	56708	18.197520936161656	0.025884051908229233	F	NaN	NaN	NaN
	56709	18.20956163139109	0.025999981028481167	F	NaN	NaN	NaN
	56710	18.221712204078962	0.0261977228512163	F	NaN	NaN	NaN
	56711	18.233964777055377	0.026259215594667727	F	NaN	NaN	NaN
	56712	18.246312052902077	0.02645032295198723	F	NaN	NaN	NaN
	56713	18.258747396545623	0.026588382364798137	F	NaN	NaN	NaN
	56714	18.271171759758627	0.026612303206593323	F	NaN	NaN	NaN
	56715	18.28340909417965	0.026770440392343706	F	NaN	NaN	NaN
	56716	18.29547541565976	0.027129755473458646	F	NaN	NaN	NaN
	56717	18.30739991381396	0.027557826961826595	F	NaN	NaN	NaN
	56718	18.319204842754747	0.027894944538743503	F	NaN	NaN	NaN
	56719	18.330914818788887	0.02823679926628568	F	NaN	NaN	NaN
	56720	18.342554458223148	0.02849162159879475	F	NaN	NaN	NaN
	56721	18.354148377364286	0.02917361697669643	F	NaN	NaN	NaN
	56722	18.365721192519075	0.029571017936427888	F	NaN	NaN	NaN
	56723	18.3772978895353	0.029970463049792465	F	NaN	NaN	NaN
	56724	18.388902556951713	0.03022440202704304	F	NaN	NaN	NaN
	56725	18.400561038640035	0.030745835924614724	F	NaN	NaN	NaN
	56726	18.412294753445945	0.031456025463673945	F	NaN	NaN	NaN
	56727	18.424134503951393	0.032038464665517984	F	NaN	NaN	NaN
	56728	18.43609712869713	0.03260528773859007	F	NaN	NaN	NaN
	56729	18.44821507982677	0.033093267246813746	F	NaN	NaN	NaN
	56730	18.460506465581698	0.03350055291479057	F	NaN	NaN	NaN
	56731	18.47299682748781	0.03398374307620956	F	NaN	NaN	NaN
	56732	18.48571493271274	0.03442036228781668	F	NaN	NaN	NaN
	56733	18.498683016179186	0.03471139728325251	F	NaN	NaN	NaN
	56734	18.51191660568129	0.034778157099137605	F	NaN	NaN	NaN
	56735	18.52540232307428	0.03522722962618312	F	NaN	NaN	NaN
	56736	18.539140419562944	0.03525550592627531	F	NaN	NaN	NaN
	56737	18.55312528238728	0.03560472734518367	F	NaN	NaN	NaN
	56738	18.567356306888385	0.03578099765756237	F	NaN	NaN	NaN
	56739	18.581840312224053	0.036035653752464814	F	NaN	NaN	NaN
	56740	18.59656923632652	0.03620346680463768	F	NaN	NaN	NaN
	56741	18.61154247453688	0.036371058873918456	F	NaN	NaN	NaN
	56742	18.626765562728284	0.0365413630637377	F	NaN	NaN	NaN
	56743	18.64223295211099	0.03671757246635162	F	NaN	NaN	NaN
	56744	18.657945251534436	0.036903254677741804	F	NaN	NaN	NaN
	56745	18.673901838921555	0.03710227106976253	F	NaN	NaN	NaN
	56746	18.690102092195282	0.0373187659165325	F	NaN	NaN	NaN
	56747	18.706544783094632	0.03755707305191552	F	NaN	NaN	NaN
	56748	18.72323050341375	0.037821931745713654	F	NaN	NaN	NaN
	56749	18.740157420522113	0.03803352191598205	F	NaN	NaN	NaN
	56750	18.75732732261508	0.03807136305506225	F	NaN	NaN	NaN
	56751	18.774736574165946	0.03841882897384824	F	NaN	NaN	NaN
	56752	18.792385759141048	0.03876092190645686	F	NaN	NaN	NaN
	56753	18.810274255463334	0.039123458840242514	F	NaN	NaN	NaN
	56754	18.828401441055732	0.03935468411072417	F	NaN	NaN	NaN
	56755	18.846814958939657	0.03997351266083737	F	NaN	NaN	NaN
	56756	18.865410870779048	0.040499198609076165	F	NaN	NaN	NaN
	56757	18.884223111392167	0.04094843881974982	F	NaN	NaN	NaN
	56758	18.90330766429113	0.04178228678447796	F	NaN	NaN	NaN
	56759	18.922640731571793	0.042546998872507194	F	NaN	NaN	NaN
	56760	18.9421882289316	0.04338188080543653	F	NaN	NaN	NaN
	56761	18.961949728642644	0.044290147499917755	F	NaN	NaN	NaN
	56762	18.981945928690404	0.04517818277912105	F	NaN	NaN	NaN
	56763	19.002222798930156	0.04636338738175236	F	NaN	NaN	NaN
	56764	19.022711772826554	0.04751028021253049	F	NaN	NaN	NaN
	56765	19.043412422651706	0.04880483533049759	F	NaN	NaN	NaN
	56766	19.064324320677713	0.050459946432465	F	NaN	NaN	NaN
	56767	19.08552144491422	0.05224688456107662	F	NaN	NaN	NaN
	56768	19.106941786363397	0.053902395322131924	F	NaN	NaN	NaN
	56769	19.12857147731884	0.05551912119884583	F	NaN	NaN	NaN
	56770	19.15041009005264	0.057203846608310675	F	NaN	NaN	NaN
	56771	19.172496953423472	0.05921397483617114	F	NaN	NaN	NaN
	56772	19.194838553441606	0.06119055227820898	F	NaN	NaN	NaN
	56773	19.21738717654351	0.06322555139818359	F	NaN	NaN	NaN
	56774	19.240142395001286	0.06534145113655104	F	NaN	NaN	NaN
	56775	19.263109608357386	0.06754402916248144	F	NaN	NaN	NaN
	56776	19.286362357960655	0.06971396377914793	F	NaN	NaN	NaN
	56777	19.309819804225206	0.07205800013702912	F	NaN	NaN	NaN
	56778	19.33348151942314	0.07444596167651639	F	NaN	NaN	NaN
	56779	19.357347075826556	0.07680592631792049	F	NaN	NaN	NaN
	56780	19.381473483820024	0.07944218264140411	F	NaN	NaN	NaN

# FILTER V
#        MJD  MAG  MAGERR  Upperlimit  Instrument  Telescope  Source
	56608	15.662375933852815	0.0948534164228901	F	NaN	NaN	NaN
	56609	15.523696045092693	0.06866834572355787	F	NaN	NaN	NaN
	56610	15.39975783880321	0.05363214542329833	F	NaN	NaN	NaN
	56611	15.289416909114289	0.04754577353633498	F	NaN	NaN	NaN
	56612	15.193037035209612	0.04819229660466137	F	NaN	NaN	NaN
	56613	15.112128199634233	0.05013486418986729	F	NaN	NaN	NaN
	56614	15.046758375363046	0.05173433867557633	F	NaN	NaN	NaN
	56615	14.9890059992608	0.05140149773648544	F	NaN	NaN	NaN
	56616	14.940995751238585	0.04960061096648192	F	NaN	NaN	NaN
	56617	14.899718224504756	0.050832293782240676	F	NaN	NaN	NaN
	56618	14.864843181591597	0.051879400794219946	F	NaN	NaN	NaN
	56619	14.83830631769024	0.05575014110387667	F	NaN	NaN	NaN
	56620	14.825389494066977	0.05497324278328711	F	NaN	NaN	NaN
	56621	14.824023702434689	0.054502299542798824	F	NaN	NaN	NaN
	56622	14.833456215294156	0.05667403361284076	F	NaN	NaN	NaN
	56623	14.848298250657665	0.05728869846582608	F	NaN	NaN	NaN
	56624	14.871742204900997	0.05877387470746295	F	NaN	NaN	NaN
	56625	14.902078381929723	0.05888885008744517	F	NaN	NaN	NaN
	56626	14.941753653978688	0.05776874060801089	F	NaN	NaN	NaN
	56627	14.98986330895027	0.060549014701172146	F	NaN	NaN	NaN
	56628	15.04585779429044	0.061769806972593974	F	NaN	NaN	NaN
	56629	15.116174548248365	0.06595051250450101	F	NaN	NaN	NaN
	56630	15.187944702037514	0.06528111849984078	F	NaN	NaN	NaN
	56631	15.269188939417004	0.06117533455891352	F	NaN	NaN	NaN
	56632	15.354550029567557	0.06131607864953485	F	NaN	NaN	NaN
	56633	15.434896855005222	0.06324817192913838	F	NaN	NaN	NaN
	56634	15.50579450175689	0.05997636431396115	F	NaN	NaN	NaN
	56635	15.575645904444078	0.05513905962395114	F	NaN	NaN	NaN
	56636	15.648252939432389	0.04678054759050271	F	NaN	NaN	NaN
	56637	15.720503821936271	0.03940293070337792	F	NaN	NaN	NaN
	56638	15.788068160402757	0.03672145968794441	F	NaN	NaN	NaN
	56639	15.847940765666296	0.03619140726657105	F	NaN	NaN	NaN
	56640	15.905331645177462	0.03547426617978709	F	NaN	NaN	NaN
	56641	15.96068785778411	0.041305375726362586	F	NaN	NaN	NaN
	56642	16.01325351030506	0.05156981509285362	F	NaN	NaN	NaN
	56643	16.06224705974577	0.06025732262115549	F	NaN	NaN	NaN
	56644	16.106704954079632	0.0619170371082154	F	NaN	NaN	NaN
	56645	16.14622275059084	0.059164443971247635	F	NaN	NaN	NaN
	56646	16.18169514461194	0.0535685349303809	F	NaN	NaN	NaN
	56647	16.214057327956315	0.046608641660404404	F	NaN	NaN	NaN
	56648	16.244252279187297	0.03961757812200986	F	NaN	NaN	NaN
	56649	16.273214431386517	0.03420564103865566	F	NaN	NaN	NaN
	56650	16.301881470471265	0.03150472211328656	F	NaN	NaN	NaN
	56651	16.33005396980636	0.03120052399714994	F	NaN	NaN	NaN
	56652	16.35327737014463	0.028099356351319778	F	NaN	NaN	NaN
	56653	16.375009362941096	0.025438314427471555	F	NaN	NaN	NaN
	56654	16.398741469888748	0.0264246021561774	F	NaN	NaN	NaN
	56655	16.42042687086418	0.02632690634814045	F	NaN	NaN	NaN
	56656	16.440281165567338	0.02543551363361065	F	NaN	NaN	NaN
	56657	16.459640264482523	0.025030230543861616	F	NaN	NaN	NaN
	56658	16.479469202631318	0.02565505231865841	F	NaN	NaN	NaN
	56659	16.49822696151984	0.025216814540888373	F	NaN	NaN	NaN
	56660	16.51654782134511	0.0249633298893273	F	NaN	NaN	NaN
	56661	16.535035484511333	0.026232044866855965	F	NaN	NaN	NaN
	56662	16.552671830585908	0.028508482064558346	F	NaN	NaN	NaN
	56663	16.569615718261407	0.031452879662522304	F	NaN	NaN	NaN
	56664	16.58612611884396	0.03533153557271482	F	NaN	NaN	NaN
	56665	16.602463982099398	0.03957804240628406	F	NaN	NaN	NaN
	56666	16.61889057693391	0.04381112454084978	F	NaN	NaN	NaN
	56667	16.63566574298148	0.04746238041075774	F	NaN	NaN	NaN
	56668	16.652870752015517	0.05054691978957754	F	NaN	NaN	NaN
	56669	16.669784012972936	0.055327044755691196	F	NaN	NaN	NaN
	56670	16.686631501448378	0.059862606121576484	F	NaN	NaN	NaN
	56671	16.703769215848535	0.06173272378864775	F	NaN	NaN	NaN
	56672	16.721082224131205	0.06375070032929267	F	NaN	NaN	NaN
	56673	16.738240466349716	0.06535814366973064	F	NaN	NaN	NaN
	56674	16.755010754248044	0.06555461183765973	F	NaN	NaN	NaN
	56675	16.771615820314167	0.06593465807980858	F	NaN	NaN	NaN
	56676	16.787842085309663	0.06524517728673458	F	NaN	NaN	NaN
	56677	16.80349722211335	0.06414884377021592	F	NaN	NaN	NaN
	56678	16.81883378956683	0.06295887993387742	F	NaN	NaN	NaN
	56679	16.834137236752643	0.061684477378385505	F	NaN	NaN	NaN
	56680	16.84969289017698	0.06011684234855534	F	NaN	NaN	NaN
	56681	16.865687821063638	0.05821005959645378	F	NaN	NaN	NaN
	56682	16.881876402551786	0.055245255557042384	F	NaN	NaN	NaN
	56683	16.898189259608834	0.051571831321491214	F	NaN	NaN	NaN
	56684	16.914592642033863	0.047278594987322745	F	NaN	NaN	NaN
	56685	16.93105268858434	0.042754864032843246	F	NaN	NaN	NaN
	56686	16.947535298601416	0.03843739566969764	F	NaN	NaN	NaN
	56687	16.96400606685582	0.03437351251175715	F	NaN	NaN	NaN
	56688	16.98043188427284	0.03108074756626486	F	NaN	NaN	NaN
	56689	16.99677804261118	0.028669577564059173	F	NaN	NaN	NaN
	56690	17.013010415622613	0.02704415282339756	F	NaN	NaN	NaN
	56691	17.02909758370469	0.026054832873915825	F	NaN	NaN	NaN
	56692	17.0450267199178	0.025305536596805255	F	NaN	NaN	NaN
	56693	17.06085690078069	0.024501532431525454	F	NaN	NaN	NaN
	56694	17.076596749190255	0.023767350023633768	F	NaN	NaN	NaN
	56695	17.092252713091867	0.02330632903428058	F	NaN	NaN	NaN
	56696	17.107829426533158	0.02287698254996086	F	NaN	NaN	NaN
	56697	17.123333040732597	0.02291298625611371	F	NaN	NaN	NaN
	56698	17.138768958745832	0.023319211485804354	F	NaN	NaN	NaN
	56699	17.154142592813184	0.0238743657835589	F	NaN	NaN	NaN
	56700	17.16945942744316	0.024262359191457573	F	NaN	NaN	NaN
	56701	17.18472509477285	0.024393379913023892	F	NaN	NaN	NaN
	56702	17.199872632446624	0.024111413474028114	F	NaN	NaN	NaN
	56703	17.21467585940909	0.023534255272466633	F	NaN	NaN	NaN
	56704	17.22926295107546	0.022973384460218953	F	NaN	NaN	NaN
	56705	17.243793354575537	0.022664731536887195	F	NaN	NaN	NaN
	56706	17.258428419882065	0.022706002768050473	F	NaN	NaN	NaN
	56707	17.273330704507774	0.02285776369557571	F	NaN	NaN	NaN
	56708	17.288661496562447	0.022968461440076957	F	NaN	NaN	NaN
	56709	17.304520603354717	0.022709195706988896	F	NaN	NaN	NaN
	56710	17.32061936282423	0.022635732378205754	F	NaN	NaN	NaN
	56711	17.336852248939667	0.02259546259669966	F	NaN	NaN	NaN
	56712	17.3531681714614	0.022929090580266532	F	NaN	NaN	NaN
	56713	17.369515889651918	0.023378553342272665	F	NaN	NaN	NaN
	56714	17.385843679270167	0.02390267634886676	F	NaN	NaN	NaN
	56715	17.40209975824	0.02430542856637849	F	NaN	NaN	NaN
	56716	17.41823147641199	0.024333531158421955	F	NaN	NaN	NaN
	56717	17.434225780438776	0.024389842644598467	F	NaN	NaN	NaN
	56718	17.450101589161374	0.02441613086582311	F	NaN	NaN	NaN
	56719	17.465882270121096	0.024427031904070348	F	NaN	NaN	NaN
	56720	17.48159119085925	0.02443365663989704	F	NaN	NaN	NaN
	56721	17.497251718917152	0.024509013765651892	F	NaN	NaN	NaN
	56722	17.51288722183613	0.024621295041335083	F	NaN	NaN	NaN
	56723	17.528521347040893	0.024920646994657996	F	NaN	NaN	NaN
	56724	17.54417712137701	0.025056426032445785	F	NaN	NaN	NaN
	56725	17.559878902397138	0.025237482607098294	F	NaN	NaN	NaN
	56726	17.57564724760374	0.025240280217335452	F	NaN	NaN	NaN
	56727	17.59151106939931	0.025302045593281836	F	NaN	NaN	NaN
	56728	17.607486700182527	0.025582017338206017	F	NaN	NaN	NaN
	56729	17.623604659185265	0.025622433844213796	F	NaN	NaN	NaN
	56730	17.639882340775664	0.025870177956702062	F	NaN	NaN	NaN
	56731	17.656343467964856	0.025893303525323645	F	NaN	NaN	NaN
	56732	17.672988769238565	0.025815845469434724	F	NaN	NaN	NaN
	56733	17.689721937823222	0.02579182068269447	F	NaN	NaN	NaN
	56734	17.70654561892629	0.025825066170691628	F	NaN	NaN	NaN
	56735	17.723474510325996	0.02590726117953378	F	NaN	NaN	NaN
	56736	17.740524516076025	0.02603030908382454	F	NaN	NaN	NaN
	56737	17.75770768485563	0.026184464056302682	F	NaN	NaN	NaN
	56738	17.775038217165797	0.026461022071445493	F	NaN	NaN	NaN
	56739	17.79253561579887	0.02660512229865606	F	NaN	NaN	NaN
	56740	17.81020956788117	0.026762171483876655	F	NaN	NaN	NaN
	56741	17.828074273913682	0.02703210173710474	F	NaN	NaN	NaN
	56742	17.846149432864166	0.02716231491572619	F	NaN	NaN	NaN
	56743	17.8644455910612	0.027250278422749987	F	NaN	NaN	NaN
	56744	17.882978391537005	0.027168593477797494	F	NaN	NaN	NaN
	56745	17.901762443860477	0.027132736723749953	F	NaN	NaN	NaN
	56746	17.92081235760054	0.02702231557012094	F	NaN	NaN	NaN
	56747	17.94010903387961	0.026744498831964565	F	NaN	NaN	NaN
	56748	17.959567695456617	0.026586166845093996	F	NaN	NaN	NaN
	56749	17.979181373597772	0.026336532830883247	F	NaN	NaN	NaN
	56750	17.998951832782147	0.026219121453798486	F	NaN	NaN	NaN
	56751	18.01887733525922	0.025912424546399353	F	NaN	NaN	NaN
	56752	18.038958866886492	0.025789109621934325	F	NaN	NaN	NaN
	56753	18.0591966355061	0.0254833739330528	F	NaN	NaN	NaN
	56754	18.079590848960176	0.025576972331896892	F	NaN	NaN	NaN
	56755	18.10017359552835	0.025580155425370205	F	NaN	NaN	NaN
	56756	18.120876970151556	0.025711780460405835	F	NaN	NaN	NaN
	56757	18.141723705752106	0.02603707327180792	F	NaN	NaN	NaN
	56758	18.162751683690118	0.026126758210745726	F	NaN	NaN	NaN
	56759	18.183945914808405	0.02642215615303313	F	NaN	NaN	NaN
	56760	18.205284141276792	0.026700511680854105	F	NaN	NaN	NaN
	56761	18.226766506003422	0.026978633222420105	F	NaN	NaN	NaN
	56762	18.248407504507558	0.027458602978487824	F	NaN	NaN	NaN
	56763	18.270239187702206	0.028188424008622016	F	NaN	NaN	NaN
	56764	18.29221564352785	0.02906183863769119	F	NaN	NaN	NaN
	56765	18.31433701489264	0.029940774490985426	F	NaN	NaN	NaN
	56766	18.33660344470472	0.030704473547957762	F	NaN	NaN	NaN
	56767	18.35906668375411	0.03175006355956235	F	NaN	NaN	NaN
	56768	18.381684746449093	0.0330183403909233	F	NaN	NaN	NaN
	56769	18.404448501964126	0.03431407263112817	F	NaN	NaN	NaN
	56770	18.42735809320735	0.03559663942584371	F	NaN	NaN	NaN
	56771	18.450441672508486	0.037104221182914635	F	NaN	NaN	NaN
	56772	18.473704719584884	0.03844090238839185	F	NaN	NaN	NaN
	56773	18.497114236762236	0.0398250594688699	F	NaN	NaN	NaN
	56774	18.520670366948682	0.04135634702222983	F	NaN	NaN	NaN
	56775	18.544377423509694	0.04312805538426526	F	NaN	NaN	NaN
	56776	18.568288832479592	0.04508879572465345	F	NaN	NaN	NaN
	56777	18.59234748883134	0.04717513274636597	F	NaN	NaN	NaN
	56778	18.616553535473084	0.049511110651141846	F	NaN	NaN	NaN
	56779	18.640907115312977	0.05211407261748777	F	NaN	NaN	NaN
	56780	18.66545035467757	0.054374867291967464	F	NaN	NaN	NaN

# FILTER I
#        MJD  MAG  MAGERR  Upperlimit  Instrument  Telescope  Source
	56609	15.314822187274427	0.5647845171689145	F	NaN	NaN	NaN
	56610	15.179768788851725	0.48318800723526495	F	NaN	NaN	NaN
	56611	15.05388016566251	0.4074400404416359	F	NaN	NaN	NaN
	56612	14.937235657919748	0.3416942240173999	F	NaN	NaN	NaN
	56613	14.829914605836386	0.2866205019292962	F	NaN	NaN	NaN
	56614	14.731996349625398	0.2335335213318922	F	NaN	NaN	NaN
	56615	14.643560229499736	0.18874479694035665	F	NaN	NaN	NaN
	56616	14.564685585672358	0.1511716651911315	F	NaN	NaN	NaN
	56617	14.495451758356225	0.1205992646468139	F	NaN	NaN	NaN
	56618	14.435938087764296	0.09789617729709946	F	NaN	NaN	NaN
	56619	14.38593808701981	0.08235961158768754	F	NaN	NaN	NaN
	56620	14.345515737159	0.07085242730958902	F	NaN	NaN	NaN
	56621	14.315314113105861	0.06516516722301259	F	NaN	NaN	NaN
	56622	14.29495898791471	0.06683977354763683	F	NaN	NaN	NaN
	56623	14.282259960915352	0.07468670402473904	F	NaN	NaN	NaN
	56624	14.274769244509535	0.08278122578519172	F	NaN	NaN	NaN
	56625	14.272205678655526	0.09199850682217267	F	NaN	NaN	NaN
	56626	14.272856569670815	0.10039808630128658	F	NaN	NaN	NaN
	56627	14.278065622350011	0.11187562031592933	F	NaN	NaN	NaN
	56628	14.28795418006283	0.1289838630590603	F	NaN	NaN	NaN
	56629	14.301865821515106	0.1488213358171932	F	NaN	NaN	NaN
	56630	14.319295779232391	0.17039500637388297	F	NaN	NaN	NaN
	56631	14.339816159193376	0.18152652589361506	F	NaN	NaN	NaN
	56632	14.36330903344695	0.18486653419677926	F	NaN	NaN	NaN
	56633	14.391668614937101	0.18436298690692102	F	NaN	NaN	NaN
	56634	14.4243902138359	0.18297468203153927	F	NaN	NaN	NaN
	56635	14.460188196797429	0.1779795327788953	F	NaN	NaN	NaN
	56636	14.497936504530193	0.17105348208247614	F	NaN	NaN	NaN
	56637	14.536501828198388	0.16394282381141964	F	NaN	NaN	NaN
	56638	14.574717573023689	0.1596831732786207	F	NaN	NaN	NaN
	56639	14.611791197224232	0.16356945856002497	F	NaN	NaN	NaN
	56640	14.649404892714061	0.18602935810941945	F	NaN	NaN	NaN

# FILTER R
#        MJD  MAG  MAGERR  Upperlimit  Instrument  Telescope  Source
	56609	15.564409735304881	0.33741564176032735	F	NaN	NaN	NaN
	56610	15.426131809649938	0.2908711969191228	F	NaN	NaN	NaN
	56611	15.298264255380502	0.24789557504629262	F	NaN	NaN	NaN
	56612	15.180809091295608	0.20974030874967575	F	NaN	NaN	NaN
	56613	15.073768336194279	0.17941252028080046	F	NaN	NaN	NaN
	56614	14.97714400887555	0.15001123385152837	F	NaN	NaN	NaN
	56615	14.890938128138453	0.12494106350409183	F	NaN	NaN	NaN
	56616	14.815152712782014	0.10627330843628119	F	NaN	NaN	NaN
	56617	14.749789781605264	0.09066217160169261	F	NaN	NaN	NaN
	56618	14.694851353407238	0.07952194949262775	F	NaN	NaN	NaN
	56619	14.650203710173543	0.07127798191804775	F	NaN	NaN	NaN
	56620	14.616001360123478	0.06489577096111535	F	NaN	NaN	NaN
	56621	14.593002119294557	0.059748487148459026	F	NaN	NaN	NaN
	56622	14.583137936482135	0.0592032010897828	F	NaN	NaN	NaN
	56623	14.583627080242925	0.06364830174266484	F	NaN	NaN	NaN
	56624	14.590555716120576	0.06897453098076528	F	NaN	NaN	NaN
	56625	14.602490310289216	0.07663772869787228	F	NaN	NaN	NaN
	56626	14.615261349590995	0.08322217212910618	F	NaN	NaN	NaN
	56627	14.631641112659972	0.09069942587808079	F	NaN	NaN	NaN
	56628	14.652188377739963	0.10306240078881754	F	NaN	NaN	NaN
	56629	14.676301572884316	0.11961904128033142	F	NaN	NaN	NaN
	56630	14.703514645636508	0.13573074316768938	F	NaN	NaN	NaN
	56631	14.73342801822177	0.14690211251033342	F	NaN	NaN	NaN
	56632	14.76601721133975	0.14782034537840572	F	NaN	NaN	NaN
	56633	14.803365369714895	0.14664180054997683	F	NaN	NaN	NaN
	56634	14.844840355042974	0.1425123457141968	F	NaN	NaN	NaN
	56635	14.888989841920228	0.13474397354600223	F	NaN	NaN	NaN
	56636	14.934518853777572	0.12675874782822508	F	NaN	NaN	NaN
	56637	14.980097914500007	0.11849594664618726	F	NaN	NaN	NaN
	56638	15.024420314761437	0.11455274793277262	F	NaN	NaN	NaN
	56639	15.06658239515682	0.11705814580685618	F	NaN	NaN	NaN
	56640	15.108680458426536	0.1342782809271344	F	NaN	NaN	NaN

# FILTER r
#        MJD  MAG  MAGERR  Upperlimit  Instrument  Telescope  Source
	56616	15.02874236977018	0.08738111203621059	F	NaN	NaN	NaN
	56617	15.04982015029802	0.0866120258572792	F	NaN	NaN	NaN
	56618	15.07089793082586	0.0858429396783478	F	NaN	NaN	NaN
	56619	15.0919757113537	0.0850738534994164	F	NaN	NaN	NaN
	56620	15.113053491881539	0.08430476732048502	F	NaN	NaN	NaN
	56621	15.134131272409379	0.08353568114155362	F	NaN	NaN	NaN
	56622	15.155209052937218	0.08276659496262222	F	NaN	NaN	NaN
	56623	15.176128420214898	0.08205716099037794	F	NaN	NaN	NaN
	56624	15.197024116547153	0.08135664056625913	F	NaN	NaN	NaN
	56625	15.217919812879408	0.08065612014214033	F	NaN	NaN	NaN
	56626	15.238815509211664	0.0799555997180215	F	NaN	NaN	NaN
	56627	15.259711205543919	0.0792550792939027	F	NaN	NaN	NaN
	56628	15.280606901876174	0.07855455886978388	F	NaN	NaN	NaN
	56629	15.301459010041482	0.07787044668980295	F	NaN	NaN	NaN
	56630	15.322173089011459	0.07723829394959253	F	NaN	NaN	NaN
	56631	15.342887167981434	0.07660614120938214	F	NaN	NaN	NaN
	56632	15.36360124695141	0.07597398846917172	F	NaN	NaN	NaN
	56633	15.384315325921385	0.07534183572896132	F	NaN	NaN	NaN
	56634	15.40502940489136	0.0747096829887509	F	NaN	NaN	NaN
	56635	15.425743483861337	0.0740775302485405	F	NaN	NaN	NaN
	56636	15.44634706100864	0.07348664320157358	F	NaN	NaN	NaN
	56637	15.466879989449641	0.07292213913881149	F	NaN	NaN	NaN
	56638	15.487412917890643	0.07235763507604938	F	NaN	NaN	NaN
	56639	15.507945846331646	0.07179313101328727	F	NaN	NaN	NaN
	56640	15.528478774772648	0.07122862695052518	F	NaN	NaN	NaN
	56641	15.54901170321365	0.07066412288776307	F	NaN	NaN	NaN
	56642	15.569544631654653	0.07009961882500096	F	NaN	NaN	NaN
	56643	15.589900490073902	0.06961005787207045	F	NaN	NaN	NaN
	56644	15.610252734819237	0.06912202637036075	F	NaN	NaN	NaN
	56645	15.630604979564573	0.06863399486865103	F	NaN	NaN	NaN
	56646	15.65095722430991	0.06814596336694131	F	NaN	NaN	NaN
	56647	15.671309469055245	0.06765793186523161	F	NaN	NaN	NaN
	56648	15.691661713800581	0.0671699003635219	F	NaN	NaN	NaN
	56649	15.711950882644093	0.06670057960122308	F	NaN	NaN	NaN
	56650	15.732122910527067	0.06626600735497329	F	NaN	NaN	NaN
	56651	15.752294938410044	0.0658314351087235	F	NaN	NaN	NaN
	56652	15.77246696629302	0.0653968628624737	F	NaN	NaN	NaN
	56653	15.792638994175997	0.06496229061622391	F	NaN	NaN	NaN
	56654	15.812811022058973	0.06452771836997412	F	NaN	NaN	NaN
	56655	15.832983049941948	0.06409314612372433	F	NaN	NaN	NaN
	56656	15.853025657804006	0.0636742960967136	F	NaN	NaN	NaN
	56657	15.873017935657927	0.06326156026607362	F	NaN	NaN	NaN
	56658	15.893010213511849	0.0628488244354336	F	NaN	NaN	NaN
	56659	15.913002491365768	0.062436088604793605	F	NaN	NaN	NaN
	56660	15.93299476921969	0.06202335277415362	F	NaN	NaN	NaN
	56661	15.952987047073611	0.061610616943513614	F	NaN	NaN	NaN
	56662	15.972963189439914	0.06120296591714981	F	NaN	NaN	NaN
	56663	15.992776184098089	0.06084672791179849	F	NaN	NaN	NaN
	56664	16.01258917875626	0.06049048990644716	F	NaN	NaN	NaN
	56665	16.032402173414436	0.060134251901095837	F	NaN	NaN	NaN
	56666	16.05221516807261	0.05977801389574451	F	NaN	NaN	NaN
	56667	16.07202816273078	0.059421775890393186	F	NaN	NaN	NaN
	56668	16.091841157388956	0.05906553788504186	F	NaN	NaN	NaN
	56669	16.111571896520406	0.0587345864567589	F	NaN	NaN	NaN
	56670	16.131206074816138	0.0584333192711215	F	NaN	NaN	NaN
	56671	16.15084025311187	0.05813205208548411	F	NaN	NaN	NaN
	56672	16.1704744314076	0.057830784899846714	F	NaN	NaN	NaN
	56673	16.190108609703334	0.05752951771420932	F	NaN	NaN	NaN
	56674	16.20974278799907	0.05722825052857193	F	NaN	NaN	NaN
	56675	16.2293769662948	0.05692698334293453	F	NaN	NaN	NaN
	56676	16.24886311448135	0.056720795463874915	F	NaN	NaN	NaN
	56677	16.268318943247944	0.056534081659656295	F	NaN	NaN	NaN
	56678	16.28777477201454	0.05634736785543767	F	NaN	NaN	NaN
	56679	16.307230600781136	0.05616065405121904	F	NaN	NaN	NaN
	56680	16.32668642954773	0.05597394024700042	F	NaN	NaN	NaN
	56681	16.346142258314327	0.05578722644278179	F	NaN	NaN	NaN
	56682	16.365562510541757	0.05560816171239752	F	NaN	NaN	NaN
	56683	16.384840456612523	0.055459693277351174	F	NaN	NaN	NaN
	56684	16.404118402683288	0.05531122484230483	F	NaN	NaN	NaN
	56685	16.423396348754057	0.055162756407258484	F	NaN	NaN	NaN
	56686	16.442674294824823	0.05501428797221214	F	NaN	NaN	NaN
	56687	16.461952240895588	0.054865819537165794	F	NaN	NaN	NaN
	56688	16.481230186966354	0.05471735110211945	F	NaN	NaN	NaN
	56689	16.500407005995484	0.05452913493422503	F	NaN	NaN	NaN
	56690	16.519507536203726	0.05431093363453291	F	NaN	NaN	NaN
	56691	16.53860806641197	0.054092732334840785	F	NaN	NaN	NaN
	56692	16.557708596620216	0.053874531035148665	F	NaN	NaN	NaN
	56693	16.576809126828458	0.05365632973545653	F	NaN	NaN	NaN
	56694	16.595909657036703	0.05343812843576441	F	NaN	NaN	NaN
	56695	16.61501018724495	0.05321992713607228	F	NaN	NaN	NaN
	56696	16.633944385365727	0.05307232192413175	F	NaN	NaN	NaN
	56697	16.652867966544754	0.05292922284545176	F	NaN	NaN	NaN
	56698	16.671791547723778	0.052786123766771775	F	NaN	NaN	NaN
	56699	16.690715128902806	0.05264302468809179	F	NaN	NaN	NaN
	56700	16.70963871008183	0.0524999256094118	F	NaN	NaN	NaN
	56701	16.728562291260857	0.05235682653073182	F	NaN	NaN	NaN
	56702	16.747431162959153	0.052232597373158385	F	NaN	NaN	NaN
	56703	16.76617826194227	0.05215036900772575	F	NaN	NaN	NaN
	56704	16.78492536092538	0.05206814064229312	F	NaN	NaN	NaN
	56705	16.803672459908498	0.0519859122768605	F	NaN	NaN	NaN
	56706	16.822419558891614	0.05190368391142788	F	NaN	NaN	NaN
	56707	16.84116665787473	0.05182145554599525	F	NaN	NaN	NaN
	56708	16.859913756857846	0.05173922718056263	F	NaN	NaN	NaN
	56709	16.87854116539439	0.05169908084821239	F	NaN	NaN	NaN
	56710	16.897112249014903	0.05167873782554795	F	NaN	NaN	NaN
	56711	16.915683332635414	0.05165839480288352	F	NaN	NaN	NaN
	56712	16.934254416255925	0.05163805178021909	F	NaN	NaN	NaN
	56713	16.952825499876436	0.05161770875755465	F	NaN	NaN	NaN
	56714	16.971396583496947	0.05159736573489021	F	NaN	NaN	NaN
	56715	16.989958889690993	0.05157483347752494	F	NaN	NaN	NaN
	56716	17.008354424782205	0.05151070576084621	F	NaN	NaN	NaN
	56717	17.02674995987342	0.05144657804416749	F	NaN	NaN	NaN
	56718	17.045145494964633	0.05138245032748876	F	NaN	NaN	NaN
	56719	17.063541030055845	0.051318322610810034	F	NaN	NaN	NaN
	56720	17.08193656514706	0.051254194894131314	F	NaN	NaN	NaN
	56721	17.100332100238273	0.051190067177452586	F	NaN	NaN	NaN
	56722	17.11865410101717	0.05113699304900866	F	NaN	NaN	NaN
	56723	17.13687455441239	0.05109918339955575	F	NaN	NaN	NaN
	56724	17.15509500780761	0.051061373750102834	F	NaN	NaN	NaN
	56725	17.17331546120283	0.05102356410064991	F	NaN	NaN	NaN
	56726	17.191535914598052	0.050985754451197005	F	NaN	NaN	NaN
	56727	17.209756367993272	0.05094794480174408	F	NaN	NaN	NaN
	56728	17.22797682138849	0.05091013515229117	F	NaN	NaN	NaN
	56729	17.24605932904219	0.050813722730456805	F	NaN	NaN	NaN
	56730	17.264105167574726	0.0507017323564705	F	NaN	NaN	NaN
	56731	17.28215100610726	0.050589741982484185	F	NaN	NaN	NaN
	56732	17.300196844639796	0.050477751608497864	F	NaN	NaN	NaN
	56733	17.31824268317233	0.05036576123451156	F	NaN	NaN	NaN
	56734	17.336288521704862	0.05025377086052524	F	NaN	NaN	NaN
	56735	17.354306496552695	0.05015522535050204	F	NaN	NaN	NaN
	56736	17.37217818705585	0.05012726537628337	F	NaN	NaN	NaN
	56737	17.390049877559008	0.050099305402064684	F	NaN	NaN	NaN
	56738	17.407921568062164	0.05007134542784601	F	NaN	NaN	NaN
	56739	17.425793258565317	0.050043385453627326	F	NaN	NaN	NaN
	56740	17.443664949068474	0.05001542547940865	F	NaN	NaN	NaN
	56741	17.46153663957163	0.04998746550518996	F	NaN	NaN	NaN
	56742	17.479316279040866	0.049998057582086725	F	NaN	NaN	NaN
	56743	17.49701428834795	0.05004283732695394	F	NaN	NaN	NaN
	56744	17.51471229765503	0.050087617071821154	F	NaN	NaN	NaN
	56745	17.53241030696211	0.05013239681668836	F	NaN	NaN	NaN
	56746	17.550108316269192	0.05017717656155557	F	NaN	NaN	NaN
	56747	17.567806325576274	0.05022195630642279	F	NaN	NaN	NaN
	56748	17.585504334883357	0.050266736051290006	F	NaN	NaN	NaN
	56749	17.603098085875615	0.05037388677297948	F	NaN	NaN	NaN
	56750	17.620636902415274	0.049988436452308604	F	NaN	NaN	NaN
	56751	17.638158003521905	0.0498889756327568	F	NaN	NaN	NaN
	56752	17.65565342415926	0.04981329171820874	F	NaN	NaN	NaN
	56753	17.673136551546886	0.049736531423473646	F	NaN	NaN	NaN
	56754	17.690589069220394	0.04965909755552417	F	NaN	NaN	NaN
	56755	17.70798597206121	0.04958043987145275	F	NaN	NaN	NaN
	56756	17.725382028954098	0.04950137537194624	F	NaN	NaN	NaN
	56757	17.742694337002202	0.04938203614434457	F	NaN	NaN	NaN
	56758	17.76000664505031	0.049262696916742885	F	NaN	NaN	NaN
	56759	17.777263781347738	0.049132379039865795	F	NaN	NaN	NaN
	56760	17.794493124357228	0.048996530565233454	F	NaN	NaN	NaN
	56761	17.811696440075675	0.04885636121668141	F	NaN	NaN	NaN
	56762	17.828844447800655	0.04870701001104999	F	NaN	NaN	NaN
	56763	17.845992455525632	0.048557658805418576	F	NaN	NaN	NaN
	56764	17.86306275035846	0.04830195538576675	F	NaN	NaN	NaN
	56765	17.880131052553025	0.048043524986268085	F	NaN	NaN	NaN
	56766	17.897150167008512	0.0478868512028134	F	NaN	NaN	NaN
	56767	17.91414039342676	0.047789939241480464	F	NaN	NaN	NaN
	56768	17.93110883272868	0.04762936734435483	F	NaN	NaN	NaN
	56769	17.94802261312471	0.04730908718725511	F	NaN	NaN	NaN
	56770	17.96493639352074	0.04698880703015537	F	NaN	NaN	NaN
	56771	17.981779846624747	0.04680489761645437	F	NaN	NaN	NaN
	56772	17.998618810752667	0.046629692718289095	F	NaN	NaN	NaN
	56773	18.015414228904742	0.04650010652541118	F	NaN	NaN	NaN
	56774	18.032180006518644	0.046401571720165694	F	NaN	NaN	NaN
	56775	18.048927894942562	0.04626777082987719	F	NaN	NaN	NaN
	56776	18.065622115796547	0.04602817168445962	F	NaN	NaN	NaN
	56777	18.08231633665053	0.04578857253904205	F	NaN	NaN	NaN
	56778	18.098947273564242	0.04569067994127938	F	NaN	NaN	NaN
	56779	18.115571567412402	0.04560766261647516	F	NaN	NaN	NaN
	56780	18.1321576147996	0.045490163248501636	F	NaN	NaN	NaN
	56781	18.148713611396044	0.045345570846609104	F	NaN	NaN	NaN
	56782	18.165255274480497	0.04520415807955687	F	NaN	NaN	NaN
	56783	18.181744603579318	0.045074354676921294	F	NaN	NaN	NaN
	56784	18.19823393267814	0.044944551274285705	F	NaN	NaN	NaN
	56785	18.214666678940098	0.0448934921797341	F	NaN	NaN	NaN
	56786	18.231090970295398	0.044854199476045346	F	NaN	NaN	NaN
	56787	18.247481972456253	0.044785724638585024	F	NaN	NaN	NaN
	56788	18.26384285582213	0.04469084691818868	F	NaN	NaN	NaN
	56789	18.280192619105648	0.04459968324266832	F	NaN	NaN	NaN
	56790	18.2964917242362	0.044525439104916284	F	NaN	NaN	NaN
	56791	18.312790829366755	0.04445119496716425	F	NaN	NaN	NaN
	56792	18.329039710515485	0.0443951619030308	F	NaN	NaN	NaN
	56793	18.345278667164816	0.04434272743428308	F	NaN	NaN	NaN
	56794	18.361488949637856	0.044301325058596616	F	NaN	NaN	NaN
	56795	18.37766938756006	0.04427140506548387	F	NaN	NaN	NaN
	56796	18.393841576581178	0.044236524939513515	F	NaN	NaN	NaN
	56797	18.40996512553036	0.044172397133590606	F	NaN	NaN	NaN
	56798	18.426088674479537	0.04410826932766769	F	NaN	NaN	NaN
	56799	18.44218196578792	0.04397360061145639	F	NaN	NaN	NaN
	56800	18.458246734873992	0.04413200510361127	F	NaN	NaN	NaN
	56801	18.474288163790966	0.04432057249686214	F	NaN	NaN	NaN
	56802	18.490307416281553	0.044452092925699155	F	NaN	NaN	NaN
	56803	18.506304769563556	0.04449662943222383	F	NaN	NaN	NaN
	56804	18.522280500854762	0.04442047721702415	F	NaN	NaN	NaN
	56805	18.538234158603462	0.04430797733903389	F	NaN	NaN	NaN
	56806	18.55416469484989	0.04437236004663067	F	NaN	NaN	NaN
	56807	18.570074506360054	0.044444319192753094	F	NaN	NaN	NaN
	56808	18.585963870351755	0.0445235088068662	F	NaN	NaN	NaN
	56809	18.601833064042783	0.044609559132026494	F	NaN	NaN	NaN
	56810	18.617682364650925	0.04470207814088447	F	NaN	NaN	NaN
	56811	18.633509957153855	0.044780185339992784	F	NaN	NaN	NaN
	56812	18.64931776812451	0.044763680992120705	F	NaN	NaN	NaN
	56813	18.665106583266823	0.044873727753484256	F	NaN	NaN	NaN
	56814	18.680876679798583	0.04498838753425387	F	NaN	NaN	NaN
	56815	18.696628334937582	0.045107174556565315	F	NaN	NaN	NaN
	56816	18.712254926980894	0.04525275880317581	F	NaN	NaN	NaN
	56817	18.72786807338256	0.04540122304089121	F	NaN	NaN	NaN
	56818	18.743481219784226	0.04554968727860661	F	NaN	NaN	NaN
	56819	18.75909436618589	0.04569815151632202	F	NaN	NaN	NaN
	56820	18.77470751258756	0.04584661575403742	F	NaN	NaN	NaN
	56821	18.790320658989227	0.04599507999175282	F	NaN	NaN	NaN
	56822	18.80592161589424	0.0461476062870231	F	NaN	NaN	NaN
	56823	18.821290972362785	0.046377311675831236	F	NaN	NaN	NaN
	56824	18.836660328831332	0.046607017064639364	F	NaN	NaN	NaN
	56825	18.852029685299883	0.046836722453447506	F	NaN	NaN	NaN
	56826	18.86739904176843	0.047066427842255634	F	NaN	NaN	NaN
	56827	18.88276839823698	0.04729613323106377	F	NaN	NaN	NaN
	56828	18.898137754705527	0.04752583861987191	F	NaN	NaN	NaN
	56829	18.913461164944355	0.047832221030197436	F	NaN	NaN	NaN
	56830	18.92860079026431	0.048445311526584184	F	NaN	NaN	NaN
	56831	18.943740415584262	0.049058402022970946	F	NaN	NaN	NaN
	56832	18.95888004090422	0.0496714925193577	F	NaN	NaN	NaN
	56833	18.974019666224173	0.050284583015744455	F	NaN	NaN	NaN
	56834	18.989159291544127	0.0508976735121312	F	NaN	NaN	NaN
	56835	19.00429891686408	0.05151076400851795	F	NaN	NaN	NaN
	56836	19.019363056856612	0.052196295784514256	F	NaN	NaN	NaN
	56837	19.034287009812502	0.05301636136550057	F	NaN	NaN	NaN
	56838	19.04921096276839	0.05383642694648688	F	NaN	NaN	NaN
	56839	19.06413491572428	0.054656492527473205	F	NaN	NaN	NaN
	56840	19.07905886868017	0.05547655810845953	F	NaN	NaN	NaN
	56841	19.093982821636057	0.056296623689445845	F	NaN	NaN	NaN
	56842	19.108906774591947	0.05711668927043216	F	NaN	NaN	NaN
	56843	19.12372992075807	0.05811155694718659	F	NaN	NaN	NaN
	56844	19.13845226013442	0.059281226719709125	F	NaN	NaN	NaN
	56845	19.153174599510773	0.06045089649223166	F	NaN	NaN	NaN
	56846	19.167896938887125	0.0616205662647542	F	NaN	NaN	NaN
	56847	19.182619278263477	0.06279023603727674	F	NaN	NaN	NaN
	56848	19.19734161763983	0.06395990580979927	F	NaN	NaN	NaN
	56849	19.21206395701618	0.06512957558232181	F	NaN	NaN	NaN
	56850	19.226664385775777	0.0664909011534221	F	NaN	NaN	NaN
	56851	19.24119917035712	0.06795542600067898	F	NaN	NaN	NaN
	56852	19.255733954938464	0.06941995084793587	F	NaN	NaN	NaN
	56853	19.270268739519807	0.07088447569519277	F	NaN	NaN	NaN
	56854	19.28480352410115	0.07234900054244965	F	NaN	NaN	NaN
	56855	19.299338308682493	0.07381352538970654	F	NaN	NaN	NaN
	56856	19.313873093263837	0.07527805023696343	F	NaN	NaN	NaN
	56857	19.328269081036794	0.0768909354269689	F	NaN	NaN	NaN
	56858	19.342630369607654	0.07854091070266085	F	NaN	NaN	NaN
	56859	19.356991658178515	0.0801908859783528	F	NaN	NaN	NaN
	56860	19.371352946749376	0.08184086125404474	F	NaN	NaN	NaN
	56861	19.385714235320236	0.0834908365297367	F	NaN	NaN	NaN
	56862	19.400075523891097	0.08514081180542865	F	NaN	NaN	NaN
	56863	19.414436812461958	0.08679078708112059	F	NaN	NaN	NaN
	56864	19.42864663566816	0.0885156298867906	F	NaN	NaN	NaN
	56865	19.442848487013066	0.09024441308877486	F	NaN	NaN	NaN
	56866	19.457050338357973	0.09197319629075912	F	NaN	NaN	NaN
	56867	19.47125218970288	0.09370197949274338	F	NaN	NaN	NaN
	56868	19.485454041047785	0.09543076269472764	F	NaN	NaN	NaN
	56869	19.499655892392692	0.09715954589671191	F	NaN	NaN	NaN
	56870	19.513843205893455	0.09889766946331333	F	NaN	NaN	NaN
	56871	19.527899678796935	0.10071985631147026	F	NaN	NaN	NaN
	56872	19.541956151700415	0.10254204315962724	F	NaN	NaN	NaN
	56873	19.556012624603895	0.10436423000778419	F	NaN	NaN	NaN
	56874	19.570069097507375	0.10618641685594116	F	NaN	NaN	NaN
	56875	19.584125570410855	0.10800860370409814	F	NaN	NaN	NaN
	56876	19.598182043314335	0.10983079055225509	F	NaN	NaN	NaN
	56877	19.61220568630359	0.11165418969939507	F	NaN	NaN	NaN
	56878	19.62613083955017	0.11348122574348407	F	NaN	NaN	NaN
	56879	19.640055992796754	0.11530826178757307	F	NaN	NaN	NaN
	56880	19.653981146043336	0.1171352978316621	F	NaN	NaN	NaN
	56881	19.667906299289918	0.11896233387575109	F	NaN	NaN	NaN
	56882	19.6818314525365	0.1207893699198401	F	NaN	NaN	NaN
	56883	19.69575660578308	0.12261640596392911	F	NaN	NaN	NaN
	56884	19.709634854680715	0.12443739366131906	F	NaN	NaN	NaN
	56885	19.723442747054925	0.12624930883866053	F	NaN	NaN	NaN
	56886	19.73725063942914	0.128061224016002	F	NaN	NaN	NaN
	56887	19.75105853180335	0.12987313919334348	F	NaN	NaN	NaN
	56888	19.76486642417756	0.13168505437068495	F	NaN	NaN	NaN
	56889	19.77867431655177	0.1334969695480264	F	NaN	NaN	NaN
	56890	19.79248220892598	0.1353088847253679	F	NaN	NaN	NaN
	56891	19.806233340151874	0.13705311923576435	F	NaN	NaN	NaN
	56892	19.81993803043824	0.1387419786550247	F	NaN	NaN	NaN
	56893	19.833642720724608	0.14043083807428502	F	NaN	NaN	NaN
	56894	19.847347411010976	0.14211969749354536	F	NaN	NaN	NaN
	56895	19.861052101297343	0.1438085569128057	F	NaN	NaN	NaN
	56896	19.874756791583707	0.145497416332066	F	NaN	NaN	NaN
	56897	19.888461481870074	0.14718627575132634	F	NaN	NaN	NaN
	56898	19.90210377184412	0.14875411710347008	F	NaN	NaN	NaN
	56899	19.915719318827172	0.1502700935697078	F	NaN	NaN	NaN
	56900	19.929334865810223	0.15178607003594552	F	NaN	NaN	NaN
	56901	19.942950412793273	0.1533020465021832	F	NaN	NaN	NaN
	56902	19.956565959776324	0.15481802296842093	F	NaN	NaN	NaN
	56903	19.970181506759378	0.15633399943465864	F	NaN	NaN	NaN
	56904	19.98379705374243	0.15784997590089636	F	NaN	NaN	NaN
	56905	19.99734877888451	0.15920659970185957	F	NaN	NaN	NaN
	56906	20.010889241348774	0.1605351024442446	F	NaN	NaN	NaN
	56907	20.024429703813038	0.16186360518662965	F	NaN	NaN	NaN
	56908	20.0379701662773	0.16319210792901467	F	NaN	NaN	NaN
	56909	20.051510628741564	0.1645206106713997	F	NaN	NaN	NaN
	56910	20.065051091205827	0.16584911341378472	F	NaN	NaN	NaN
	56911	20.07859155367009	0.16717761615616977	F	NaN	NaN	NaN
	56912	20.092070990400092	0.16818233898551435	F	NaN	NaN	NaN
	56913	20.105550427130098	0.16918706181485896	F	NaN	NaN	NaN
	56914	20.1190298638601	0.17019178464420354	F	NaN	NaN	NaN
	56915	20.132509300590105	0.17119650747354814	F	NaN	NaN	NaN
	56916	20.145988737320106	0.1722012303028927	F	NaN	NaN	NaN
	56917	20.15946817405011	0.1732059531322373	F	NaN	NaN	NaN
	56918	20.172940565737655	0.17415362937052464	F	NaN	NaN	NaN
	56919	20.186373035517924	0.17477804159282445	F	NaN	NaN	NaN
	56920	20.199805505298194	0.17540245381512426	F	NaN	NaN	NaN
	56921	20.213237975078464	0.17602686603742407	F	NaN	NaN	NaN
	56922	20.226670444858737	0.17665127825972388	F	NaN	NaN	NaN
	56923	20.240102914639007	0.1772756904820237	F	NaN	NaN	NaN
	56924	20.253535384419276	0.17790010270432352	F	NaN	NaN	NaN
	56925	20.266957981749986	0.17842132681851866	F	NaN	NaN	NaN
	56926	20.280357543365053	0.17870177868047293	F	NaN	NaN	NaN
	56927	20.293757104980116	0.1789822305424272	F	NaN	NaN	NaN
	56928	20.307156666595183	0.17926268240438148	F	NaN	NaN	NaN
	56929	20.32055622821025	0.17954313426633572	F	NaN	NaN	NaN
	56930	20.333955789825314	0.17982358612829	F	NaN	NaN	NaN
	56931	20.34735535144038	0.18010403799024427	F	NaN	NaN	NaN
	56932	20.36074643083414	0.18018216241669538	F	NaN	NaN	NaN
	56933	20.37412714306853	0.18001299775531374	F	NaN	NaN	NaN
	56934	20.38750785530292	0.17984383309393207	F	NaN	NaN	NaN
	56935	20.40088856753731	0.1796746684325504	F	NaN	NaN	NaN
	56936	20.4142692797717	0.17950550377116875	F	NaN	NaN	NaN
	56937	20.42764999200609	0.17933633910978708	F	NaN	NaN	NaN
	56938	20.44103070424048	0.1791671744484054	F	NaN	NaN	NaN
	56939	20.45440854211718	0.17873232599999317	F	NaN	NaN	NaN
	56940	20.467784463755414	0.1781203550268928	F	NaN	NaN	NaN
	56941	20.481160385393654	0.17750838405379243	F	NaN	NaN	NaN
	56942	20.494536307031893	0.17689641308069207	F	NaN	NaN	NaN
	56943	20.507912228670133	0.17628444210759173	F	NaN	NaN	NaN
	56944	20.521288150308372	0.17567247113449136	F	NaN	NaN	NaN
	56945	20.534664071946608	0.17506050016139102	F	NaN	NaN	NaN
	56946	20.54804694472613	0.17402201735982292	F	NaN	NaN	NaN
	56947	20.56143213455275	0.17284136394876562	F	NaN	NaN	NaN
	56948	20.574817324379367	0.17166071053770832	F	NaN	NaN	NaN
	56949	20.588202514205985	0.170480057126651	F	NaN	NaN	NaN
	56950	20.601587704032603	0.1692994037155937	F	NaN	NaN	NaN
	56951	20.61497289385922	0.16811875030453638	F	NaN	NaN	NaN
	56952	20.62835808368584	0.16693809689347908	F	NaN	NaN	NaN
	56953	20.64178216052213	0.16540253419530096	F	NaN	NaN	NaN
	56954	20.655237832861072	0.16373574268719132	F	NaN	NaN	NaN
	56955	20.668729660066447	0.16194727017099567	F	NaN	NaN	NaN
	56956	20.682276122481852	0.1599671885748179	F	NaN	NaN	NaN
	56957	20.695849554308694	0.15788820298055656	F	NaN	NaN	NaN
	56958	20.70944956447219	0.1557111589404638	F	NaN	NaN	NaN
	56959	20.72309257296953	0.1533661856619949	F	NaN	NaN	NaN
	56960	20.736756128332637	0.15093485795368683	F	NaN	NaN	NaN
	56961	20.750438961969696	0.14842147626595475	F	NaN	NaN	NaN
	56962	20.764150168429406	0.14577699049559964	F	NaN	NaN	NaN
	56963	20.777876211377126	0.14305452217024636	F	NaN	NaN	NaN
	56964	20.79161423253611	0.14026637511907156	F	NaN	NaN	NaN
	56965	20.805367565305694	0.13738104176087468	F	NaN	NaN	NaN
	56966	20.8191284598864	0.13443005196098334	F	NaN	NaN	NaN
	56967	20.832894032615663	0.1314301661908075	F	NaN	NaN	NaN
	56968	20.846663420042624	0.12836404952910055	F	NaN	NaN	NaN
	56969	20.860431530304666	0.12524726926759044	F	NaN	NaN	NaN
	56970	20.87419701865257	0.12209796359988859	F	NaN	NaN	NaN
	56971	20.88795638908443	0.11890941853711733	F	NaN	NaN	NaN
	56972	20.90170407907617	0.11582714561026614	F	NaN	NaN	NaN
	56973	20.91544184709107	0.1127105589420411	F	NaN	NaN	NaN
	56974	20.929165128875326	0.10946102526877108	F	NaN	NaN	NaN
	56975	20.94286476264512	0.10622430296963667	F	NaN	NaN	NaN
	56976	20.95654717437538	0.10298631092568251	F	NaN	NaN	NaN
	56977	20.97020829585955	0.09974255846898941	F	NaN	NaN	NaN
	56978	20.98383223745576	0.0965262047099909	F	NaN	NaN	NaN
	56979	20.997431656949747	0.0933334596127494	F	NaN	NaN	NaN
	56980	21.01100454648133	0.0901673131160762	F	NaN	NaN	NaN
	56981	21.02452515995232	0.08706439771122743	F	NaN	NaN	NaN
	56982	21.038014830684173	0.08400440405872378	F	NaN	NaN	NaN
	56983	21.051468250865085	0.0809952077434406	F	NaN	NaN	NaN
	56984	21.06486564475975	0.0780655546575336	F	NaN	NaN	NaN
	56985	21.07821351801336	0.07543574816793762	F	NaN	NaN	NaN
	56986	21.091517513110464	0.07286193786226497	F	NaN	NaN	NaN
	56987	21.10477152188418	0.07016506921339888	F	NaN	NaN	NaN
	56988	21.117949922474637	0.06756841589458346	F	NaN	NaN	NaN
	56989	21.131076052898624	0.06507333420334178	F	NaN	NaN	NaN
	56990	21.144148631043514	0.0626783628510084	F	NaN	NaN	NaN
	56991	21.157143853750604	0.060400151302322416	F	NaN	NaN	NaN
	56992	21.17006367991217	0.058307820695938456	F	NaN	NaN	NaN
	56993	21.18292156178468	0.0563317123636569	F	NaN	NaN	NaN
	56994	21.19571512152389	0.05445463988675493	F	NaN	NaN	NaN
	56995	21.20840020383373	0.05263114678287691	F	NaN	NaN	NaN
	56996	21.22101494984455	0.05097898443930918	F	NaN	NaN	NaN
	56997	21.233558077443725	0.04949268318532526	F	NaN	NaN	NaN
	56998	21.246005434345907	0.048202006195099754	F	NaN	NaN	NaN
	56999	21.258348604905738	0.046964951965696944	F	NaN	NaN	NaN
	57000	21.27061176504396	0.04586615045070626	F	NaN	NaN	NaN
	57001	21.282793632647945	0.044943174916453346	F	NaN	NaN	NaN
	57002	21.294842336650856	0.044216134766364074	F	NaN	NaN	NaN
	57003	21.306797089738826	0.04369331910304528	F	NaN	NaN	NaN
	57004	21.318662158282596	0.043279034736644316	F	NaN	NaN	NaN
	57005	21.330415954762525	0.04286066404919335	F	NaN	NaN	NaN
	57006	21.34203386121093	0.04246942147424784	F	NaN	NaN	NaN
	57007	21.35355369110518	0.042088461284856014	F	NaN	NaN	NaN
	57008	21.36497416233264	0.04172882786677205	F	NaN	NaN	NaN
	57009	21.37624188914289	0.041516603816509505	F	NaN	NaN	NaN
	57010	21.38743609833303	0.04141402338393657	F	NaN	NaN	NaN
	57011	21.39858701944524	0.04133779226879744	F	NaN	NaN	NaN
	57012	21.40971045266241	0.04121339927664508	F	NaN	NaN	NaN
	57013	21.42079725602761	0.041124663940820635	F	NaN	NaN	NaN
	57014	21.431858923784475	0.04110328461598722	F	NaN	NaN	NaN
	57015	21.442895169650203	0.04113257065287128	F	NaN	NaN	NaN
	57016	21.453892209118703	0.04104729850262147	F	NaN	NaN	NaN
	57017	21.464857752732872	0.04099012334193565	F	NaN	NaN	NaN
	57018	21.475795870476258	0.040958117697142256	F	NaN	NaN	NaN
	57019	21.486701490375484	0.04095674393320076	F	NaN	NaN	NaN
	57020	21.497564039059604	0.04099389192029515	F	NaN	NaN	NaN
	57021	21.5083971578933	0.04111365051054684	F	NaN	NaN	NaN
	57022	21.519200560593756	0.04131746280327122	F	NaN	NaN	NaN
	57023	21.52995831553384	0.04157278474087348	F	NaN	NaN	NaN
	57024	21.54067956467048	0.041868326021253024	F	NaN	NaN	NaN
	57025	21.551369093694245	0.04219823524163596	F	NaN	NaN	NaN
	57026	21.56202111492474	0.042568116979249795	F	NaN	NaN	NaN
	57027	21.57262362357698	0.042988627985548866	F	NaN	NaN	NaN
	57028	21.5831924081367	0.043442270345504935	F	NaN	NaN	NaN
	57029	21.593727182321093	0.0439287679084377	F	NaN	NaN	NaN
	57030	21.604209867381968	0.04446340938393707	F	NaN	NaN	NaN
	57031	21.614651036690287	0.044963981955996345	F	NaN	NaN	NaN
	57032	21.625056191643633	0.04546350447431445	F	NaN	NaN	NaN
	57033	21.635418828854604	0.04599464577067775	F	NaN	NaN	NaN
	57034	21.645725512124173	0.04656588261531458	F	NaN	NaN	NaN
	57035	21.655994177059124	0.04710512289491309	F	NaN	NaN	NaN
	57036	21.666224537376653	0.04763265278294253	F	NaN	NaN	NaN
	57037	21.676396367207523	0.04838285378047495	F	NaN	NaN	NaN
	57038	21.686526513657636	0.049327301162357604	F	NaN	NaN	NaN
	57039	21.69661783126443	0.05032777150910219	F	NaN	NaN	NaN
	57040	21.70667226628073	0.05129122921824432	F	NaN	NaN	NaN
	57041	21.716678447537358	0.05230207929018234	F	NaN	NaN	NaN
	57042	21.7266430415027	0.05324100773573483	F	NaN	NaN	NaN
	57043	21.73657083950729	0.054179180768051685	F	NaN	NaN	NaN
	57044	21.746461860531802	0.05514462981923028	F	NaN	NaN	NaN
	57045	21.756309255470224	0.056141921890606045	F	NaN	NaN	NaN
	57046	21.766110687059378	0.05704848721594209	F	NaN	NaN	NaN
	57047	21.77587542829819	0.057958150813783194	F	NaN	NaN	NaN
	57048	21.78560349816733	0.05896092851316465	F	NaN	NaN	NaN
	57049	21.795292544803097	0.06019222708014832	F	NaN	NaN	NaN
	57050	21.80493127685248	0.06160945690026153	F	NaN	NaN	NaN
	57051	21.814533424161933	0.06276498590632322	F	NaN	NaN	NaN
	57052	21.824099005712135	0.06383840243557387	F	NaN	NaN	NaN
	57053	21.833628040483756	0.06504009162678909	F	NaN	NaN	NaN
	57054	21.84310663740682	0.06642598140481971	F	NaN	NaN	NaN
	57055	21.852546653623346	0.06772066748412885	F	NaN	NaN	NaN
	57056	21.861950209691035	0.0689962411618106	F	NaN	NaN	NaN
	57057	21.87131732459056	0.07031495065996639	F	NaN	NaN	NaN
	57058	21.88063859524723	0.07180783287198206	F	NaN	NaN	NaN
	57059	21.889916943207254	0.07334673126050903	F	NaN	NaN	NaN
	57060	21.899158936628854	0.07481394092180105	F	NaN	NaN	NaN
	57061	21.908364594492703	0.07621048846183895	F	NaN	NaN	NaN
	57062	21.917528976898527	0.07763097398466909	F	NaN	NaN	NaN
	57063	21.926646119438473	0.07907857039336078	F	NaN	NaN	NaN
	57064	21.935703900239798	0.08050363558947903	F	NaN	NaN	NaN
	57065	21.944725412469335	0.08191178271448422	F	NaN	NaN	NaN
	57066	21.953746924698873	0.08331992983948944	F	NaN	NaN	NaN
	57067	21.962721360258843	0.08478497219169233	F	NaN	NaN	NaN
	57068	21.97161389531149	0.08634899665148658	F	NaN	NaN	NaN
	57069	21.980506430364134	0.08791302111128083	F	NaN	NaN	NaN
	57070	21.989382237263037	0.08948621345341913	F	NaN	NaN	NaN
	57071	21.99814609420996	0.091120760085092	F	NaN	NaN	NaN
	57072	22.006909951156885	0.09275530671676488	F	NaN	NaN	NaN
	57073	22.01567380810381	0.09438985334843775	F	NaN	NaN	NaN
	57074	22.02432276581482	0.09600318741884649	F	NaN	NaN	NaN
	57075	22.032958243727204	0.09761403286474932	F	NaN	NaN	NaN
	57076	22.04159372163959	0.0992248783106521	F	NaN	NaN	NaN
	57077	22.050144666776156	0.1009395174974694	F	NaN	NaN	NaN
	57078	22.058652064725177	0.10270762618718293	F	NaN	NaN	NaN
	57079	22.067159462674198	0.10447573487689646	F	NaN	NaN	NaN
	57080	22.075612553744037	0.10627328645178293	F	NaN	NaN	NaN
	57081	22.083992170800872	0.10811067251837345	F	NaN	NaN	NaN
	57082	22.092371787857708	0.10994805858496395	F	NaN	NaN	NaN
	57083	22.10072718336855	0.11179862442516714	F	NaN	NaN	NaN
	57084	22.108979318604376	0.11370537772129712	F	NaN	NaN	NaN
	57085	22.1172314538402	0.11561213101742707	F	NaN	NaN	NaN
	57086	22.12548358907603	0.11751888431355703	F	NaN	NaN	NaN
	57087	22.133614264785763	0.11949218825331477	F	NaN	NaN	NaN
	57088	22.141739217271756	0.12146862808727471	F	NaN	NaN	NaN
	57089	22.14986416975775	0.12344506792123469	F	NaN	NaN	NaN
	57090	22.157897765995113	0.12547205914827314	F	NaN	NaN	NaN
	57091	22.165895834802452	0.1275187092503976	F	NaN	NaN	NaN
	57092	22.173893903609795	0.129565359352522	F	NaN	NaN	NaN
	57093	22.181830578882508	0.1316990885693061	F	NaN	NaN	NaN
	57094	22.18970206308237	0.13392528323773883	F	NaN	NaN	NaN
	57095	22.19757354728223	0.13615147790617158	F	NaN	NaN	NaN
	57096	22.205413460098015	0.13836825938117944	F	NaN	NaN	NaN
	57097	22.21315865876158	0.14055680127591275	F	NaN	NaN	NaN
	57098	22.220903857425142	0.14274534317064602	F	NaN	NaN	NaN
	57099	22.228647166291726	0.14493497485001486	F	NaN	NaN	NaN
	57100	22.236266378490164	0.14719616905378777	F	NaN	NaN	NaN
	57101	22.243885590688603	0.14945736325756068	F	NaN	NaN	NaN
	57102	22.251504802887045	0.15171855746133361	F	NaN	NaN	NaN
	57103	22.259025978918206	0.15403732343688986	F	NaN	NaN	NaN
	57104	22.2665195037227	0.15637232760448772	F	NaN	NaN	NaN
	57105	22.274013028527197	0.15870733177208557	F	NaN	NaN	NaN
	57106	22.28143821669578	0.16097335008195401	F	NaN	NaN	NaN
	57107	22.288806353177506	0.16318177469408465	F	NaN	NaN	NaN
	57108	22.296174489659233	0.1653901993062153	F	NaN	NaN	NaN
	57109	22.303503848472964	0.1677473688020546	F	NaN	NaN	NaN
	57110	22.310746895703097	0.1704356156197006	F	NaN	NaN	NaN
	57111	22.31798994293323	0.17312386243734662	F	NaN	NaN	NaN
	57112	22.325223630899835	0.17578574633983507	F	NaN	NaN	NaN
	57113	22.332341887949557	0.17812248762203325	F	NaN	NaN	NaN
	57114	22.339460144999276	0.1804592289042314	F	NaN	NaN	NaN
	57115	22.346578402048998	0.18279597018642962	F	NaN	NaN	NaN
	57116	22.35359208656696	0.18537961435236638	F	NaN	NaN	NaN
	57117	22.360585852507445	0.1880102876390139	F	NaN	NaN	NaN
	57118	22.36757961844793	0.19064096092566146	F	NaN	NaN	NaN
	57119	22.374498248205388	0.19332064097067878	F	NaN	NaN	NaN
	57120	22.381367822107816	0.19603231716372221	F	NaN	NaN	NaN
	57121	22.38823739601024	0.19874399335676562	F	NaN	NaN	NaN
	57122	22.395061129514918	0.20148629458275094	F	NaN	NaN	NaN
	57123	22.401806810450463	0.20428074113509614	F	NaN	NaN	NaN
	57124	22.408552491386004	0.20707518768744138	F	NaN	NaN	NaN
	57125	22.415281487145627	0.20988105725714248	F	NaN	NaN	NaN
	57126	22.421903574185468	0.21276011875286321	F	NaN	NaN	NaN
	57127	22.428525661225308	0.21563918024858386	F	NaN	NaN	NaN
	57128	22.435147748265145	0.2185182417443046	F	NaN	NaN	NaN