###################### HEADER ######################
# SNNAME:	SN2004fe
###################### HEADER ######################


# FILTER B
#        MJD  MAG  MAGERR  Upperlimit  Instrument  Telescope  Source
	53310	18.218220869672813	0.023069030253702	F	NaN	NaN	NaN
	53311	18.003528962909414	0.017442744437458413	F	NaN	NaN	NaN
	53312	17.82754259135665	0.01567461466218413	F	NaN	NaN	NaN
	53313	17.689934320773425	0.016585768200882523	F	NaN	NaN	NaN
	53314	17.58827585174987	0.018336748820509976	F	NaN	NaN	NaN
	53315	17.52450846856588	0.020406617942077227	F	NaN	NaN	NaN
	53316	17.50476339473353	0.02114635366018919	F	NaN	NaN	NaN
	53317	17.53239092410711	0.025728450700220847	F	NaN	NaN	NaN
	53318	17.57985183899793	0.03144448815641401	F	NaN	NaN	NaN
	53319	17.635158018731502	0.030336467241778124	F	NaN	NaN	NaN
	53320	17.711105900763148	0.026195298843785013	F	NaN	NaN	NaN
	53321	17.803745964731338	0.021478178445960307	F	NaN	NaN	NaN
	53322	17.914221053077544	0.02002495866595531	F	NaN	NaN	NaN
	53323	18.05195227083397	0.020334512340730103	F	NaN	NaN	NaN
	53324	18.201082258835918	0.02110174872430125	F	NaN	NaN	NaN
	53325	18.35433721011333	0.022043897779688477	F	NaN	NaN	NaN
	53326	18.508760722287754	0.023906600299443664	F	NaN	NaN	NaN
	53327	18.655342416925784	0.02574726554756808	F	NaN	NaN	NaN
	53328	18.795063952310706	0.030417109040207814	F	NaN	NaN	NaN
	53329	18.927151681587752	0.03991176435793968	F	NaN	NaN	NaN
	53330	19.049790091569037	0.051069010090434186	F	NaN	NaN	NaN
	53331	19.157685057417925	0.0601108394093965	F	NaN	NaN	NaN
	53332	19.24769677116642	0.06165766274280918	F	NaN	NaN	NaN
	53333	19.323244610453724	0.0586260091401702	F	NaN	NaN	NaN
	53334	19.38815935408684	0.054892809256721985	F	NaN	NaN	NaN
	53335	19.446271780872745	0.052864508618941077	F	NaN	NaN	NaN
	53336	19.50142368694608	0.05376150475295287	F	NaN	NaN	NaN
	53337	19.557535136743173	0.05312473324524592	F	NaN	NaN	NaN
	53338	19.61141825877229	0.04741793132485368	F	NaN	NaN	NaN
	53339	19.66434719116801	0.04507858504515445	F	NaN	NaN	NaN
	53340	19.71186272189077	0.04376284968966903	F	NaN	NaN	NaN
	53341	19.756625205141837	0.04294572727064263	F	NaN	NaN	NaN
	53342	19.796850521256587	0.04475961428567638	F	NaN	NaN	NaN
	53343	19.833956000163198	0.05228871255175272	F	NaN	NaN	NaN
	53344	19.86945694776496	0.05918929204463501	F	NaN	NaN	NaN
	53345	19.904002541242544	0.06149843892482913	F	NaN	NaN	NaN
	53346	19.936691631947408	0.06197903603134749	F	NaN	NaN	NaN
	53347	19.96693844652231	0.062298804904612703	F	NaN	NaN	NaN
	53348	19.9941670532909	0.06288666326566131	F	NaN	NaN	NaN
	53349	20.017117815784417	0.06027898635141611	F	NaN	NaN	NaN
	53350	20.03599862830242	0.05699231685658729	F	NaN	NaN	NaN
	53351	20.052972464167837	0.05634665538328082	F	NaN	NaN	NaN
	53352	20.070223715828142	0.0547602599628983	F	NaN	NaN	NaN
	53353	20.087480542120343	0.052370597325197554	F	NaN	NaN	NaN
	53354	20.104603644790814	0.05160388690292677	F	NaN	NaN	NaN
	53355	20.12357362390582	0.05410105076338617	F	NaN	NaN	NaN
	53356	20.14301034516722	0.061830706434171184	F	NaN	NaN	NaN
	53357	20.16234658762354	0.07389117725142069	F	NaN	NaN	NaN
	53358	20.18189261448539	0.09137027003815316	F	NaN	NaN	NaN
	53359	20.20224965520602	0.11356808239412888	F	NaN	NaN	NaN
	53360	20.223072257040762	0.14219387620631338	F	NaN	NaN	NaN
	53361	20.244005065099238	0.1754859854158958	F	NaN	NaN	NaN
	53362	20.264692724491074	0.21082946475367711	F	NaN	NaN	NaN

# FILTER V
#        MJD  MAG  MAGERR  Upperlimit  Instrument  Telescope  Source
	53310	17.67797663930535	0.25720215606515073	F	NaN	NaN	NaN
	53311	17.54826582470183	0.22278406245813331	F	NaN	NaN	NaN
	53312	17.435353488649252	0.1912985600922149	F	NaN	NaN	NaN
	53313	17.340321355266752	0.16220735879500234	F	NaN	NaN	NaN
	53314	17.26100268130938	0.1380165553662925	F	NaN	NaN	NaN
	53315	17.195624664254087	0.11921495541364477	F	NaN	NaN	NaN
	53316	17.145745888696947	0.10434761103498648	F	NaN	NaN	NaN
	53317	17.114216465241366	0.0916610654865559	F	NaN	NaN	NaN
	53318	17.098895493575988	0.08257976929135358	F	NaN	NaN	NaN
	53319	17.097641725698654	0.07861428271976684	F	NaN	NaN	NaN
	53320	17.108239777280392	0.0813237507636105	F	NaN	NaN	NaN
	53321	17.128545281913787	0.09218293863576564	F	NaN	NaN	NaN
	53322	17.15641249221898	0.11284418545056152	F	NaN	NaN	NaN
	53323	17.208765195942586	0.12610633711894126	F	NaN	NaN	NaN
	53324	17.27687531881895	0.13865387913657798	F	NaN	NaN	NaN
	53325	17.333008621217644	0.1729711652910732	F	NaN	NaN	NaN
	53326	17.39987102205546	0.20101222641151165	F	NaN	NaN	NaN
	53327	17.474951698284528	0.2230933026396661	F	NaN	NaN	NaN
	53328	17.55529629815701	0.24032116383795254	F	NaN	NaN	NaN
	53329	17.63794718259247	0.25362339448919585	F	NaN	NaN	NaN
	53330	17.719946751283494	0.2640377049159667	F	NaN	NaN	NaN
	53331	17.803864384608175	0.2710125435184175	F	NaN	NaN	NaN
	53332	17.895831379485287	0.2734893096508768	F	NaN	NaN	NaN
	53333	17.99306993817032	0.27262181791557244	F	NaN	NaN	NaN
	53334	18.09260758808714	0.2695105587831207	F	NaN	NaN	NaN
	53335	18.19148821158862	0.2656620140318965	F	NaN	NaN	NaN
	53336	18.286714208583263	0.2624411694383264	F	NaN	NaN	NaN
	53337	18.375325152128916	0.260999288982356	F	NaN	NaN	NaN
	53338	18.454350437633227	0.2626116441202916	F	NaN	NaN	NaN
	53339	18.520799967392737	0.2688169069591577	F	NaN	NaN	NaN
	53340	18.57734109217514	0.2786737119102219	F	NaN	NaN	NaN
	53341	18.63078965878942	0.2892121029959607	F	NaN	NaN	NaN
	53342	18.681384002268867	0.3000692349018137	F	NaN	NaN	NaN
	53343	18.729264903921404	0.3105227294037239	F	NaN	NaN	NaN
	53344	18.774588043135804	0.3200541215743973	F	NaN	NaN	NaN
	53345	18.817508764198077	0.3281554288932897	F	NaN	NaN	NaN
	53346	18.858183159807393	0.3343042664812883	F	NaN	NaN	NaN
	53347	18.896766824575845	0.33795490416385027	F	NaN	NaN	NaN
	53348	18.933415449530127	0.33854831275333624	F	NaN	NaN	NaN
	53349	18.968292302276847	0.3353220326634407	F	NaN	NaN	NaN
	53350	19.001537400307438	0.3282104282533119	F	NaN	NaN	NaN
	53351	19.03331273615915	0.31637182378503637	F	NaN	NaN	NaN
	53352	19.06377662636812	0.2993453973756074	F	NaN	NaN	NaN
	53353	19.09278307893248	0.2775644446092323	F	NaN	NaN	NaN
	53354	19.119934304550753	0.2527878493196682	F	NaN	NaN	NaN
	53355	19.1451992775719	0.22480075307124442	F	NaN	NaN	NaN
	53356	19.168568285491983	0.19446007711784657	F	NaN	NaN	NaN
	53357	19.189998486887088	0.1615435256070593	F	NaN	NaN	NaN
	53358	19.209475497683744	0.12708999992431425	F	NaN	NaN	NaN
	53359	19.226980396881732	0.09235989509939595	F	NaN	NaN	NaN
	53360	19.24248439248431	0.06312073446460299	F	NaN	NaN	NaN
	53361	19.25596357020013	0.05693075699249097	F	NaN	NaN	NaN
	53362	19.26739401573785	0.08389658515094406	F	NaN	NaN	NaN

# FILTER g
#        MJD  MAG  MAGERR  Upperlimit  Instrument  Telescope  Source
	53310	18.0258461028898	0.021914656723016006	F	NaN	NaN	NaN
	53311	17.814877686485882	0.016576946692283875	F	NaN	NaN	NaN
	53312	17.636466781253947	0.015619591108960287	F	NaN	NaN	NaN
	53313	17.4906523614211	0.017554409725396274	F	NaN	NaN	NaN
	53314	17.377215072985315	0.019957922939957747	F	NaN	NaN	NaN
	53315	17.297832261875875	0.021734218658174802	F	NaN	NaN	NaN
	53316	17.254564212541656	0.021306818408132155	F	NaN	NaN	NaN
	53317	17.251582932893037	0.019649918477194026	F	NaN	NaN	NaN
	53318	17.279304082630254	0.019965289240785618	F	NaN	NaN	NaN
	53319	17.32759701965334	0.021921294027819702	F	NaN	NaN	NaN
	53320	17.386331101862314	0.022527714334770417	F	NaN	NaN	NaN
	53321	17.458731097572677	0.019264316464991067	F	NaN	NaN	NaN
	53322	17.548263854946832	0.017067642535462016	F	NaN	NaN	NaN
	53323	17.6559714683845	0.01779708502355568	F	NaN	NaN	NaN
	53324	17.76939614882021	0.019458578807769456	F	NaN	NaN	NaN
	53325	17.886570489339384	0.020831224903607417	F	NaN	NaN	NaN
	53326	18.01502474502903	0.02140356756702805	F	NaN	NaN	NaN
	53327	18.146830831874915	0.023092481935147752	F	NaN	NaN	NaN
	53328	18.270469739536246	0.02535553668604367	F	NaN	NaN	NaN
	53329	18.39868028676534	0.02946941345207936	F	NaN	NaN	NaN
	53330	18.51619388006214	0.03341655704697783	F	NaN	NaN	NaN
	53331	18.616640976372462	0.034018710912192926	F	NaN	NaN	NaN
	53332	18.70958412761896	0.03357168628393116	F	NaN	NaN	NaN
	53333	18.79576427723145	0.033637357197933065	F	NaN	NaN	NaN
	53334	18.87582042180781	0.034870650376186973	F	NaN	NaN	NaN
	53335	18.95039155794592	0.03735449853230533	F	NaN	NaN	NaN
	53336	19.020072472655215	0.0392959975241629	F	NaN	NaN	NaN
	53337	19.08554951550859	0.04012269918197351	F	NaN	NaN	NaN
	53338	19.143946463091684	0.03890516932965442	F	NaN	NaN	NaN
	53339	19.19485233888831	0.038375555742407544	F	NaN	NaN	NaN
	53340	19.244797011358596	0.038705545689259116	F	NaN	NaN	NaN
	53341	19.293902386102776	0.03828174728714097	F	NaN	NaN	NaN
	53342	19.33711968940507	0.03788668994647818	F	NaN	NaN	NaN
	53343	19.37675028258301	0.038049972757283695	F	NaN	NaN	NaN
	53344	19.41522328375513	0.037750303891743636	F	NaN	NaN	NaN
	53345	19.450519268237315	0.03656672319661274	F	NaN	NaN	NaN
	53346	19.479926562003513	0.03552143561236379	F	NaN	NaN	NaN
	53347	19.50697207945699	0.03569132191472121	F	NaN	NaN	NaN
	53348	19.535269451479984	0.03587156773100943	F	NaN	NaN	NaN
	53349	19.56444083484822	0.03564245378093664	F	NaN	NaN	NaN
	53350	19.591207470732012	0.03565120031228181	F	NaN	NaN	NaN
	53351	19.6164366388229	0.0356667281736978	F	NaN	NaN	NaN
	53352	19.64106221066138	0.035900377920166204	F	NaN	NaN	NaN
	53353	19.665126454866186	0.03628339543875621	F	NaN	NaN	NaN
	53354	19.6877883453524	0.03807554873488449	F	NaN	NaN	NaN
	53355	19.70908018875597	0.04103046770488434	F	NaN	NaN	NaN
	53356	19.729056206846828	0.04547236759499415	F	NaN	NaN	NaN
	53357	19.747770621394896	0.05206145301772728	F	NaN	NaN	NaN
	53358	19.76563013500133	0.05944954112997787	F	NaN	NaN	NaN
	53359	19.78285965827623	0.06883517954159676	F	NaN	NaN	NaN
	53360	19.799127200776976	0.07978735310570959	F	NaN	NaN	NaN
	53361	19.814095010334974	0.09180289469503583	F	NaN	NaN	NaN
	53362	19.827425334781644	0.10502075690484855	F	NaN	NaN	NaN

# FILTER i
#        MJD  MAG  MAGERR  Upperlimit  Instrument  Telescope  Source
	53310	18.013389414061034	0.022754966975332476	F	NaN	NaN	NaN
	53311	17.794223532428212	0.01815630293355797	F	NaN	NaN	NaN
	53312	17.610489210899217	0.01832956949135996	F	NaN	NaN	NaN
	53313	17.462364011294476	0.018716589494977752	F	NaN	NaN	NaN
	53314	17.347577291865743	0.019405855670153006	F	NaN	NaN	NaN
	53315	17.259637257671052	0.022133620346331147	F	NaN	NaN	NaN
	53316	17.188653929484268	0.022334276344134336	F	NaN	NaN	NaN
	53317	17.140229812687306	0.02337371698625119	F	NaN	NaN	NaN
	53318	17.10647222387105	0.026353185490462182	F	NaN	NaN	NaN
	53319	17.079382710290034	0.026615133785144532	F	NaN	NaN	NaN
	53320	17.05976371945225	0.02019131794136691	F	NaN	NaN	NaN
	53321	17.05059749590295	0.01663340452150407	F	NaN	NaN	NaN
	53322	17.0538140656506	0.015082873156746082	F	NaN	NaN	NaN
	53323	17.067576837978244	0.015579237329460243	F	NaN	NaN	NaN
	53324	17.089380129023525	0.014694215860839858	F	NaN	NaN	NaN
	53325	17.120125677101097	0.015149648340455912	F	NaN	NaN	NaN
	53326	17.160644820867315	0.01573894240571875	F	NaN	NaN	NaN
	53327	17.211717907813323	0.015874859152742823	F	NaN	NaN	NaN
	53328	17.269919807992828	0.017442392846769506	F	NaN	NaN	NaN
	53329	17.33174806198915	0.02010574871695143	F	NaN	NaN	NaN
	53330	17.39369139563081	0.0220268767976024	F	NaN	NaN	NaN
	53331	17.456546007348486	0.022423128864782264	F	NaN	NaN	NaN
	53332	17.524669055246004	0.021478218059803676	F	NaN	NaN	NaN
	53333	17.596517063407354	0.02005712835825555	F	NaN	NaN	NaN
	53334	17.670331798670745	0.018893015301411797	F	NaN	NaN	NaN
	53335	17.744355027874395	0.018528650982005415	F	NaN	NaN	NaN
	53336	17.81679262138198	0.019062862827904765	F	NaN	NaN	NaN
	53337	17.885867105651776	0.01986037719063347	F	NaN	NaN	NaN
	53338	17.949912860015527	0.020165695305710024	F	NaN	NaN	NaN
	53339	18.009746275113134	0.019682655706721664	F	NaN	NaN	NaN
	53340	18.067575908247157	0.019548128526616596	F	NaN	NaN	NaN
	53341	18.124031220288387	0.019279617214313288	F	NaN	NaN	NaN
	53342	18.178761534053276	0.0197527903151428	F	NaN	NaN	NaN
	53343	18.231380133335254	0.020383017084028475	F	NaN	NaN	NaN
	53344	18.28150695951426	0.020925562849531298	F	NaN	NaN	NaN
	53345	18.329074028340102	0.02119313674356722	F	NaN	NaN	NaN
	53346	18.374399649498415	0.02119236220459476	F	NaN	NaN	NaN
	53347	18.417577243344564	0.02158949276152522	F	NaN	NaN	NaN
	53348	18.45869592855781	0.02218297742321349	F	NaN	NaN	NaN
	53349	18.497844580493748	0.0230038515147467	F	NaN	NaN	NaN
	53350	18.535112701037477	0.023860759033671977	F	NaN	NaN	NaN
	53351	18.570589323179174	0.024382763221617573	F	NaN	NaN	NaN
	53352	18.604363558891933	0.024478102750825216	F	NaN	NaN	NaN
	53353	18.63639286133027	0.02403147273228756	F	NaN	NaN	NaN
	53354	18.666511536763792	0.023985621109750752	F	NaN	NaN	NaN
	53355	18.694744552621952	0.02420234677242676	F	NaN	NaN	NaN
	53356	18.721121945366384	0.02494565761286758	F	NaN	NaN	NaN
	53357	18.74564860575848	0.027032130799099115	F	NaN	NaN	NaN
	53358	18.768357014974992	0.029955381643897834	F	NaN	NaN	NaN
	53359	18.789248755986648	0.034239980668955575	F	NaN	NaN	NaN
	53360	18.80829864578343	0.03954463337475367	F	NaN	NaN	NaN
	53361	18.825485922761175	0.04575514817396721	F	NaN	NaN	NaN
	53362	18.840789825315714	0.0531334762256502	F	NaN	NaN	NaN

# FILTER r
#        MJD  MAG  MAGERR  Upperlimit  Instrument  Telescope  Source
	53308	17.990359537454104	0.10151851864745327	F	NaN	NaN	NaN
	53309	17.96093940710338	0.0404345114667775	F	NaN	NaN	NaN
	53310	17.812314762310944	0.025117404341251745	F	NaN	NaN	NaN
	53311	17.606474897835714	0.019077444922098185	F	NaN	NaN	NaN
	53312	17.435682361517657	0.02527427788668633	F	NaN	NaN	NaN
	53313	17.299154029932243	0.023600371227214294	F	NaN	NaN	NaN
	53314	17.19778045992878	0.019172835832428126	F	NaN	NaN	NaN
	53315	17.129232076418536	0.022760845271114633	F	NaN	NaN	NaN
	53316	17.089462401334725	0.030773046931261507	F	NaN	NaN	NaN
	53317	17.069916119447534	0.043350188162581633	F	NaN	NaN	NaN
	53318	17.048328422329174	0.05269595978332363	F	NaN	NaN	NaN
	53319	17.007934921092343	0.03997860005161609	F	NaN	NaN	NaN
	53320	16.97010096687833	0.02601053169544634	F	NaN	NaN	NaN
	53321	16.96997971232844	0.027422462874918556	F	NaN	NaN	NaN
	53322	16.98901229494446	0.02875500055858629	F	NaN	NaN	NaN
	53323	17.009971285553807	0.025937613240097513	F	NaN	NaN	NaN
	53324	17.054216859208868	0.018955452775702947	F	NaN	NaN	NaN
	53325	17.10969769383931	0.018039017250054887	F	NaN	NaN	NaN
	53326	17.17715527893619	0.019246799157953604	F	NaN	NaN	NaN
	53327	17.251718298425672	0.023390342354842962	F	NaN	NaN	NaN
	53328	17.32884562361875	0.021639775287734964	F	NaN	NaN	NaN
	53329	17.41064267052983	0.020138207327469352	F	NaN	NaN	NaN
	53330	17.491962924198425	0.022418385338566604	F	NaN	NaN	NaN
	53331	17.571572515808473	0.023637023692693496	F	NaN	NaN	NaN
	53332	17.653020353641868	0.022764026657016226	F	NaN	NaN	NaN
	53333	17.735179500813835	0.02110574519593699	F	NaN	NaN	NaN
	53334	17.81677873967632	0.020114800463031407	F	NaN	NaN	NaN
	53335	17.896546852581277	0.019935459300865703	F	NaN	NaN	NaN
	53336	17.97316569080589	0.020742342969163597	F	NaN	NaN	NaN
	53337	18.04536491324224	0.020587826413171865	F	NaN	NaN	NaN
	53338	18.113752428871585	0.019675380615648094	F	NaN	NaN	NaN
	53339	18.180648345483807	0.02372087500678837	F	NaN	NaN	NaN
	53340	18.24415950020533	0.02693797607463571	F	NaN	NaN	NaN
	53341	18.303903928637535	0.030080830795353133	F	NaN	NaN	NaN
	53342	18.36050140333101	0.03268913782259846	F	NaN	NaN	NaN
	53343	18.412797349503712	0.03719491886046372	F	NaN	NaN	NaN
	53344	18.45962493267089	0.03947357769511037	F	NaN	NaN	NaN
	53345	18.499546166062	0.03812854799898031	F	NaN	NaN	NaN
	53346	18.533652657077706	0.039784652785770834	F	NaN	NaN	NaN
	53347	18.56504561505789	0.04548325715929585	F	NaN	NaN	NaN
	53348	18.596844591437257	0.04981743157164399	F	NaN	NaN	NaN
	53349	18.629125089703784	0.04652092272876875	F	NaN	NaN	NaN
	53350	18.65985660273935	0.039834528152115696	F	NaN	NaN	NaN
	53351	18.690238075016623	0.03461130786816235	F	NaN	NaN	NaN
	53352	18.72151977898365	0.0328830212001813	F	NaN	NaN	NaN
	53353	18.754238891474543	0.030894102931277808	F	NaN	NaN	NaN
	53354	18.78617248837003	0.030320644898641502	F	NaN	NaN	NaN
	53355	18.8162477222031	0.030321743284730703	F	NaN	NaN	NaN
	53356	18.845566958230737	0.03020175347367629	F	NaN	NaN	NaN
	53357	18.874075969957442	0.03132422075220623	F	NaN	NaN	NaN
	53358	18.901771751407026	0.03414822613005979	F	NaN	NaN	NaN
	53359	18.928674116853543	0.03894228342048018	F	NaN	NaN	NaN
	53360	18.954751745093763	0.04517925088957722	F	NaN	NaN	NaN
	53361	18.979974863018366	0.05397426450599708	F	NaN	NaN	NaN
	53362	19.00431369751803	0.06531709341808375	F	NaN	NaN	NaN

# FILTER u
#        MJD  MAG  MAGERR  Upperlimit  Instrument  Telescope  Source
	53310	18.859905786792634	0.03872341054496829	F	NaN	NaN	NaN
	53311	18.585970332038638	0.027090853158456198	F	NaN	NaN	NaN
	53312	18.376570159533674	0.024059829352347628	F	NaN	NaN	NaN
	53313	18.22961833472041	0.024559674811159733	F	NaN	NaN	NaN
	53314	18.142013768064977	0.027620864402332832	F	NaN	NaN	NaN
	53315	18.113220954098896	0.033611537642917313	F	NaN	NaN	NaN
	53316	18.135590502940527	0.03505963562998553	F	NaN	NaN	NaN
	53317	18.217909551579197	0.034079182116976324	F	NaN	NaN	NaN
	53318	18.346624745253834	0.03712313603251676	F	NaN	NaN	NaN
	53319	18.507237062274026	0.04132135192122574	F	NaN	NaN	NaN
	53320	18.68524748094935	0.04090327620221616	F	NaN	NaN	NaN
	53321	18.88293252371354	0.0359470135178911	F	NaN	NaN	NaN
	53322	19.114302389768987	0.03779051295083095	F	NaN	NaN	NaN
	53323	19.365328482276276	0.055239980993255666	F	NaN	NaN	NaN
	53324	19.598441987540422	0.05938866378463064	F	NaN	NaN	NaN
	53325	19.792829066298278	0.0656033907440397	F	NaN	NaN	NaN
	53326	19.957266689390764	0.0741103802150464	F	NaN	NaN	NaN
	53327	20.09388959785456	0.08967577583828984	F	NaN	NaN	NaN
	53328	20.21566141659253	0.11104681868136528	F	NaN	NaN	NaN
	53329	20.333358901614538	0.13425237042819482	F	NaN	NaN	NaN
	53330	20.427978088091564	0.15398496573652093	F	NaN	NaN	NaN
	53331	20.49940237379632	0.17248083188823005	F	NaN	NaN	NaN
	53332	20.571034013234094	0.1835668805302635	F	NaN	NaN	NaN
	53333	20.642311685640347	0.188931714340836	F	NaN	NaN	NaN
	53334	20.712156018290138	0.18968963788153148	F	NaN	NaN	NaN
	53335	20.779487638458537	0.18661628901815597	F	NaN	NaN	NaN
	53336	20.84317718545641	0.1817703257818626	F	NaN	NaN	NaN
	53337	20.90215317830455	0.1797045489560778	F	NaN	NaN	NaN
	53338	20.95569651567603	0.18503770100154096	F	NaN	NaN	NaN
	53339	21.00453610636434	0.20069253131769835	F	NaN	NaN	NaN
	53340	21.05021172826091	0.23039427535759208	F	NaN	NaN	NaN

# FILTER R
#        MJD  MAG  MAGERR  Upperlimit  Instrument  Telescope  Source
	53311	17.182931511969006	0.052222906386509234	F	NaN	NaN	NaN
	53312	17.05908513050211	0.04250945195418963	F	NaN	NaN	NaN
	53313	16.950486303129512	0.03510494884972596	F	NaN	NaN	NaN
	53314	16.85643680911127	0.03077734878799849	F	NaN	NaN	NaN
	53315	16.776417127717952	0.029855648526368475	F	NaN	NaN	NaN
	53316	16.71042411211483	0.03122475810836723	F	NaN	NaN	NaN
	53317	16.659842208481212	0.03270863355357871	F	NaN	NaN	NaN
	53318	16.623673199946317	0.03449998148760439	F	NaN	NaN	NaN
	53319	16.60077227006865	0.03604256948794025	F	NaN	NaN	NaN
	53320	16.590129551368463	0.03606089038196226	F	NaN	NaN	NaN
	53321	16.595993283931584	0.03688251243246245	F	NaN	NaN	NaN
	53322	16.61615361903903	0.038408864093556726	F	NaN	NaN	NaN
	53323	16.64495166677253	0.0374410183953506	F	NaN	NaN	NaN
	53324	16.688077684456307	0.0368571166417027	F	NaN	NaN	NaN
	53325	16.739666035074134	0.03809560071752182	F	NaN	NaN	NaN
	53326	16.793874075779172	0.03967911159210445	F	NaN	NaN	NaN
	53327	16.84768439668569	0.04008016779333272	F	NaN	NaN	NaN
	53328	16.908609689139958	0.04023027915843956	F	NaN	NaN	NaN
	53329	16.975844931812333	0.0412229725213533	F	NaN	NaN	NaN
	53330	17.047251377488955	0.04354974255261359	F	NaN	NaN	NaN
	53331	17.12088078874996	0.04696048411280643	F	NaN	NaN	NaN
	53332	17.19466899855683	0.05195772490936385	F	NaN	NaN	NaN
	53333	17.266565237276158	0.05722723632648015	F	NaN	NaN	NaN
	53334	17.334553277356	0.06249176668680571	F	NaN	NaN	NaN
	53335	17.39819424606522	0.06830757233161641	F	NaN	NaN	NaN
	53336	17.45880208030864	0.07359634236391308	F	NaN	NaN	NaN
	53337	17.516721512131063	0.07741566775329428	F	NaN	NaN	NaN
	53338	17.57236449886294	0.0800346250707207	F	NaN	NaN	NaN
	53339	17.625470836115166	0.08197290037884604	F	NaN	NaN	NaN
	53340	17.676639246641706	0.0829955907015133	F	NaN	NaN	NaN
	53341	17.72586320533511	0.0829752409731287	F	NaN	NaN	NaN
	53342	17.773374334231075	0.0822263758135445	F	NaN	NaN	NaN
	53343	17.819465346936013	0.0817318497679912	F	NaN	NaN	NaN
	53344	17.864136488776158	0.08241299681557941	F	NaN	NaN	NaN
	53345	17.9077999099559	0.0832577538617578	F	NaN	NaN	NaN
	53346	17.950492437422092	0.0852248882438517	F	NaN	NaN	NaN
	53347	17.992503948376726	0.08826370683002134	F	NaN	NaN	NaN
	53348	18.034008907314	0.09236038836270322	F	NaN	NaN	NaN
	53349	18.075185802618282	0.0991892411197066	F	NaN	NaN	NaN
	53350	18.115934177520536	0.10568939974259184	F	NaN	NaN	NaN
	53351	18.15548966910509	0.11487267550857894	F	NaN	NaN	NaN
	53352	18.193881158006413	0.1252960068029875	F	NaN	NaN	NaN
	53353	18.231192141834104	0.13647497022143446	F	NaN	NaN	NaN