###################### HEADER ######################
# SNNAME:	SN2005kl
###################### HEADER ######################


# FILTER V
#        MJD  MAG  MAGERR  Upperlimit  Instrument  Telescope  Source
	53700	16.895296060485414	0.06435550233175301	F	NaN	NaN	NaN
	53701	16.872614007162714	0.05234431157885708	F	NaN	NaN	NaN
	53702	16.849931953840017	0.04474950532964116	F	NaN	NaN	NaN
	53703	16.82724990051732	0.043929421896239766	F	NaN	NaN	NaN
	53704	16.804567847194622	0.05021870918341862	F	NaN	NaN	NaN
	53705	16.822341317365133	0.04590257555476464	F	NaN	NaN	NaN
	53706	16.88222155688607	0.05970221354217342	F	NaN	NaN	NaN
	53707	16.92718802572975	0.06129222370930203	F	NaN	NaN	NaN
	53708	16.956381494309653	0.04767442784325271	F	NaN	NaN	NaN
	53709	16.999255912161967	0.05357192201760372	F	NaN	NaN	NaN
	53710	17.057870777026846	0.04829245601351248	F	NaN	NaN	NaN
	53711	17.11648564189173	0.04946659023083168	F	NaN	NaN	NaN
	53712	17.17510050675661	0.05656556536435228	F	NaN	NaN	NaN
	53713	17.233715371621496	0.06778299127684172	F	NaN	NaN	NaN
	53714	17.292330236486375	0.08147357491505669	F	NaN	NaN	NaN
	53715	17.366487564251223	0.08475403485435	F	NaN	NaN	NaN
	53716	17.45362070966659	0.08007773278381389	F	NaN	NaN	NaN
	53717	17.54075385508196	0.0776961803557399	F	NaN	NaN	NaN
	53718	17.627887000497328	0.07792238869772437	F	NaN	NaN	NaN
	53719	17.715020145912693	0.08082383059344819	F	NaN	NaN	NaN
	53720	17.80215329132806	0.08595003301274608	F	NaN	NaN	NaN
	53721	17.889286436743433	0.09305440378831663	F	NaN	NaN	NaN
	53722	17.9764195821588	0.10172907348054991	F	NaN	NaN	NaN
	53723	18.063552727574166	0.11153386026819467	F	NaN	NaN	NaN
	53724	18.150685872989534	0.12226105458508024	F	NaN	NaN	NaN
	53725	18.237819018404902	0.13367621031431348	F	NaN	NaN	NaN
	53726	18.32495216382027	0.14559093326599257	F	NaN	NaN	NaN
	53727	18.41969029850757	0.12717825954633594	F	NaN	NaN	NaN
	53728	18.522568763326525	0.18094584302869712	F	NaN	NaN	NaN
	53729	18.579330956239932	0.18304302336844547	F	NaN	NaN	NaN
	53730	18.606235332252844	0.14009871524662995	F	NaN	NaN	NaN
	53731	18.633139708265755	0.153381268430523	F	NaN	NaN	NaN
	53732	18.642698951572658	0.16350541873661695	F	NaN	NaN	NaN
	53733	18.636375104010668	0.14081465930812498	F	NaN	NaN	NaN
	53734	18.630051256448674	0.12820612559832878	F	NaN	NaN	NaN
	53735	18.62372740888668	0.12839527222536262	F	NaN	NaN	NaN
	53736	18.61740356132469	0.14138509816687198	F	NaN	NaN	NaN
	53737	18.6110797137627	0.1643467236243542	F	NaN	NaN	NaN
	53738	18.655213020127693	0.16006644202947973	F	NaN	NaN	NaN
	53739	18.680317260451872	0.14977078306220826	F	NaN	NaN	NaN
	53740	18.70482124967697	0.14056531640096367	F	NaN	NaN	NaN
	53741	18.728741152806258	0.13278314118382256	F	NaN	NaN	NaN
	53742	18.752093134842994	0.12536341140678137	F	NaN	NaN	NaN
	53743	18.77486985284466	0.11942906492711985	F	NaN	NaN	NaN
	53744	18.797112044132266	0.11473462726481375	F	NaN	NaN	NaN
	53745	18.818836124841418	0.11041630928575832	F	NaN	NaN	NaN
	53746	18.840058259975383	0.10772424395856153	F	NaN	NaN	NaN
	53747	18.860783836289475	0.10530302386679288	F	NaN	NaN	NaN
	53748	18.881030282722456	0.10393717812837086	F	NaN	NaN	NaN
	53749	18.900824067921885	0.10325796826366324	F	NaN	NaN	NaN
	53750	18.92018137322609	0.10260473844073735	F	NaN	NaN	NaN
	53751	18.93911837997337	0.10258031524250263	F	NaN	NaN	NaN
	53752	18.957651269502065	0.10150936580420877	F	NaN	NaN	NaN
	53753	18.975785539226475	0.10196840252746897	F	NaN	NaN	NaN
	53754	18.99354194077412	0.10405441048431693	F	NaN	NaN	NaN
	53755	19.01094453550203	0.10597231939548875	F	NaN	NaN	NaN
	53756	19.028009504748525	0.10581496278274308	F	NaN	NaN	NaN
	53757	19.044753029851915	0.10553733322307651	F	NaN	NaN	NaN
	53758	19.061190434754973	0.10716129707780678	F	NaN	NaN	NaN
	53759	19.07733256899479	0.10806020904904029	F	NaN	NaN	NaN
	53760	19.093201628174782	0.10897823203360205	F	NaN	NaN	NaN
	53761	19.108814028714985	0.10937712039161586	F	NaN	NaN	NaN
	53762	19.124185723549093	0.11010292474170508	F	NaN	NaN	NaN
	53763	19.13932968661552	0.11052282208234868	F	NaN	NaN	NaN
	53764	19.15426699145355	0.1105445033716831	F	NaN	NaN	NaN
	53765	19.168395014914168	0.11164487731670969	F	NaN	NaN	NaN
	53766	19.180321249953675	0.11106271783302092	F	NaN	NaN	NaN
	53767	19.193693840846556	0.11143267864868187	F	NaN	NaN	NaN
	53768	19.20574212746965	0.11031077273319645	F	NaN	NaN	NaN
	53769	19.21589151829746	0.11085493309098012	F	NaN	NaN	NaN
	53770	19.22459457705794	0.11214651874822823	F	NaN	NaN	NaN
	53771	19.232249589538558	0.11499338791796747	F	NaN	NaN	NaN
	53772	19.23925155077767	0.12042194538282966	F	NaN	NaN	NaN
	53773	19.245999854189957	0.12713452241726692	F	NaN	NaN	NaN
	53774	19.252916270237524	0.13548255887140542	F	NaN	NaN	NaN
	53775	19.26039895052715	0.14535475669677828	F	NaN	NaN	NaN
	53776	19.268842890097183	0.15473397485447168	F	NaN	NaN	NaN
	53777	19.27868146021025	0.16356610351777562	F	NaN	NaN	NaN
	53778	19.29029152479101	0.16968354359857	F	NaN	NaN	NaN
	53779	19.30411890803669	0.17263411415268953	F	NaN	NaN	NaN
	53780	19.32016090072054	0.17440614167624918	F	NaN	NaN	NaN
	53781	19.33701127130973	0.17716471645648896	F	NaN	NaN	NaN
	53782	19.354506283404046	0.17812794507221574	F	NaN	NaN	NaN
	53783	19.372639499000076	0.17873907612561024	F	NaN	NaN	NaN
	53784	19.3914044800944	0.1782526661264026	F	NaN	NaN	NaN
	53785	19.41080601996026	0.1789052408011939	F	NaN	NaN	NaN
	53786	19.430828184222978	0.17999219741754324	F	NaN	NaN	NaN
	53787	19.45145313576652	0.1800787133737633	F	NaN	NaN	NaN
	53788	19.472694098276904	0.1797056898716135	F	NaN	NaN	NaN
	53789	19.494767732868073	0.18015662264859417	F	NaN	NaN	NaN
	53790	19.51865903687354	0.1796075930480971	F	NaN	NaN	NaN
	53791	19.544213035578753	0.1799027381956655	F	NaN	NaN	NaN
	53792	19.571016630507817	0.18156070080384773	F	NaN	NaN	NaN
	53793	19.59871034863416	0.1854290890413148	F	NaN	NaN	NaN
	53794	19.62689613404843	0.19123414194270852	F	NaN	NaN	NaN
	53795	19.655193512717567	0.19650738637724346	F	NaN	NaN	NaN
	53796	19.683216013722962	0.2028967857388328	F	NaN	NaN	NaN
	53797	19.710582435829547	0.20895963602281892	F	NaN	NaN	NaN
	53798	19.736902342403415	0.2187130694942917	F	NaN	NaN	NaN
	53799	19.76225902705468	0.22986304471074037	F	NaN	NaN	NaN
	53800	19.78786619223823	0.24131698643122151	F	NaN	NaN	NaN
	53801	19.813040578032304	0.25251005678379546	F	NaN	NaN	NaN
	53802	19.836911802080415	0.26361005147978284	F	NaN	NaN	NaN
	53803	19.858608079781213	0.2722490175555429	F	NaN	NaN	NaN
	53804	19.877713882319203	0.2782791186311961	F	NaN	NaN	NaN
	53805	19.896063879379014	0.2857841860989388	F	NaN	NaN	NaN
	53806	19.913951740520176	0.2918969177011646	F	NaN	NaN	NaN
	53807	19.931377728267794	0.2994382809273902	F	NaN	NaN	NaN
	53808	19.948250007669994	0.3034453493772524	F	NaN	NaN	NaN
	53809	19.96478075979706	0.30818240240857686	F	NaN	NaN	NaN
	53810	19.980892335725127	0.31291534664345877	F	NaN	NaN	NaN
	53811	19.996434093872857	0.31611668512003527	F	NaN	NaN	NaN
	53812	20.01153676307446	0.3194169762219531	F	NaN	NaN	NaN
	53813	20.02622273699988	0.32162065949576074	F	NaN	NaN	NaN
	53814	20.04049257744688	0.3224803967356815	F	NaN	NaN	NaN
	53815	20.054267530600765	0.32351921271578543	F	NaN	NaN	NaN
	53816	20.067535579023726	0.3240933474553005	F	NaN	NaN	NaN
	53817	20.080389974891077	0.3243553757696873	F	NaN	NaN	NaN
	53818	20.092831280000585	0.3243616492268923	F	NaN	NaN	NaN
	53819	20.104851644106184	0.3241701747227981	F	NaN	NaN	NaN
	53820	20.11629827189408	0.3229887633368257	F	NaN	NaN	NaN
	53821	20.127334289846946	0.3218477376754523	F	NaN	NaN	NaN
	53822	20.137960259762533	0.3208609839521797	F	NaN	NaN	NaN
	53823	20.148176743438608	0.32021100857722407	F	NaN	NaN	NaN
	53824	20.15787665806182	0.3207493390646915	F	NaN	NaN	NaN
	53825	20.167107498243762	0.3225987571461369	F	NaN	NaN	NaN
	53826	20.17593133310901	0.32488256010805594	F	NaN	NaN	NaN
	53827	20.184348724455322	0.32740557954821803	F	NaN	NaN	NaN
	53828	20.192322553903225	0.3303234654136336	F	NaN	NaN	NaN
	53829	20.19976141645783	0.33389630297198203	F	NaN	NaN	NaN
	53830	20.206796316416312	0.3402801138497402	F	NaN	NaN	NaN
	53831	20.21342781557643	0.34891768234982856	F	NaN	NaN	NaN
	53832	20.21965647573595	0.35894612758645583	F	NaN	NaN	NaN
	53833	20.225347860865426	0.37014515325367564	F	NaN	NaN	NaN
	53834	20.23069626003474	0.3813903526518696	F	NaN	NaN	NaN
	53835	20.235547567089583	0.39523232714867723	F	NaN	NaN	NaN
	53836	20.23996608437982	0.41090283817032636	F	NaN	NaN	NaN
	53837	20.243944657086985	0.4283688157710315	F	NaN	NaN	NaN
	53838	20.247475215525075	0.45028531937086247	F	NaN	NaN	NaN
	53839	20.25056547886328	0.47129387025600483	F	NaN	NaN	NaN
	53840	20.25321201653929	0.4947412111605674	F	NaN	NaN	NaN
	53841	20.255407899430526	0.5200245093359086	F	NaN	NaN	NaN

# FILTER r
#        MJD  MAG  MAGERR  Upperlimit  Instrument  Telescope  Source
	53700	16.131579808580682	0.042427802532194595	F	NaN	NaN	NaN
	53701	16.11680748714181	0.03624538992919285	F	NaN	NaN	NaN
	53702	16.10638307937631	0.030843084959118028	F	NaN	NaN	NaN
	53703	16.10035179032036	0.0266540264670755	F	NaN	NaN	NaN
	53704	16.098750684406856	0.023369801001688527	F	NaN	NaN	NaN
	53705	16.101717442298398	0.021562213067407923	F	NaN	NaN	NaN
	53706	16.109357798408578	0.020771255098213995	F	NaN	NaN	NaN
	53707	16.120855262539024	0.020960792125989513	F	NaN	NaN	NaN
	53708	16.13848656908634	0.02167475413439247	F	NaN	NaN	NaN
	53709	16.162050515751258	0.022844454886867854	F	NaN	NaN	NaN
	53710	16.190551235864614	0.02441966871454209	F	NaN	NaN	NaN
	53711	16.2232894305935	0.026989282890326385	F	NaN	NaN	NaN
	53712	16.259313083566028	0.029638016779169905	F	NaN	NaN	NaN
	53713	16.29778533420174	0.032550828627341294	F	NaN	NaN	NaN
	53714	16.337880473460594	0.034699261746821024	F	NaN	NaN	NaN
	53715	16.379484847480526	0.036161234248132196	F	NaN	NaN	NaN
	53716	16.42530666648888	0.03660534659020425	F	NaN	NaN	NaN
	53717	16.474919999868497	0.036064757968695765	F	NaN	NaN	NaN
	53718	16.52783861646762	0.03501853392011665	F	NaN	NaN	NaN
	53719	16.58340097385439	0.03330090372789925	F	NaN	NaN	NaN
	53720	16.640741433139958	0.03165632360498588	F	NaN	NaN	NaN
	53721	16.699280820303976	0.029877144900978217	F	NaN	NaN	NaN
	53722	16.758271990073084	0.028386738424138976	F	NaN	NaN	NaN
	53723	16.81702784926853	0.02735113281779142	F	NaN	NaN	NaN
	53724	16.874836656962103	0.02657655574746174	F	NaN	NaN	NaN
	53725	16.93094491311747	0.02694960852981404	F	NaN	NaN	NaN
	53726	16.984804446226715	0.02693632344883557	F	NaN	NaN	NaN
	53727	17.035637366656847	0.027249479948434283	F	NaN	NaN	NaN
	53728	17.082643483699673	0.02780587090871714	F	NaN	NaN	NaN
	53729	17.126016296611233	0.027425878952490775	F	NaN	NaN	NaN
	53730	17.167627865694506	0.02712223356966894	F	NaN	NaN	NaN
	53731	17.2077671493344	0.026847420176262664	F	NaN	NaN	NaN
	53732	17.246153105354484	0.026440472497590635	F	NaN	NaN	NaN
	53733	17.282577054298194	0.025988538049262898	F	NaN	NaN	NaN
	53734	17.317230400288455	0.02563526160019218	F	NaN	NaN	NaN
	53735	17.350144263918292	0.025580179198589462	F	NaN	NaN	NaN
	53736	17.38145073375518	0.02627199840436803	F	NaN	NaN	NaN
	53737	17.411383606899182	0.02795883523684939	F	NaN	NaN	NaN
	53738	17.43999034326688	0.030136058803828678	F	NaN	NaN	NaN
	53739	17.467422548221602	0.03303705551041709	F	NaN	NaN	NaN
	53740	17.493878162744014	0.036457158352696105	F	NaN	NaN	NaN
	53741	17.519426125394993	0.03953770069854883	F	NaN	NaN	NaN
	53742	17.544227279692212	0.04211621924620687	F	NaN	NaN	NaN
	53743	17.5684488498177	0.04446655199621815	F	NaN	NaN	NaN
	53744	17.592196341535967	0.04568303429089374	F	NaN	NaN	NaN
	53745	17.61560801720636	0.04608492785799761	F	NaN	NaN	NaN
	53746	17.638581658486256	0.045492195514358624	F	NaN	NaN	NaN
	53747	17.660942714162843	0.04522276855343802	F	NaN	NaN	NaN
	53748	17.68315750335715	0.044245129440707645	F	NaN	NaN	NaN
	53749	17.70507506294138	0.04347589248641986	F	NaN	NaN	NaN
	53750	17.72665541175828	0.04277819175093728	F	NaN	NaN	NaN
	53751	17.747858568650614	0.042228995607559605	F	NaN	NaN	NaN
	53752	17.768644552461154	0.04185455951075287	F	NaN	NaN	NaN
	53753	17.788958329334147	0.04264659446786115	F	NaN	NaN	NaN
	53754	17.808761809655095	0.04348193089393271	F	NaN	NaN	NaN
	53755	17.8280238090077	0.04506694096310286	F	NaN	NaN	NaN
	53756	17.84670434623472	0.04692427851417955	F	NaN	NaN	NaN
	53757	17.864763440178912	0.048866336476946784	F	NaN	NaN	NaN
	53758	17.882158784159046	0.05000790739995098	F	NaN	NaN	NaN
	53759	17.898835013829633	0.050751002450826366	F	NaN	NaN	NaN
	53760	17.914764038758307	0.0511653523130149	F	NaN	NaN	NaN
	53761	17.929905299309485	0.05106798071357371	F	NaN	NaN	NaN
	53762	17.94421561148906	0.04994980142002044	F	NaN	NaN	NaN
	53763	17.95763992383336	0.04790618605026165	F	NaN	NaN	NaN
	53764	17.970152931795237	0.044770911996648795	F	NaN	NaN	NaN
	53765	17.981477654600155	0.04210011491763632	F	NaN	NaN	NaN
	53766	17.990537182085472	0.04100428989704365	F	NaN	NaN	NaN
	53767	17.992745991398944	0.050468922755258216	F	NaN	NaN	NaN
	53768	17.99330959004429	0.07270943384618617	F	NaN	NaN	NaN
	53769	17.998029476750546	0.09038344822068226	F	NaN	NaN	NaN
	53770	18.005613577960467	0.0982631397252702	F	NaN	NaN	NaN
	53771	18.01526078442777	0.0991125022121764	F	NaN	NaN	NaN
	53772	18.02665063711704	0.09444431235046191	F	NaN	NaN	NaN
	53773	18.039500237133723	0.08617066759527066	F	NaN	NaN	NaN
	53774	18.05344307988317	0.07774572611995843	F	NaN	NaN	NaN
	53775	18.068139208448606	0.07044659346959636	F	NaN	NaN	NaN
	53776	18.083268163794614	0.06630984230091813	F	NaN	NaN	NaN
	53777	18.098504667843926	0.0642393207645283	F	NaN	NaN	NaN
	53778	18.113520033702237	0.06302748506796754	F	NaN	NaN	NaN
	53779	18.128456199037817	0.05987470666728976	F	NaN	NaN	NaN
	53780	18.14406760160921	0.05778903781786949	F	NaN	NaN	NaN
	53781	18.160504936116254	0.057201941473315004	F	NaN	NaN	NaN
	53782	18.178332423567074	0.056954902695827966	F	NaN	NaN	NaN
	53783	18.199551444193435	0.05982298681228826	F	NaN	NaN	NaN
	53784	18.222631388067928	0.06866825079386518	F	NaN	NaN	NaN
	53785	18.24558462542845	0.07865952773407338	F	NaN	NaN	NaN
	53786	18.266423526512924	0.0860865805185028	F	NaN	NaN	NaN
	53787	18.283182906891216	0.08938430929958131	F	NaN	NaN	NaN
	53788	18.295317265294546	0.09639456268260668	F	NaN	NaN	NaN
	53789	18.308201100842204	0.11008747519409608	F	NaN	NaN	NaN
	53790	18.322269225915658	0.12283763254325528	F	NaN	NaN	NaN
	53791	18.3372991291341	0.1342983745802287	F	NaN	NaN	NaN
	53792	18.353019170689834	0.14603251808159326	F	NaN	NaN	NaN
	53793	18.369180519079897	0.15822721351264799	F	NaN	NaN	NaN
	53794	18.3855203649673	0.1640647912585999	F	NaN	NaN	NaN
	53795	18.401779502840757	0.16301654090913922	F	NaN	NaN	NaN
	53796	18.41770704090921	0.1524275185991239	F	NaN	NaN	NaN
	53797	18.433178290698443	0.1332575164453864	F	NaN	NaN	NaN
	53798	18.449167649067334	0.12578103623131912	F	NaN	NaN	NaN
	53799	18.46824185905039	0.13092351467186153	F	NaN	NaN	NaN
	53800	18.48946731713138	0.14454063741262346	F	NaN	NaN	NaN
	53801	18.511513951616603	0.16568597634249566	F	NaN	NaN	NaN
	53802	18.53485318214982	0.19731375072090926	F	NaN	NaN	NaN
	53803	18.559238464499547	0.23534206497129434	F	NaN	NaN	NaN
	53804	18.584429920885825	0.27762302538183176	F	NaN	NaN	NaN
	53805	18.610167228939172	0.32339692040370466	F	NaN	NaN	NaN
	53806	18.636206496770605	0.37129081102468187	F	NaN	NaN	NaN
	53807	18.662308791568915	0.41723103065869527	F	NaN	NaN	NaN
	53808	18.688222331948207	0.45860801208335833	F	NaN	NaN	NaN
	53809	18.713697099296258	0.49554149750998155	F	NaN	NaN	NaN
	53810	18.738497328710537	0.5277955372860521	F	NaN	NaN	NaN
	53811	18.762384087379825	0.5526529601773762	F	NaN	NaN	NaN
	53812	18.785091715188624	0.5685507107738053	F	NaN	NaN	NaN
	53813	18.806466030263305	0.5766463638547261	F	NaN	NaN	NaN
	53814	18.826955187451397	0.5774175234392662	F	NaN	NaN	NaN
	53815	18.846577662641774	0.5695010202362192	F	NaN	NaN	NaN
	53816	18.865489011525163	0.5614485128484126	F	NaN	NaN	NaN
	53817	18.88369894014139	0.5481596851122654	F	NaN	NaN	NaN
	53818	18.901240313568593	0.5352493842705502	F	NaN	NaN	NaN
	53819	18.91824800256809	0.5225390305590623	F	NaN	NaN	NaN
	53820	18.934745561628997	0.5072210779217912	F	NaN	NaN	NaN
	53821	18.950773488140538	0.49277983908554124	F	NaN	NaN	NaN
	53822	18.966445172103644	0.47843001419097064	F	NaN	NaN	NaN
	53823	18.98179722062579	0.46639913985615034	F	NaN	NaN	NaN
	53824	18.996879355069158	0.4585427842731675	F	NaN	NaN	NaN
	53825	19.01178268884338	0.4531683479570374	F	NaN	NaN	NaN
	53826	19.026556085843314	0.44866142103728557	F	NaN	NaN	NaN
	53827	19.041260083066017	0.4489549266749766	F	NaN	NaN	NaN
	53828	19.055960874695103	0.45412199973365	F	NaN	NaN	NaN
	53829	19.070722367268086	0.45537738593388966	F	NaN	NaN	NaN
	53830	19.08560745738853	0.45750380542470215	F	NaN	NaN	NaN
	53831	19.100679058438676	0.46045883891390726	F	NaN	NaN	NaN
	53832	19.11600008380078	0.4603298176838627	F	NaN	NaN	NaN
	53833	19.13163344685709	0.4609891500503606	F	NaN	NaN	NaN
	53834	19.14764206098985	0.46174097971111006	F	NaN	NaN	NaN
	53835	19.16401833450548	0.45968025486791075	F	NaN	NaN	NaN
	53836	19.180631630354124	0.45773347230467876	F	NaN	NaN	NaN
	53837	19.197482353929956	0.4556365848896381	F	NaN	NaN	NaN
	53838	19.214574560508538	0.45302922303239035	F	NaN	NaN	NaN
	53839	19.231915591027853	0.4512951606555864	F	NaN	NaN	NaN
	53840	19.249512786425875	0.45223322702654584	F	NaN	NaN	NaN
	53841	19.267373487640594	0.4544506563972718	F	NaN	NaN	NaN
	53842	19.285509450592464	0.4590382008161349	F	NaN	NaN	NaN
	53843	19.303927788994535	0.46731794079870104	F	NaN	NaN	NaN
	53844	19.32263623759661	0.4768656524028025	F	NaN	NaN	NaN
	53845	19.341627622090453	0.48327487949440606	F	NaN	NaN	NaN
	53846	19.360908615319214	0.4922336593669083	F	NaN	NaN	NaN
	53847	19.38051127239497	0.5109423708952902	F	NaN	NaN	NaN
	53848	19.400442114248996	0.5337947851760589	F	NaN	NaN	NaN
	53849	19.420684445567346	0.559022284658374	F	NaN	NaN	NaN
	53850	19.44124493919318	0.5863732758781904	F	NaN	NaN	NaN
	53851	19.462149078157097	0.6213019991508086	F	NaN	NaN	NaN
	53852	19.48342102790999	0.6595158525410707	F	NaN	NaN	NaN
	53853	19.50503302069977	0.7011855496929817	F	NaN	NaN	NaN
	53854	19.52699172936958	0.7528941467088168	F	NaN	NaN	NaN
	53855	19.549314513436162	0.8037949775733693	F	NaN	NaN	NaN
	53856	19.57204628573483	0.8569092596320262	F	NaN	NaN	NaN
	53857	19.59514665464294	0.9134566573723162	F	NaN	NaN	NaN

# FILTER i
#        MJD  MAG  MAGERR  Upperlimit  Instrument  Telescope  Source
	53700	15.407397107676346	0.040073391136229555	F	NaN	NaN	NaN
	53701	15.402934628271574	0.035180044462206295	F	NaN	NaN	NaN
	53702	15.400689155599688	0.030895881566219127	F	NaN	NaN	NaN
	53703	15.400846394765361	0.027560939742120025	F	NaN	NaN	NaN
	53704	15.403585779363603	0.02521728777919987	F	NaN	NaN	NaN
	53705	15.409074825618047	0.02318873661346625	F	NaN	NaN	NaN
	53706	15.417121022516243	0.022423413603045738	F	NaN	NaN	NaN
	53707	15.42730132097663	0.022276949735560023	F	NaN	NaN	NaN
	53708	15.440449450455208	0.022383589529542457	F	NaN	NaN	NaN
	53709	15.456507341156819	0.023248961461396205	F	NaN	NaN	NaN
	53710	15.475091411212944	0.024478843342804243	F	NaN	NaN	NaN
	53711	15.495969098925773	0.025681405034079216	F	NaN	NaN	NaN
	53712	15.518778143329472	0.02640868277634993	F	NaN	NaN	NaN
	53713	15.543211999247362	0.027198646589026487	F	NaN	NaN	NaN
	53714	15.56898510057746	0.02807603294527648	F	NaN	NaN	NaN
	53715	15.596621486804928	0.02876499731181227	F	NaN	NaN	NaN
	53716	15.62948657869812	0.028679003075262423	F	NaN	NaN	NaN
	53717	15.667004651316642	0.028630742624396147	F	NaN	NaN	NaN
	53718	15.708547199431754	0.028197228249987667	F	NaN	NaN	NaN
	53719	15.753251745662928	0.027424343621758086	F	NaN	NaN	NaN
	53720	15.800031805526435	0.026791087469513836	F	NaN	NaN	NaN
	53721	15.84813463532266	0.026368188769170214	F	NaN	NaN	NaN
	53722	15.896598688897669	0.026082629459548853	F	NaN	NaN	NaN
	53723	15.944560789012025	0.026011203503490336	F	NaN	NaN	NaN
	53724	15.991093228838109	0.025998195167793333	F	NaN	NaN	NaN
	53725	16.035236842762803	0.026093983998841375	F	NaN	NaN	NaN
	53726	16.076301036133867	0.025835361659208144	F	NaN	NaN	NaN
	53727	16.114120986507295	0.025051133491565097	F	NaN	NaN	NaN
	53728	16.153051418926033	0.02398915624533606	F	NaN	NaN	NaN
	53729	16.192976087110345	0.02333150890557629	F	NaN	NaN	NaN
	53730	16.23267504537299	0.022639080360409767	F	NaN	NaN	NaN
	53731	16.27093753390884	0.022336792935336757	F	NaN	NaN	NaN
	53732	16.307010281555147	0.021914295755576074	F	NaN	NaN	NaN
	53733	16.342253558289496	0.021213964494927642	F	NaN	NaN	NaN
	53734	16.37687423	0.020713475128797003	F	NaN	NaN	NaN
	53735	16.410873683542114	0.020677772099782436	F	NaN	NaN	NaN
	53736	16.44423613533437	0.02095104899327308	F	NaN	NaN	NaN
	53737	16.47693261507876	0.021947838865224886	F	NaN	NaN	NaN
	53738	16.508966289777263	0.023373689267514656	F	NaN	NaN	NaN
	53739	16.540323186833948	0.025243960057891805	F	NaN	NaN	NaN
	53740	16.57096956940546	0.027247949768439483	F	NaN	NaN	NaN
	53741	16.600911308153478	0.029048774662534627	F	NaN	NaN	NaN
	53742	16.63013480700285	0.03046006700860241	F	NaN	NaN	NaN
	53743	16.65860848907899	0.031352617825643275	F	NaN	NaN	NaN
	53744	16.685994425883763	0.031790565503412194	F	NaN	NaN	NaN
	53745	16.711368301295156	0.03251604955600365	F	NaN	NaN	NaN
	53746	16.73736710920593	0.032963141538820635	F	NaN	NaN	NaN
	53747	16.76296935641826	0.03280959319272771	F	NaN	NaN	NaN
	53748	16.78780326302389	0.032729585798201344	F	NaN	NaN	NaN
	53749	16.81190472035351	0.03314588741032377	F	NaN	NaN	NaN
	53750	16.83530350960841	0.03512549769287211	F	NaN	NaN	NaN
	53751	16.85802941198989	0.0378443293803794	F	NaN	NaN	NaN
	53752	16.880112208699245	0.04135087142914493	F	NaN	NaN	NaN
	53753	16.901563655722807	0.04520157387250214	F	NaN	NaN	NaN
	53754	16.92242370237342	0.04897910617849397	F	NaN	NaN	NaN
	53755	16.94273323792514	0.051445549276842945	F	NaN	NaN	NaN
	53756	16.962522043579263	0.05318291371346426	F	NaN	NaN	NaN
	53757	16.981819900537083	0.053390233414834384	F	NaN	NaN	NaN
	53758	17.00043169723218	0.05190239613366549	F	NaN	NaN	NaN
	53759	17.017664709229642	0.04799996351386317	F	NaN	NaN	NaN
	53760	17.033786416278446	0.04240430936272696	F	NaN	NaN	NaN
	53761	17.049184134208733	0.03701374550793682	F	NaN	NaN	NaN
	53762	17.064245401929035	0.032199116064116406	F	NaN	NaN	NaN
	53763	17.079368763171534	0.028758056292822243	F	NaN	NaN	NaN
	53764	17.094947804845415	0.02757273896640454	F	NaN	NaN	NaN
	53765	17.11128043985056	0.027324111796751836	F	NaN	NaN	NaN
	53766	17.12821838600617	0.027734444829445138	F	NaN	NaN	NaN
	53767	17.145619649378542	0.028019783125329187	F	NaN	NaN	NaN
	53768	17.162964317503064	0.02853644147223676	F	NaN	NaN	NaN
	53769	17.180350919592737	0.03024001779843638	F	NaN	NaN	NaN
	53770	17.19798979754268	0.03445855558229147	F	NaN	NaN	NaN
	53771	17.216116881071805	0.04112823856078837	F	NaN	NaN	NaN
	53772	17.234928955615388	0.04839415234938231	F	NaN	NaN	NaN
	53773	17.25467971796179	0.05403602531719278	F	NaN	NaN	NaN
	53774	17.275547189444012	0.056663006012307934	F	NaN	NaN	NaN
	53775	17.297804711392143	0.05457628378408592	F	NaN	NaN	NaN
	53776	17.321609780158003	0.0477238858309903	F	NaN	NaN	NaN
	53777	17.349402736675337	0.03633375377262403	F	NaN	NaN	NaN
	53778	17.373498412441744	0.034498670387114336	F	NaN	NaN	NaN
	53779	17.393212027749385	0.03598707426631333	F	NaN	NaN	NaN
	53780	17.41262509293218	0.03978595789118186	F	NaN	NaN	NaN
	53781	17.43357942036514	0.046915890996851936	F	NaN	NaN	NaN
	53782	17.45092178473478	0.054859425402138645	F	NaN	NaN	NaN
	53783	17.464170890987848	0.06729599363122962	F	NaN	NaN	NaN
	53784	17.474997780606234	0.08408768206753925	F	NaN	NaN	NaN
	53785	17.48505298379735	0.10212982647923438	F	NaN	NaN	NaN
	53786	17.49598703076861	0.11835349246632104	F	NaN	NaN	NaN
	53787	17.509435599354372	0.12842539993543942	F	NaN	NaN	NaN
	53788	17.52570393705418	0.1330044856519463	F	NaN	NaN	NaN
	53789	17.542702428323643	0.13435422149543977	F	NaN	NaN	NaN
	53790	17.56151857350158	0.12687638571698312	F	NaN	NaN	NaN
	53791	17.581584069861456	0.1141519483864349	F	NaN	NaN	NaN
	53792	17.60241254738378	0.09916537463422914	F	NaN	NaN	NaN
	53793	17.62355181882427	0.08873685515273154	F	NaN	NaN	NaN
	53794	17.644531090028984	0.08295121107235252	F	NaN	NaN	NaN
	53795	17.664896660113335	0.0804152443091247	F	NaN	NaN	NaN
	53796	17.684166828412362	0.07992256597977723	F	NaN	NaN	NaN
	53797	17.70198914994947	0.07730710199798749	F	NaN	NaN	NaN
	53798	17.71968538976512	0.07578733439430702	F	NaN	NaN	NaN
	53799	17.737447519516564	0.07632109129709416	F	NaN	NaN	NaN
	53800	17.75462452750491	0.08125375213187302	F	NaN	NaN	NaN
	53801	17.769409987239374	0.0924654089785917	F	NaN	NaN	NaN
	53802	17.783504134980465	0.11558625676509171	F	NaN	NaN	NaN
	53803	17.799038404760477	0.13773671312988747	F	NaN	NaN	NaN
	53804	17.817463294448856	0.1522410881627536	F	NaN	NaN	NaN
	53805	17.836568044859384	0.16907347628843827	F	NaN	NaN	NaN
	53806	17.85611233956365	0.18460979438890704	F	NaN	NaN	NaN
	53807	17.87629839985232	0.1976284244822442	F	NaN	NaN	NaN
	53808	17.897605349935322	0.20206711919197767	F	NaN	NaN	NaN
	53809	17.920740989014405	0.2051046468865012	F	NaN	NaN	NaN
	53810	17.94546937901047	0.20647500688388265	F	NaN	NaN	NaN
	53811	17.971291660360173	0.21405792699235293	F	NaN	NaN	NaN
	53812	17.997792791463468	0.22112797961368874	F	NaN	NaN	NaN
	53813	18.02455773072026	0.23241601695862452	F	NaN	NaN	NaN
	53814	18.051171436530492	0.24098528344732983	F	NaN	NaN	NaN
	53815	18.077184185277023	0.25301818824636946	F	NaN	NaN	NaN
	53816	18.102153168524612	0.2643333653046097	F	NaN	NaN	NaN
	53817	18.125675268068257	0.27271254494220093	F	NaN	NaN	NaN
	53818	18.14733544230788	0.2754701519212273	F	NaN	NaN	NaN
	53819	18.167237880393944	0.2730598889780286	F	NaN	NaN	NaN
	53820	18.186590384630037	0.2659042573645548	F	NaN	NaN	NaN
	53821	18.2055299714995	0.2556732827224799	F	NaN	NaN	NaN
	53822	18.22398060894486	0.24466729108153312	F	NaN	NaN	NaN
	53823	18.241853525932907	0.23622047848092673	F	NaN	NaN	NaN
	53824	18.259094202926036	0.22984909489874517	F	NaN	NaN	NaN
	53825	18.275631397900852	0.22648253267248056	F	NaN	NaN	NaN
	53826	18.291393868833985	0.2226172418949714	F	NaN	NaN	NaN
	53827	18.306297188102835	0.21814556092831638	F	NaN	NaN	NaN
	53828	18.320042227367452	0.20940093454530884	F	NaN	NaN	NaN
	53829	18.33195758111774	0.19989954128671794	F	NaN	NaN	NaN
	53830	18.342867368951726	0.19201367472329314	F	NaN	NaN	NaN
	53831	18.3537515668161	0.1866191215331509	F	NaN	NaN	NaN
	53832	18.36558176020663	0.18426135622645018	F	NaN	NaN	NaN
	53833	18.379328729027623	0.18432956034723524	F	NaN	NaN	NaN
	53834	18.3947819750607	0.1844266930913944	F	NaN	NaN	NaN
	53835	18.4107636772749	0.18538306634808918	F	NaN	NaN	NaN
	53836	18.426917737374055	0.1867236531257998	F	NaN	NaN	NaN
	53837	18.443190427867936	0.18909240803323665	F	NaN	NaN	NaN
	53838	18.45958181422293	0.19164525770155438	F	NaN	NaN	NaN
	53839	18.47609351894032	0.19416392233685315	F	NaN	NaN	NaN
	53840	18.49272716452139	0.19876947761532698	F	NaN	NaN	NaN
	53841	18.509484373467423	0.2037018346599041	F	NaN	NaN	NaN
	53842	18.526368908610603	0.2098056675387307	F	NaN	NaN	NaN
	53843	18.543381781974194	0.21755654393034005	F	NaN	NaN	NaN
	53844	18.56052525530267	0.22406426754368336	F	NaN	NaN	NaN
	53845	18.57779429245256	0.23249867177332262	F	NaN	NaN	NaN
	53846	18.595190368192938	0.2423710157468563	F	NaN	NaN	NaN
	53847	18.612725622363065	0.254938013024604	F	NaN	NaN	NaN
	53848	18.630401605212157	0.26834460471878285	F	NaN	NaN	NaN
	53849	18.64820946252495	0.28325897610235906	F	NaN	NaN	NaN
	53850	18.666150669070536	0.3012681605772217	F	NaN	NaN	NaN
	53851	18.684234198359892	0.3207380561433011	F	NaN	NaN	NaN
	53852	18.702468927925324	0.3411818266070644	F	NaN	NaN	NaN
	53853	18.72084184259674	0.36239859481406383	F	NaN	NaN	NaN
	53854	18.739354417143247	0.38672155569645683	F	NaN	NaN	NaN
	53855	18.758012115864545	0.4140045846693585	F	NaN	NaN	NaN
	53856	18.77683182934202	0.4422530019744758	F	NaN	NaN	NaN
	53857	18.795796038567783	0.4727338552950308	F	NaN	NaN	NaN

# FILTER B
#        MJD  MAG  MAGERR  Upperlimit  Instrument  Telescope  Source
	53696	15.25805966407598	0.2760260108590924	F	NaN	NaN	NaN
	53697	16.574178992227935	0.32206058254763803	F	NaN	NaN	NaN
	53698	17.890298320379898	0.45703169316851844	F	NaN	NaN	NaN
	53699	19.206417648531854	0.6259168249860376	F	NaN	NaN	NaN
	53700	19.874568705547592	0.6686972488643704	F	NaN	NaN	NaN
	53701	19.922648364153574	0.5995469722280102	F	NaN	NaN	NaN
	53702	19.970728022759555	0.5639650458355405	F	NaN	NaN	NaN
	53703	20.018807681365534	0.5683577239721741	F	NaN	NaN	NaN
	53704	20.06688733997152	0.6124918650217244	F	NaN	NaN	NaN
	53705	20.1149669985775	0.6881459945550277	F	NaN	NaN	NaN
	53706	20.163046657183482	0.7863309931102911	F	NaN	NaN	NaN
	53707	20.216222865776857	0.7933277025424963	F	NaN	NaN	NaN
	53708	20.274898262402374	0.7024750605966338	F	NaN	NaN	NaN
	53709	20.333573659027888	0.636606521258855	F	NaN	NaN	NaN
	53710	20.392249055653405	0.6039407019261404	F	NaN	NaN	NaN
	53711	20.45092445227892	0.6099335842560595	F	NaN	NaN	NaN
	53712	20.509599848904433	0.6532611710717026	F	NaN	NaN	NaN
	53713	20.56827524552995	0.727662016629993	F	NaN	NaN	NaN
	53714	20.626950642155464	0.8244282926672317	F	NaN	NaN	NaN
	53715	20.652167882606545	0.8365369467784182	F	NaN	NaN	NaN
	53716	20.648768777980443	0.7723215679766646	F	NaN	NaN	NaN
	53717	20.645369673354345	0.7176735860020104	F	NaN	NaN	NaN
	53718	20.641970568728247	0.6753687262477439	F	NaN	NaN	NaN
	53719	20.638571464102146	0.648385676990398	F	NaN	NaN	NaN
	53720	20.635172359476048	0.6373630824774346	F	NaN	NaN	NaN
	53721	20.63177325484995	0.6440860737768356	F	NaN	NaN	NaN
	53722	20.62837415022385	0.668154137512075	F	NaN	NaN	NaN
	53723	20.62497504559775	0.706833773465412	F	NaN	NaN	NaN
	53724	20.621575940971653	0.7588187305397236	F	NaN	NaN	NaN
	53725	20.61817683634555	0.8213694521335354	F	NaN	NaN	NaN
	53726	20.614777731719453	0.891872208503875	F	NaN	NaN	NaN
	53727	20.6589509999999	0.7980249950134859	F	NaN	NaN	NaN
	53728	20.755284333333233	0.672651119105777	F	NaN	NaN	NaN
	53729	20.851617666666566	0.8213507138357334	F	NaN	NaN	NaN
	53730	20.931649977137006	0.8452202867958392	F	NaN	NaN	NaN
	53731	20.921029896851387	0.7898314167938141	F	NaN	NaN	NaN
	53732	20.910605768108475	0.7387894862053551	F	NaN	NaN	NaN
	53733	20.90035329520076	0.6900357596318804	F	NaN	NaN	NaN
	53734	20.890314404861307	0.6434634399855423	F	NaN	NaN	NaN
	53735	20.88045948052445	0.6025422932941916	F	NaN	NaN	NaN
	53736	20.870814628050095	0.5729715490403231	F	NaN	NaN	NaN
	53737	20.861377343619814	0.5501701981856209	F	NaN	NaN	NaN
	53738	20.85214517832943	0.5365131494317444	F	NaN	NaN	NaN
	53739	20.843145625141457	0.5285619974804114	F	NaN	NaN	NaN
	53740	20.834348824342367	0.5260546771387987	F	NaN	NaN	NaN
	53741	20.82580306574395	0.5231695631689189	F	NaN	NaN	NaN
	53742	20.817473177229523	0.5266106870729481	F	NaN	NaN	NaN
	53743	20.809388406081915	0.5312010689372731	F	NaN	NaN	NaN
	53744	20.801429986621983	0.5367151380357857	F	NaN	NaN	NaN
	53745	20.793344207309705	0.5444535909875352	F	NaN	NaN	NaN
	53746	20.78580241682223	0.5554102062167117	F	NaN	NaN	NaN
	53747	20.778144338383875	0.5623516153959178	F	NaN	NaN	NaN
	53748	20.770280518988184	0.5740824016364987	F	NaN	NaN	NaN
	53749	20.762305020587736	0.5819349163503711	F	NaN	NaN	NaN
	53750	20.75433214431983	0.5911905053460967	F	NaN	NaN	NaN
	53751	20.746463542754075	0.6007145065503456	F	NaN	NaN	NaN
	53752	20.73880389943811	0.6110101152489218	F	NaN	NaN	NaN
	53753	20.73148085332224	0.6194011833067977	F	NaN	NaN	NaN
	53754	20.72457209756801	0.6273121693682792	F	NaN	NaN	NaN
	53755	20.718184595409472	0.6345927338071599	F	NaN	NaN	NaN
	53756	20.712476007427224	0.6431760038497158	F	NaN	NaN	NaN
	53757	20.707491725466117	0.648563285890182	F	NaN	NaN	NaN
	53758	20.70332971645535	0.6517998394590533	F	NaN	NaN	NaN
	53759	20.699727228998125	0.6500905245989603	F	NaN	NaN	NaN
	53760	20.69668394971845	0.6457206429975326	F	NaN	NaN	NaN
	53761	20.694195887096082	0.63962988036506	F	NaN	NaN	NaN
	53762	20.692259049610794	0.631989394041904	F	NaN	NaN	NaN
	53763	20.69086944574233	0.6256842378291396	F	NaN	NaN	NaN
	53764	20.690023083970473	0.6177710807618343	F	NaN	NaN	NaN
	53765	20.68971597277497	0.6106644617068626	F	NaN	NaN	NaN
	53766	20.68995172293548	0.6096384135824631	F	NaN	NaN	NaN
	53767	20.690735236252085	0.6067387703660048	F	NaN	NaN	NaN
	53768	20.692045675962127	0.60644316675705	F	NaN	NaN	NaN
	53769	20.693879050545362	0.6081204509495466	F	NaN	NaN	NaN
	53770	20.69623136848155	0.6119356986564377	F	NaN	NaN	NaN
	53771	20.699098638250454	0.6172926011568765	F	NaN	NaN	NaN
	53772	20.702476868331836	0.6241068089841981	F	NaN	NaN	NaN
	53773	20.70636206720545	0.6307051602822875	F	NaN	NaN	NaN
	53774	20.71075024335107	0.6339648531751177	F	NaN	NaN	NaN
	53775	20.715637405248454	0.6355000534069277	F	NaN	NaN	NaN
	53776	20.721019561377364	0.6350891668491465	F	NaN	NaN	NaN
	53777	20.72684512069641	0.6306349354352221	F	NaN	NaN	NaN
	53778	20.73317135122566	0.6246910267987333	F	NaN	NaN	NaN
	53779	20.7398195288978	0.6172342773980742	F	NaN	NaN	NaN
	53780	20.746654582751393	0.6089209282923915	F	NaN	NaN	NaN
	53781	20.753541441825018	0.601658722892746	F	NaN	NaN	NaN
	53782	20.76034503515723	0.5920154005963875	F	NaN	NaN	NaN
	53783	20.766930291786608	0.5804151358139572	F	NaN	NaN	NaN
	53784	20.773162140751708	0.5721745546892973	F	NaN	NaN	NaN
	53785	20.778905511091104	0.5575229307324249	F	NaN	NaN	NaN
	53786	20.784025331843377	0.543993951453968	F	NaN	NaN	NaN
	53787	20.78869169343381	0.5353612600419018	F	NaN	NaN	NaN
	53788	20.79309989797148	0.5225786572388642	F	NaN	NaN	NaN
	53789	20.797305165062046	0.5050201810485186	F	NaN	NaN	NaN
	53790	20.801446379700614	0.49536720864950723	F	NaN	NaN	NaN
	53791	20.805479974541257	0.48191801835127407	F	NaN	NaN	NaN
	53792	20.809396973518055	0.4710297006574797	F	NaN	NaN	NaN
	53793	20.813139479144418	0.46191060867309874	F	NaN	NaN	NaN
	53794	20.816709719991344	0.45454643871833716	F	NaN	NaN	NaN
	53795	20.820046562998407	0.45400229651685653	F	NaN	NaN	NaN
	53796	20.823149843981557	0.46403707731635824	F	NaN	NaN	NaN
	53797	20.825964110230096	0.4776154309162766	F	NaN	NaN	NaN
	53798	20.828480229615558	0.49526409947944383	F	NaN	NaN	NaN
	53799	20.83065500496636	0.5236056960758819	F	NaN	NaN	NaN
	53800	20.832463761020225	0.5598329119520582	F	NaN	NaN	NaN
	53801	20.83486149271619	0.5961837049622529	F	NaN	NaN	NaN
	53802	20.841127345348077	0.6153850098661048	F	NaN	NaN	NaN
	53803	20.84780513235883	0.6322439684023943	F	NaN	NaN	NaN
	53804	20.851805893028807	0.6684375588141678	F	NaN	NaN	NaN
	53805	20.855524847523974	0.7029520168264117	F	NaN	NaN	NaN
	53806	20.85924380201914	0.7374664748386557	F	NaN	NaN	NaN
	53807	20.864010165243318	0.767611828721366	F	NaN	NaN	NaN
	53808	20.868973590396134	0.7969351691318483	F	NaN	NaN	NaN
	53809	20.8741093342035	0.8257453360226168	F	NaN	NaN	NaN
	53810	20.880258710179067	0.8515368559258711	F	NaN	NaN	NaN
	53811	20.88640808615464	0.8773283758291255	F	NaN	NaN	NaN
	53812	20.8930636222722	0.9016470739367846	F	NaN	NaN	NaN
	53813	20.900340429235623	0.9241580018017244	F	NaN	NaN	NaN
	53814	20.907617236199044	0.9466689296666642	F	NaN	NaN	NaN
	53815	20.91569850569618	0.9640285803944508	F	NaN	NaN	NaN
	53816	20.924044223812555	0.9796948668334612	F	NaN	NaN	NaN
	53817	20.932446776440575	0.9949883844877947	F	NaN	NaN	NaN
	53818	20.94180288587501	1.0040276703105024	F	NaN	NaN	NaN
	53819	20.95115899530945	1.01306695613321	F	NaN	NaN	NaN
	53820	20.96085768329067	1.0204534217478258	F	NaN	NaN	NaN
	53821	20.971165664208264	1.0249002646471908	F	NaN	NaN	NaN
	53822	20.981473645125863	1.0293471075465557	F	NaN	NaN	NaN
	53823	20.99237440952966	1.032223390868244	F	NaN	NaN	NaN
	53824	21.00357574209552	1.034303329121867	F	NaN	NaN	NaN
	53825	21.014777074661378	1.0363832673754896	F	NaN	NaN	NaN
	53826	21.026785856557126	1.0332232989982597	F	NaN	NaN	NaN
	53827	21.038822020936347	1.0298856332083985	F	NaN	NaN	NaN
	53828	21.05106844941494	1.0268350252483098	F	NaN	NaN	NaN
	53829	21.063880925772636	1.0245572000704897	F	NaN	NaN	NaN
	53830	21.076693402130328	1.0222793748926695	F	NaN	NaN	NaN
	53831	21.089918250074504	1.0184583810715724	F	NaN	NaN	NaN
	53832	21.103448518575764	1.0134944485947617	F	NaN	NaN	NaN
	53833	21.116978787077027	1.0085305161179507	F	NaN	NaN	NaN
	53834	21.13108799555615	1.0058077978938331	F	NaN	NaN	NaN
	53835	21.145277536366088	1.0033960652151217	F	NaN	NaN	NaN
	53836	21.159576293975753	1.001775610685839	F	NaN	NaN	NaN
	53837	21.174366587259463	1.0037163430755267	F	NaN	NaN	NaN
	53838	21.189156880543177	1.0056570754652148	F	NaN	NaN	NaN
	53839	21.204210400661427	1.009094065005541	F	NaN	NaN	NaN
	53840	21.219542926584015	1.0141170039059682	F	NaN	NaN	NaN
	53841	21.234875452506603	1.0191399428063952	F	NaN	NaN	NaN
	53842	21.25058967620281	1.030149241390089	F	NaN	NaN	NaN
	53843	21.26640591492938	1.042758493410917	F	NaN	NaN	NaN
	53844	21.282261590303833	1.0555885131823268	F	NaN	NaN	NaN
	53845	21.298503021999483	1.0705780104925462	F	NaN	NaN	NaN
	53846	21.314744453695134	1.0855675078027656	F	NaN	NaN	NaN
	53847	21.33113123462117	1.0998674133533632	F	NaN	NaN	NaN
	53848	21.347739339451007	1.1131172745394013	F	NaN	NaN	NaN
	53849	21.364347444280842	1.1263671357254395	F	NaN	NaN	NaN
	53850	21.381171271827842	1.1486058174183542	F	NaN	NaN	NaN
	53851	21.39808752995696	1.1746959335960123	F	NaN	NaN	NaN
	53852	21.4150047117299	1.2008105927646855	F	NaN	NaN	NaN
	53853	21.432170603323414	1.2335339497551523	F	NaN	NaN	NaN
	53854	21.449336494916924	1.266257306745619	F	NaN	NaN	NaN
	53855	21.466561125284457	1.3011128464583965	F	NaN	NaN	NaN
	53856	21.483918130507462	1.3407735150556364	F	NaN	NaN	NaN
	53857	21.501275135730463	1.3804341836528762	F	NaN	NaN	NaN