###################### HEADER ######################
# SNNAME:	SN2012au
###################### HEADER ######################


# FILTER B
#        MJD  MAG  MAGERR  Upperlimit  Instrument  Telescope  Source
	56002	14.063351024363124	0.09564324431302157	F	NaN	NaN	NaN
	56003	14.050758183467373	0.07564311678394357	F	NaN	NaN	NaN
	56004	14.046620512683688	0.06149387635842016	F	NaN	NaN	NaN
	56005	14.051632956714519	0.053760511915445244	F	NaN	NaN	NaN
	56006	14.065670400194243	0.05268825187579253	F	NaN	NaN	NaN
	56007	14.088367237806176	0.05647746967109761	F	NaN	NaN	NaN
	56008	14.11961811311515	0.06282596367452352	F	NaN	NaN	NaN
	56009	14.161055899905953	0.06985166163379139	F	NaN	NaN	NaN
	56010	14.212655724934605	0.07653200959862194	F	NaN	NaN	NaN
	56011	14.271218362344394	0.08252485263156613	F	NaN	NaN	NaN
	56012	14.334661919530747	0.08654201357171445	F	NaN	NaN	NaN
	56013	14.412893581755874	0.08899545332663962	F	NaN	NaN	NaN
	56014	14.508556584326707	0.09010499293469039	F	NaN	NaN	NaN
	56015	14.61553640661473	0.09209677219420742	F	NaN	NaN	NaN
	56016	14.728702346690586	0.0968524176004871	F	NaN	NaN	NaN
	56017	14.84275978179015	0.1028895919357492	F	NaN	NaN	NaN
	56018	14.952429457628373	0.1093470688440964	F	NaN	NaN	NaN
	56019	15.052216240491877	0.11522127993751047	F	NaN	NaN	NaN
	56020	15.136732138775692	0.11686253734648783	F	NaN	NaN	NaN
	56021	15.208556313202648	0.11211361572233869	F	NaN	NaN	NaN
	56022	15.277634217165147	0.10415354639571832	F	NaN	NaN	NaN
	56023	15.344029254982193	0.09637653235079138	F	NaN	NaN	NaN
	56024	15.40700859609823	0.0903214201669446	F	NaN	NaN	NaN
	56025	15.465902789364785	0.0871041132196372	F	NaN	NaN	NaN
	56026	15.52004602123385	0.08474122370378184	F	NaN	NaN	NaN
	56027	15.568997890795229	0.08245808848605424	F	NaN	NaN	NaN
	56028	15.613425036798237	0.07939490279909528	F	NaN	NaN	NaN
	56029	15.654004613108862	0.07684817935604575	F	NaN	NaN	NaN
	56030	15.691151812366396	0.07359637238761607	F	NaN	NaN	NaN
	56031	15.724463152144317	0.07001576699892288	F	NaN	NaN	NaN
	56032	15.753907943644533	0.06836037785343226	F	NaN	NaN	NaN
	56033	15.779635161330388	0.06737195651447993	F	NaN	NaN	NaN
	56034	15.801760327542244	0.06839094685070192	F	NaN	NaN	NaN
	56035	15.820093990809404	0.07250502551540874	F	NaN	NaN	NaN
	56036	15.83481136539535	0.07961833706109138	F	NaN	NaN	NaN
	56037	15.845994604260103	0.0923093650698701	F	NaN	NaN	NaN
	56038	15.853530413704842	0.10801495686426466	F	NaN	NaN	NaN

# FILTER U
#        MJD  MAG  MAGERR  Upperlimit  Instrument  Telescope  Source
	56002	13.453457189029978	0.11677753935026144	F	NaN	NaN	NaN
	56003	13.51566676074019	0.09235433328608757	F	NaN	NaN	NaN
	56004	13.583563834020396	0.07461661803475327	F	NaN	NaN	NaN
	56005	13.658169780187588	0.06406841460236004	F	NaN	NaN	NaN
	56006	13.739184095841313	0.06145667494972799	F	NaN	NaN	NaN
	56007	13.826115512160344	0.06321608919456811	F	NaN	NaN	NaN
	56008	13.918825519344482	0.06974411819131184	F	NaN	NaN	NaN
	56009	14.019634946315357	0.0745017419146291	F	NaN	NaN	NaN
	56010	14.12838825393822	0.0816947586460375	F	NaN	NaN	NaN
	56011	14.240744005545581	0.08781561270990818	F	NaN	NaN	NaN
	56012	14.353496173648194	0.09327121868349417	F	NaN	NaN	NaN
	56013	14.47738757840627	0.0980029303060117	F	NaN	NaN	NaN
	56014	14.615120193794306	0.0997586743676174	F	NaN	NaN	NaN
	56015	14.760420084293214	0.10259335452997412	F	NaN	NaN	NaN
	56016	14.907831189923282	0.10893784400333648	F	NaN	NaN	NaN
	56017	15.051550900784331	0.11854178961946585	F	NaN	NaN	NaN
	56018	15.18622171059619	0.1262435432111871	F	NaN	NaN	NaN
	56019	15.305856762565416	0.13231502369510445	F	NaN	NaN	NaN
	56020	15.404755517508068	0.13267947831932003	F	NaN	NaN	NaN
	56021	15.48375293988215	0.12765005013155536	F	NaN	NaN	NaN
	56022	15.551245350455464	0.11895144831409607	F	NaN	NaN	NaN
	56023	15.609994509364581	0.11115763142597881	F	NaN	NaN	NaN
	56024	15.662067207069278	0.10592718615896105	F	NaN	NaN	NaN
	56025	15.709683998128112	0.10279769875557077	F	NaN	NaN	NaN
	56026	15.755000073880298	0.10109225931503989	F	NaN	NaN	NaN
	56027	15.798697696734715	0.09802288255788263	F	NaN	NaN	NaN
	56028	15.835427921640823	0.09451316921524777	F	NaN	NaN	NaN
	56029	15.86660289248292	0.09130766086426495	F	NaN	NaN	NaN
	56030	15.894409941357855	0.08730831218189589	F	NaN	NaN	NaN
	56031	15.916652760828848	0.08313241683496422	F	NaN	NaN	NaN
	56032	15.933234095032502	0.08097671726937253	F	NaN	NaN	NaN
	56033	15.945032103341013	0.07988859053611197	F	NaN	NaN	NaN
	56034	15.952749955678414	0.08160205012756029	F	NaN	NaN	NaN
	56035	15.955481514346301	0.08811739975203552	F	NaN	NaN	NaN
	56036	15.953686547030202	0.09798077438277775	F	NaN	NaN	NaN
	56037	15.94774731790724	0.11263660700562311	F	NaN	NaN	NaN
	56038	15.937164750084062	0.13276370400859466	F	NaN	NaN	NaN

# FILTER V
#        MJD  MAG  MAGERR  Upperlimit  Instrument  Telescope  Source
	56002	13.607124158003309	0.08768832852855263	F	NaN	NaN	NaN
	56003	13.585496592746944	0.07371388217000338	F	NaN	NaN	NaN
	56004	13.56933193641539	0.06208107358241693	F	NaN	NaN	NaN
	56005	13.559717484643322	0.05325791219465265	F	NaN	NaN	NaN
	56006	13.556143721197854	0.049688598683947406	F	NaN	NaN	NaN
	56007	13.55875611585229	0.048788835114178856	F	NaN	NaN	NaN
	56008	13.566428357662607	0.05143512525816668	F	NaN	NaN	NaN
	56009	13.58068514659462	0.05554129097211496	F	NaN	NaN	NaN
	56010	13.601468940653874	0.05959031116091966	F	NaN	NaN	NaN
	56011	13.626803488936934	0.0641973760281487	F	NaN	NaN	NaN
	56012	13.655191226998408	0.06864133884623726	F	NaN	NaN	NaN
	56013	13.690517967565695	0.0716994153013014	F	NaN	NaN	NaN
	56014	13.73478176579522	0.07364017990773535	F	NaN	NaN	NaN
	56015	13.78633229993993	0.07442302561380869	F	NaN	NaN	NaN
	56016	13.843985267686403	0.07439697134084275	F	NaN	NaN	NaN
	56017	13.906698757133222	0.07401726813327844	F	NaN	NaN	NaN
	56018	13.97298574427376	0.07362829938468517	F	NaN	NaN	NaN
	56019	14.041727709764789	0.07321394416729188	F	NaN	NaN	NaN
	56020	14.11165048401282	0.07395058565307966	F	NaN	NaN	NaN
	56021	14.181506886335152	0.07447517286513593	F	NaN	NaN	NaN
	56022	14.250056754857043	0.07546057219462265	F	NaN	NaN	NaN
	56023	14.316063986802616	0.07641481733944265	F	NaN	NaN	NaN
	56024	14.378229537466474	0.07721945895821467	F	NaN	NaN	NaN
	56025	14.435321591303742	0.0761979484271152	F	NaN	NaN	NaN
	56026	14.486122258198083	0.0745480785858174	F	NaN	NaN	NaN
	56027	14.530528188218257	0.07105693546296128	F	NaN	NaN	NaN
	56028	14.572910800333823	0.06892812256508193	F	NaN	NaN	NaN
	56029	14.613205068884147	0.06574830640670434	F	NaN	NaN	NaN
	56030	14.650516522758801	0.06210295496058943	F	NaN	NaN	NaN
	56031	14.68552846707085	0.05856224281324084	F	NaN	NaN	NaN
	56032	14.718431653815804	0.05727685898654071	F	NaN	NaN	NaN
	56033	14.749112819633572	0.05727055254822419	F	NaN	NaN	NaN
	56034	14.777461680593293	0.059366672825319614	F	NaN	NaN	NaN
	56035	14.803360637042088	0.06463900175237691	F	NaN	NaN	NaN
	56036	14.826681466429529	0.07457197136503506	F	NaN	NaN	NaN
	56037	14.847351348543404	0.08737851829208633	F	NaN	NaN	NaN
	56038	14.865627756978185	0.10312018182300661	F	NaN	NaN	NaN