###################### HEADER ######################
# SNNAME:	SN2005bf
###################### HEADER ######################


# FILTER B
#        MJD  MAG  MAGERR  Upperlimit  Instrument  Telescope  Source
	53468	18.113972023923317	0.014423269453792898	F	NaN	NaN	NaN
	53469	17.99875646555025	0.012359880271170642	F	NaN	NaN	NaN
	53470	17.901164151289866	0.013028001845248098	F	NaN	NaN	NaN
	53471	17.82159399112096	0.013806357760741638	F	NaN	NaN	NaN
	53472	17.759609833876162	0.013276098201290762	F	NaN	NaN	NaN
	53473	17.715217291789067	0.012136801167521714	F	NaN	NaN	NaN
	53474	17.691655396369228	0.011957701829592025	F	NaN	NaN	NaN
	53475	17.69213020842076	0.011496758632547247	F	NaN	NaN	NaN
	53476	17.713101910809055	0.012172440753475887	F	NaN	NaN	NaN
	53477	17.74199357340741	0.012984723080158456	F	NaN	NaN	NaN
	53478	17.765372599450775	0.012517321888119506	F	NaN	NaN	NaN
	53479	17.778128625227435	0.01441854542932237	F	NaN	NaN	NaN
	53480	17.766158119404228	0.014657074765099538	F	NaN	NaN	NaN
	53481	17.739746524290045	0.01591612962574819	F	NaN	NaN	NaN
	53482	17.702253840158114	0.018431007812739316	F	NaN	NaN	NaN
	53483	17.65280807630866	0.019515180459327607	F	NaN	NaN	NaN
	53484	17.588337122861414	0.02118668849043606	F	NaN	NaN	NaN
	53485	17.515510986164948	0.022986662984539018	F	NaN	NaN	NaN
	53486	17.434261371141915	0.02128794156078713	F	NaN	NaN	NaN
	53487	17.337968564100404	0.01745372989860067	F	NaN	NaN	NaN
	53488	17.23390659135746	0.014785245667692886	F	NaN	NaN	NaN
	53489	17.129646906942277	0.013829678218965868	F	NaN	NaN	NaN
	53490	17.032796347225705	0.012426773800488691	F	NaN	NaN	NaN
	53491	16.94469387721582	0.012854054850681581	F	NaN	NaN	NaN
	53492	16.86869554638215	0.0162997159993145	F	NaN	NaN	NaN
	53493	16.817758976844505	0.018335600434358272	F	NaN	NaN	NaN
	53494	16.77940886877113	0.016725820025037655	F	NaN	NaN	NaN
	53495	16.745725682890193	0.015501913064818375	F	NaN	NaN	NaN
	53496	16.717449967688484	0.013714694000056357	F	NaN	NaN	NaN
	53497	16.70266287800149	0.014532435955326238	F	NaN	NaN	NaN
	53498	16.703209816920985	0.014248847261088646	F	NaN	NaN	NaN
	53499	16.718168267856157	0.013448246052309092	F	NaN	NaN	NaN
	53500	16.743368807635548	0.013294725481231565	F	NaN	NaN	NaN
	53501	16.778151035199723	0.013516676406855391	F	NaN	NaN	NaN
	53502	16.819285804830407	0.013340559855716538	F	NaN	NaN	NaN
	53503	16.866174465071058	0.015177501123699241	F	NaN	NaN	NaN
	53504	16.913994460710803	0.015750764505804454	F	NaN	NaN	NaN
	53505	16.965475425125945	0.01659037827548889	F	NaN	NaN	NaN
	53506	17.021884272751183	0.018142819843717826	F	NaN	NaN	NaN
	53507	17.084490108086385	0.01882200499961137	F	NaN	NaN	NaN
	53508	17.154356117475825	0.017712398550216106	F	NaN	NaN	NaN
	53509	17.229562588825097	0.017292215851343003	F	NaN	NaN	NaN
	53510	17.31031754768206	0.015678104842470637	F	NaN	NaN	NaN
	53511	17.3930062468624	0.015695976214843893	F	NaN	NaN	NaN
	53512	17.480559985231405	0.015192234478530808	F	NaN	NaN	NaN
	53513	17.572841694456432	0.016774561908866673	F	NaN	NaN	NaN
	53514	17.665828946931512	0.01693311380310014	F	NaN	NaN	NaN
	53515	17.76157181149777	0.01755664032287438	F	NaN	NaN	NaN
	53516	17.85921800500365	0.018982645787436515	F	NaN	NaN	NaN
	53517	17.95960682056795	0.018716203633494917	F	NaN	NaN	NaN
	53518	18.06436328539292	0.017151226008993582	F	NaN	NaN	NaN
	53519	18.171415623812337	0.01618318819547187	F	NaN	NaN	NaN
	53520	18.278567483791427	0.01696821770032189	F	NaN	NaN	NaN
	53521	18.38363478726726	0.019154168996917166	F	NaN	NaN	NaN
	53522	18.484446513587194	0.01994299374160671	F	NaN	NaN	NaN
	53523	18.582709121602107	0.019711317153911827	F	NaN	NaN	NaN
	53524	18.67673816117789	0.019144702243605614	F	NaN	NaN	NaN
	53525	18.767656208801675	0.018227938880382533	F	NaN	NaN	NaN
	53526	18.85577639222407	0.01744905041576364	F	NaN	NaN	NaN
	53527	18.939109065194486	0.017722228143531513	F	NaN	NaN	NaN
	53528	19.01791558242745	0.018634749849729623	F	NaN	NaN	NaN
	53529	19.092326706628665	0.02027367512049576	F	NaN	NaN	NaN
	53530	19.162427222800297	0.023088282528333132	F	NaN	NaN	NaN
	53531	19.229674353676817	0.027128235554375144	F	NaN	NaN	NaN
	53532	19.2954324943162	0.031547409753724956	F	NaN	NaN	NaN
	53533	19.35958953150385	0.035915077760685386	F	NaN	NaN	NaN
	53534	19.422231864367344	0.03986941425792723	F	NaN	NaN	NaN
	53535	19.483245679587164	0.04375831790812326	F	NaN	NaN	NaN
	53536	19.542719076395812	0.04752845425988597	F	NaN	NaN	NaN
	53537	19.600536541368847	0.050634877979887166	F	NaN	NaN	NaN
	53538	19.656772306668522	0.05377044861241273	F	NaN	NaN	NaN
	53539	19.711112170116763	0.05667404807970958	F	NaN	NaN	NaN
	53540	19.76396066417315	0.05922224912853966	F	NaN	NaN	NaN
	53541	19.815354561223913	0.06156210651693869	F	NaN	NaN	NaN
	53542	19.865218369169124	0.06383120846416308	F	NaN	NaN	NaN
	53543	19.91287606963297	0.06640010824438275	F	NaN	NaN	NaN
	53544	19.959040442575823	0.06863329892215388	F	NaN	NaN	NaN
	53545	20.003704226026063	0.0706959651212262	F	NaN	NaN	NaN
	53546	20.046672401425976	0.07286925501162475	F	NaN	NaN	NaN
	53547	20.087481376086	0.07466837659039419	F	NaN	NaN	NaN
	53548	20.126751030738042	0.07674759668652031	F	NaN	NaN	NaN
	53549	20.16447410341049	0.07908134899075944	F	NaN	NaN	NaN
	53550	20.200328787116185	0.08148134752191963	F	NaN	NaN	NaN
	53551	20.234078438795123	0.0845470488972204	F	NaN	NaN	NaN
	53552	20.26624277797909	0.08783883937341584	F	NaN	NaN	NaN
	53553	20.29681454269646	0.0912608414508318	F	NaN	NaN	NaN
	53554	20.325337875559054	0.09474794995654168	F	NaN	NaN	NaN
	53555	20.351817607079614	0.09862875307844221	F	NaN	NaN	NaN
	53556	20.37666603361823	0.10309157609949936	F	NaN	NaN	NaN
	53557	20.39987589320325	0.10828781494296322	F	NaN	NaN	NaN
	53558	20.420850016073825	0.11476407772313194	F	NaN	NaN	NaN
	53559	20.439849230258755	0.1204167006697065	F	NaN	NaN	NaN
	53560	20.457171146974733	0.1267011433567511	F	NaN	NaN	NaN
	53561	20.47280850425013	0.13425042709069712	F	NaN	NaN	NaN
	53562	20.48601555797978	0.14249831364031035	F	NaN	NaN	NaN
	53563	20.497323657651794	0.15040122686727475	F	NaN	NaN	NaN
	53564	20.506908467367865	0.15867093339056648	F	NaN	NaN	NaN
	53565	20.514785683531294	0.16779235014479998	F	NaN	NaN	NaN
	53566	20.520317845630743	0.17702387751693818	F	NaN	NaN	NaN
	53567	20.52384694199285	0.18729990560105558	F	NaN	NaN	NaN
	53568	20.52535969054788	0.1978995191234017	F	NaN	NaN	NaN

# FILTER V
#        MJD  MAG  MAGERR  Upperlimit  Instrument  Telescope  Source
	53468	17.942376678481615	0.016233566030889816	F	NaN	NaN	NaN
	53469	17.845161240072972	0.01338561775726227	F	NaN	NaN	NaN
	53470	17.758821675411927	0.012475693139341533	F	NaN	NaN	NaN
	53471	17.68345498965365	0.012706244974372224	F	NaN	NaN	NaN
	53472	17.619135100055438	0.012939436069130863	F	NaN	NaN	NaN
	53473	17.565859480089614	0.012701838736514518	F	NaN	NaN	NaN
	53474	17.523212904073038	0.012309783162237917	F	NaN	NaN	NaN
	53475	17.50212085744127	0.01253581948053465	F	NaN	NaN	NaN
	53476	17.48467263042732	0.012840105560541885	F	NaN	NaN	NaN
	53477	17.472956523449604	0.013749079034091236	F	NaN	NaN	NaN
	53478	17.458767097871508	0.014738881865029616	F	NaN	NaN	NaN
	53479	17.428235846215884	0.014338456233050058	F	NaN	NaN	NaN
	53480	17.387761703575784	0.014046999698439259	F	NaN	NaN	NaN
	53481	17.341093627863543	0.01429698786910373	F	NaN	NaN	NaN
	53482	17.287292474878704	0.013103737311861565	F	NaN	NaN	NaN
	53483	17.22912452559155	0.014915698220841874	F	NaN	NaN	NaN
	53484	17.16877772174908	0.01577701756669416	F	NaN	NaN	NaN
	53485	17.104491932819684	0.018628082886904235	F	NaN	NaN	NaN
	53486	17.036853949479138	0.0220441315555707	F	NaN	NaN	NaN
	53487	16.964403840847275	0.021477303800075245	F	NaN	NaN	NaN
	53488	16.88526272345992	0.02001913487356162	F	NaN	NaN	NaN
	53489	16.804818052318957	0.01933768214313205	F	NaN	NaN	NaN
	53490	16.72870254554616	0.01771458102135374	F	NaN	NaN	NaN
	53491	16.657082139832365	0.013859422170585268	F	NaN	NaN	NaN
	53492	16.589504843083528	0.015053420730002988	F	NaN	NaN	NaN
	53493	16.539914213004227	0.016354153906645626	F	NaN	NaN	NaN
	53494	16.506058512853198	0.01666175222272307	F	NaN	NaN	NaN
	53495	16.479906953704944	0.01426978583486865	F	NaN	NaN	NaN
	53496	16.455797715943188	0.01248889615269987	F	NaN	NaN	NaN
	53497	16.439116646983422	0.0115269504045486	F	NaN	NaN	NaN
	53498	16.430125463535617	0.011814385868180809	F	NaN	NaN	NaN
	53499	16.43094653011513	0.013069863803947916	F	NaN	NaN	NaN
	53500	16.440293170038164	0.012231464045405744	F	NaN	NaN	NaN
	53501	16.45557904257462	0.011763290008386478	F	NaN	NaN	NaN
	53502	16.475593843405992	0.011669448369824632	F	NaN	NaN	NaN
	53503	16.496130209367998	0.012086187943456055	F	NaN	NaN	NaN
	53504	16.518653940629303	0.011927169502503332	F	NaN	NaN	NaN
	53505	16.542998553770623	0.011825493988858887	F	NaN	NaN	NaN
	53506	16.570285932044452	0.012236237358133634	F	NaN	NaN	NaN
	53507	16.60164338516315	0.01419302268971926	F	NaN	NaN	NaN
	53508	16.638199534737385	0.015075155035393254	F	NaN	NaN	NaN
	53509	16.679749238734605	0.014229434181879696	F	NaN	NaN	NaN
	53510	16.727022608960397	0.013280861156544858	F	NaN	NaN	NaN
	53511	16.77883686186034	0.013402916573690889	F	NaN	NaN	NaN
	53512	16.834680310963762	0.013402000946921896	F	NaN	NaN	NaN
	53513	16.89550202770945	0.013138088954704776	F	NaN	NaN	NaN
	53514	16.96195113018696	0.013193312482667304	F	NaN	NaN	NaN
	53515	17.032432789121607	0.014442816412131885	F	NaN	NaN	NaN
	53516	17.105295289045138	0.01548821879979211	F	NaN	NaN	NaN
	53517	17.180443684253692	0.015064565449885325	F	NaN	NaN	NaN
	53518	17.259060723757052	0.014215308492608488	F	NaN	NaN	NaN
	53519	17.339764326997848	0.013975413616271734	F	NaN	NaN	NaN
	53520	17.42107871804424	0.014496578986305672	F	NaN	NaN	NaN
	53521	17.50155152520649	0.014985867222800726	F	NaN	NaN	NaN
	53522	17.582353590457494	0.014796787933270527	F	NaN	NaN	NaN
	53523	17.664146783834486	0.014564744893949676	F	NaN	NaN	NaN
	53524	17.745413630679344	0.014394943617337846	F	NaN	NaN	NaN
	53525	17.830655223175764	0.013966966542872723	F	NaN	NaN	NaN
	53526	17.911851612383412	0.014367033411731225	F	NaN	NaN	NaN
	53527	17.983939566928598	0.014857080597784171	F	NaN	NaN	NaN
	53528	18.05172902514139	0.015496998932424006	F	NaN	NaN	NaN
	53529	18.115753523305354	0.0158444714187578	F	NaN	NaN	NaN
	53530	18.17693205773117	0.016077953109103985	F	NaN	NaN	NaN
	53531	18.235150472333927	0.016285388349894143	F	NaN	NaN	NaN
	53532	18.29045557178747	0.016717075813113276	F	NaN	NaN	NaN
	53533	18.342564999289173	0.01728314599474118	F	NaN	NaN	NaN
	53534	18.391592273697373	0.018106615942251096	F	NaN	NaN	NaN
	53535	18.43724387537017	0.019113365440982716	F	NaN	NaN	NaN
	53536	18.47964448600516	0.020628630396996007	F	NaN	NaN	NaN
	53537	18.518489423121164	0.02237741630165351	F	NaN	NaN	NaN
	53538	18.553927277010377	0.024594950022549734	F	NaN	NaN	NaN
	53539	18.58568523914823	0.027426304757539384	F	NaN	NaN	NaN
	53540	18.61660908833196	0.030427934412669822	F	NaN	NaN	NaN
	53541	18.649062173051078	0.03330602457291372	F	NaN	NaN	NaN
	53542	18.68293926487395	0.03608537491092108	F	NaN	NaN	NaN
	53543	18.718116284950646	0.03826333832345358	F	NaN	NaN	NaN
	53544	18.754467578734925	0.040050816569972086	F	NaN	NaN	NaN
	53545	18.791822028271884	0.04147430701729534	F	NaN	NaN	NaN
	53546	18.83006776228067	0.042756660292228375	F	NaN	NaN	NaN
	53547	18.86909290948043	0.04370481624418389	F	NaN	NaN	NaN
	53548	18.90878559859031	0.04419637539351353	F	NaN	NaN	NaN
	53549	18.949033958329448	0.044491453240465204	F	NaN	NaN	NaN
	53550	18.989732224642527	0.04434176287913259	F	NaN	NaN	NaN
	53551	19.03078363229143	0.04425350638500935	F	NaN	NaN	NaN
	53552	19.072006693966543	0.04390362127075004	F	NaN	NaN	NaN
	53553	19.113289538387	0.04342196364339205	F	NaN	NaN	NaN
	53554	19.154520294271947	0.04315204222512253	F	NaN	NaN	NaN
	53555	19.195587090340528	0.04309203901977718	F	NaN	NaN	NaN
	53556	19.236378055311885	0.04316885563176567	F	NaN	NaN	NaN
	53557	19.276781317905165	0.04377156330332607	F	NaN	NaN	NaN
	53558	19.316628569279636	0.0444232068861971	F	NaN	NaN	NaN
	53559	19.355769588485952	0.045778513034987756	F	NaN	NaN	NaN
	53560	19.394138888711133	0.04701958844983148	F	NaN	NaN	NaN
	53561	19.431624598674322	0.04887807848532323	F	NaN	NaN	NaN
	53562	19.468114847094665	0.05155925693373551	F	NaN	NaN	NaN
	53563	19.5034977626913	0.054731970550777324	F	NaN	NaN	NaN
	53564	19.53766147418338	0.05807642342364394	F	NaN	NaN	NaN
	53565	19.570508875344455	0.06202127369236339	F	NaN	NaN	NaN
	53566	19.60173992564543	0.06561319416574815	F	NaN	NaN	NaN
	53567	19.631349475880633	0.0696614399388419	F	NaN	NaN	NaN
	53568	19.659216546339646	0.07437042521258977	F	NaN	NaN	NaN

# FILTER g
#        MJD  MAG  MAGERR  Upperlimit  Instrument  Telescope  Source
	53468	17.957046178078567	0.012430583746621038	F	NaN	NaN	NaN
	53469	17.845608532913417	0.012625846965575713	F	NaN	NaN	NaN
	53470	17.749631276065948	0.013805656321977833	F	NaN	NaN	NaN
	53471	17.669870545161604	0.0143022850277575	F	NaN	NaN	NaN
	53472	17.607013504754356	0.013548373511120078	F	NaN	NaN	NaN
	53473	17.560946072521528	0.011132382766314064	F	NaN	NaN	NaN
	53474	17.534109696700106	0.012334423219077626	F	NaN	NaN	NaN
	53475	17.524163811173608	0.014294472703999543	F	NaN	NaN	NaN
	53476	17.53700106727132	0.015244466821060839	F	NaN	NaN	NaN
	53477	17.560245393497787	0.015918937027566894	F	NaN	NaN	NaN
	53478	17.571749926735613	0.017487121195139906	F	NaN	NaN	NaN
	53479	17.566027400941557	0.018308219386075148	F	NaN	NaN	NaN
	53480	17.543162916662205	0.017908146626354968	F	NaN	NaN	NaN
	53481	17.50579159811365	0.017553510149635923	F	NaN	NaN	NaN
	53482	17.45822157382629	0.016489514069678447	F	NaN	NaN	NaN
	53483	17.39940033271627	0.01733364608655076	F	NaN	NaN	NaN
	53484	17.334588265913315	0.021246113320803464	F	NaN	NaN	NaN
	53485	17.262629962746402	0.02110643679700811	F	NaN	NaN	NaN
	53486	17.17833943488286	0.018053027864888986	F	NaN	NaN	NaN
	53487	17.08736100241519	0.014997093251638827	F	NaN	NaN	NaN
	53488	16.995579562494008	0.014580932986636628	F	NaN	NaN	NaN
	53489	16.90888001226993	0.015354482280503009	F	NaN	NaN	NaN
	53490	16.823723203006782	0.01589758689143835	F	NaN	NaN	NaN
	53491	16.745553295821697	0.015544062178432252	F	NaN	NaN	NaN
	53492	16.673556358581056	0.019289882394146904	F	NaN	NaN	NaN
	53493	16.612124897818312	0.024561402291498058	F	NaN	NaN	NaN
	53494	16.57247699050205	0.0212200396376006	F	NaN	NaN	NaN
	53495	16.544811490020034	0.017604867859124844	F	NaN	NaN	NaN
	53496	16.52154735173822	0.012788065994268703	F	NaN	NaN	NaN
	53497	16.5058516309791	0.011586125247260133	F	NaN	NaN	NaN
	53498	16.502760869923662	0.012361430092359064	F	NaN	NaN	NaN
	53499	16.511189172248525	0.013406302750021144	F	NaN	NaN	NaN
	53500	16.534460726323815	0.013444820100123347	F	NaN	NaN	NaN
	53501	16.564084272517395	0.012081131653559396	F	NaN	NaN	NaN
	53502	16.599201076100833	0.010603342142746629	F	NaN	NaN	NaN
	53503	16.635916412471193	0.010052246199074468	F	NaN	NaN	NaN
	53504	16.67560482925232	0.010039762386839964	F	NaN	NaN	NaN
	53505	16.71891909215515	0.011878652941007713	F	NaN	NaN	NaN
	53506	16.766349746078532	0.013953336180013355	F	NaN	NaN	NaN
	53507	16.817454745425525	0.01575931906576871	F	NaN	NaN	NaN
	53508	16.872281640007326	0.018147862270742506	F	NaN	NaN	NaN
	53509	16.93090471181373	0.02184322860613386	F	NaN	NaN	NaN
	53510	16.993405577384426	0.02569065368076571	F	NaN	NaN	NaN
	53511	17.05993851638567	0.02901984903983106	F	NaN	NaN	NaN
	53512	17.130493745612874	0.030792282013527836	F	NaN	NaN	NaN
	53513	17.2055717641116	0.03079512966659148	F	NaN	NaN	NaN
	53514	17.285307641362788	0.030161379043270285	F	NaN	NaN	NaN
	53515	17.36842979776949	0.02939932782106403	F	NaN	NaN	NaN
	53516	17.453715674910452	0.027412144717141394	F	NaN	NaN	NaN
	53517	17.54583962528909	0.02387061458533054	F	NaN	NaN	NaN
	53518	17.635540128441964	0.022764027036844367	F	NaN	NaN	NaN
	53519	17.726574639531268	0.022708070073003093	F	NaN	NaN	NaN
	53520	17.815233155430914	0.02281629928070828	F	NaN	NaN	NaN
	53521	17.90317100668971	0.022654773481514498	F	NaN	NaN	NaN
	53522	17.9906994958971	0.02228999247364447	F	NaN	NaN	NaN
	53523	18.07898206176598	0.021791110693588314	F	NaN	NaN	NaN
	53524	18.16788245534124	0.021277431610673914	F	NaN	NaN	NaN
	53525	18.257205399760217	0.02078550042151816	F	NaN	NaN	NaN
	53526	18.346801552759473	0.020595990046380477	F	NaN	NaN	NaN
	53527	18.43649145717559	0.021112306998792726	F	NaN	NaN	NaN
	53528	18.52610722465497	0.02286853419070739	F	NaN	NaN	NaN
	53529	18.61549138711525	0.025950065057525267	F	NaN	NaN	NaN

# FILTER i
#        MJD  MAG  MAGERR  Upperlimit  Instrument  Telescope  Source
	53468	18.10260495708331	0.016959512543155673	F	NaN	NaN	NaN
	53469	17.992234113717956	0.014392182676438901	F	NaN	NaN	NaN
	53470	17.891918536620967	0.014024487616492888	F	NaN	NaN	NaN
	53471	17.801600602065403	0.014874702053640627	F	NaN	NaN	NaN
	53472	17.721371204856798	0.01494486786081528	F	NaN	NaN	NaN
	53473	17.65130004521986	0.014398732098258472	F	NaN	NaN	NaN
	53474	17.597607941702623	0.013770702134986285	F	NaN	NaN	NaN
	53475	17.551945255433818	0.01456358953787442	F	NaN	NaN	NaN
	53476	17.51265100651477	0.015939948165998665	F	NaN	NaN	NaN
	53477	17.46981257350731	0.01663958130550174	F	NaN	NaN	NaN
	53478	17.420226580567043	0.015945118951787848	F	NaN	NaN	NaN
	53479	17.366440151055738	0.01644382855219617	F	NaN	NaN	NaN
	53480	17.315631125571624	0.01591142624675286	F	NaN	NaN	NaN
	53481	17.264985442051625	0.014579482485225174	F	NaN	NaN	NaN
	53482	17.216128157897643	0.015134089360332705	F	NaN	NaN	NaN
	53483	17.173092121577582	0.014864136067920794	F	NaN	NaN	NaN
	53484	17.122715688856395	0.01678732740880809	F	NaN	NaN	NaN
	53485	17.068306438171202	0.01943412615166609	F	NaN	NaN	NaN
	53486	17.00405502029944	0.018740721076020914	F	NaN	NaN	NaN
	53487	16.930088507426298	0.016240980480820143	F	NaN	NaN	NaN
	53488	16.855295063809915	0.016057006069631084	F	NaN	NaN	NaN
	53489	16.78866213665776	0.016081044104214723	F	NaN	NaN	NaN
	53490	16.730947444766564	0.013707951603919771	F	NaN	NaN	NaN
	53491	16.677785398045597	0.01413241539729258	F	NaN	NaN	NaN
	53492	16.635228379778447	0.018571813243711113	F	NaN	NaN	NaN
	53493	16.592988937754484	0.019408562856209614	F	NaN	NaN	NaN
	53494	16.55300321540647	0.018715123578397247	F	NaN	NaN	NaN
	53495	16.51540636578834	0.019161925366435857	F	NaN	NaN	NaN
	53496	16.48184585053677	0.021071543143565914	F	NaN	NaN	NaN
	53497	16.453762054853524	0.019894625327557338	F	NaN	NaN	NaN
	53498	16.42930208966617	0.021169315806795458	F	NaN	NaN	NaN
	53499	16.40799194822507	0.021655785624458183	F	NaN	NaN	NaN
	53500	16.391867191880607	0.020636796715164413	F	NaN	NaN	NaN
	53501	16.379967095140444	0.02232420254257816	F	NaN	NaN	NaN
	53502	16.371707106202873	0.025406840726499604	F	NaN	NaN	NaN
	53503	16.367300640322444	0.03064306438037189	F	NaN	NaN	NaN
	53504	16.366707293013704	0.030303303205225167	F	NaN	NaN	NaN
	53505	16.370991044535074	0.026061252401296583	F	NaN	NaN	NaN
	53506	16.37925569346404	0.02097222085515792	F	NaN	NaN	NaN
	53507	16.390548060344386	0.018710511531954563	F	NaN	NaN	NaN
	53508	16.40392178379303	0.017940530929756858	F	NaN	NaN	NaN
	53509	16.4191490279709	0.01609572864732737	F	NaN	NaN	NaN
	53510	16.436544418506013	0.013884700940435242	F	NaN	NaN	NaN
	53511	16.456515407790445	0.011966874446971695	F	NaN	NaN	NaN
	53512	16.479702701731515	0.012889322949580957	F	NaN	NaN	NaN
	53513	16.507569658749166	0.015294655733100817	F	NaN	NaN	NaN
	53514	16.53859129481482	0.017614757634762116	F	NaN	NaN	NaN
	53515	16.571607823211625	0.020566922835955112	F	NaN	NaN	NaN
	53516	16.60986517093368	0.022728720025412586	F	NaN	NaN	NaN
	53517	16.655470231259894	0.022840237147179508	F	NaN	NaN	NaN
	53518	16.70709708756011	0.02194975359099721	F	NaN	NaN	NaN
	53519	16.763734940209737	0.02155601576088035	F	NaN	NaN	NaN
	53520	16.824523956088736	0.02227738723200323	F	NaN	NaN	NaN
	53521	16.888512070300354	0.023309688857168637	F	NaN	NaN	NaN
	53522	16.954763612474846	0.02322166358545443	F	NaN	NaN	NaN
	53523	17.022387103047212	0.02093223409829633	F	NaN	NaN	NaN
	53524	17.092168171522626	0.017739247079175645	F	NaN	NaN	NaN
	53525	17.16510691794067	0.017176817326813407	F	NaN	NaN	NaN
	53526	17.241256196556844	0.02183984318976556	F	NaN	NaN	NaN
	53527	17.318117036207383	0.029646790575452622	F	NaN	NaN	NaN
	53528	17.389916352526747	0.038171186845412756	F	NaN	NaN	NaN
	53529	17.46106319075018	0.04657263734699815	F	NaN	NaN	NaN
	53530	17.5264023279021	0.05387974878159362	F	NaN	NaN	NaN
	53531	17.590501238252912	0.06096917769354507	F	NaN	NaN	NaN
	53532	17.64970063876562	0.0671986528774142	F	NaN	NaN	NaN
	53533	17.707136793162704	0.07313899710396331	F	NaN	NaN	NaN
	53534	17.760516899564436	0.07841424470591787	F	NaN	NaN	NaN
	53535	17.811675469926723	0.08334512919539824	F	NaN	NaN	NaN
	53536	17.859556724745698	0.08776799285558978	F	NaN	NaN	NaN
	53537	17.904822882992153	0.09156208218417007	F	NaN	NaN	NaN
	53538	17.94752572875661	0.09473984815799623	F	NaN	NaN	NaN
	53539	17.98728464680613	0.09807571909894924	F	NaN	NaN	NaN
	53540	18.025129526044296	0.10151438435846337	F	NaN	NaN	NaN
	53541	18.05976637581582	0.10506079194462756	F	NaN	NaN	NaN
	53542	18.09307373105592	0.10865185087691355	F	NaN	NaN	NaN
	53543	18.122973684468406	0.11226527246475923	F	NaN	NaN	NaN
	53544	18.152063958238667	0.11588400795095583	F	NaN	NaN	NaN
	53545	18.177612187211007	0.12121719281862896	F	NaN	NaN	NaN
	53546	18.202770060075547	0.12672849522906393	F	NaN	NaN	NaN
	53547	18.224387498490824	0.13288171327558468	F	NaN	NaN	NaN
	53548	18.24564354822486	0.13916419023342608	F	NaN	NaN	NaN
	53549	18.264005232754997	0.14648190297655883	F	NaN	NaN	NaN
	53550	18.281744631277466	0.153934133409535	F	NaN	NaN	NaN
	53551	18.297171004450682	0.16188636355759084	F	NaN	NaN	NaN
	53552	18.31177892368053	0.1703094255599773	F	NaN	NaN	NaN
	53553	18.324590428025054	0.17976591083371574	F	NaN	NaN	NaN
	53554	18.3364520398812	0.1897139676354444	F	NaN	NaN	NaN
	53555	18.34696911792527	0.2003578237497474	F	NaN	NaN	NaN
	53556	18.356469594326644	0.21156732516582966	F	NaN	NaN	NaN
	53557	18.365012688598483	0.2233095216719383	F	NaN	NaN	NaN
	53558	18.372537201464027	0.2356663670752706	F	NaN	NaN	NaN
	53559	18.379426754491867	0.24840637023272527	F	NaN	NaN	NaN
	53560	18.385360475740498	0.2617894686669757	F	NaN	NaN	NaN
	53561	18.390916930052565	0.27542639689667375	F	NaN	NaN	NaN
	53562	18.395645031603227	0.28971957981787627	F	NaN	NaN	NaN
	53563	18.400188829727753	0.30415877539660247	F	NaN	NaN	NaN
	53564	18.404096483499373	0.3198394398635849	F	NaN	NaN	NaN

# FILTER r
#        MJD  MAG  MAGERR  Upperlimit  Instrument  Telescope  Source
	53468	17.972659283688408	0.012370166840561404	F	NaN	NaN	NaN
	53469	17.8791298635567	0.011321179460228039	F	NaN	NaN	NaN
	53470	17.79350496787937	0.01196616074283342	F	NaN	NaN	NaN
	53471	17.715719861636547	0.01269132532095895	F	NaN	NaN	NaN
	53472	17.645925924332122	0.012887021063688444	F	NaN	NaN	NaN
	53473	17.584096779181596	0.012738351177096586	F	NaN	NaN	NaN
	53474	17.531333941356923	0.01231308403294483	F	NaN	NaN	NaN
	53475	17.489334879352352	0.012210548072813006	F	NaN	NaN	NaN
	53476	17.453204395219323	0.013193220667064003	F	NaN	NaN	NaN
	53477	17.41812046312075	0.013845953072733399	F	NaN	NaN	NaN
	53478	17.37920471506566	0.01440849825944096	F	NaN	NaN	NaN
	53479	17.33338264943278	0.013598443033541902	F	NaN	NaN	NaN
	53480	17.2829359899775	0.013630479661258115	F	NaN	NaN	NaN
	53481	17.232274710904985	0.014783800240414272	F	NaN	NaN	NaN
	53482	17.1831024951747	0.013848658037011553	F	NaN	NaN	NaN
	53483	17.134155193702515	0.013255082284951284	F	NaN	NaN	NaN
	53484	17.080905738585816	0.014416489267108014	F	NaN	NaN	NaN
	53485	17.02388614645909	0.017029850820849138	F	NaN	NaN	NaN
	53486	16.95853145430492	0.0180652779972526	F	NaN	NaN	NaN
	53487	16.88806161136789	0.01688308807519242	F	NaN	NaN	NaN
	53488	16.810331865048155	0.013566123752120761	F	NaN	NaN	NaN
	53489	16.732514376393073	0.011873293830984628	F	NaN	NaN	NaN
	53490	16.662260125854488	0.012248617091323983	F	NaN	NaN	NaN
	53491	16.603493092301196	0.012563800753053952	F	NaN	NaN	NaN
	53492	16.551412583299506	0.016634133077719538	F	NaN	NaN	NaN
	53493	16.508581664104454	0.019029602713871344	F	NaN	NaN	NaN
	53494	16.475684106677086	0.02040202425120598	F	NaN	NaN	NaN
	53495	16.44211674107181	0.019577691060707184	F	NaN	NaN	NaN
	53496	16.412921868097705	0.019736296749302426	F	NaN	NaN	NaN
	53497	16.39137301594266	0.017311563330587396	F	NaN	NaN	NaN
	53498	16.377327311263887	0.018585264678742868	F	NaN	NaN	NaN
	53499	16.370605890523116	0.019691726538824367	F	NaN	NaN	NaN
	53500	16.371670904331804	0.019049793714739617	F	NaN	NaN	NaN
	53501	16.379835708823272	0.02083255813132797	F	NaN	NaN	NaN
	53502	16.389647467206245	0.024014984842080356	F	NaN	NaN	NaN
	53503	16.3982059916239	0.023992937783504135	F	NaN	NaN	NaN
	53504	16.408431685191342	0.021149434335950158	F	NaN	NaN	NaN
	53505	16.42099587917899	0.018374940107773706	F	NaN	NaN	NaN
	53506	16.43648435338812	0.017163417423468663	F	NaN	NaN	NaN
	53507	16.455481659473364	0.016884655676710318	F	NaN	NaN	NaN
	53508	16.47700971916671	0.015084567113280708	F	NaN	NaN	NaN
	53509	16.502281058965675	0.013158795190679657	F	NaN	NaN	NaN
	53510	16.532153232272695	0.01174931631305923	F	NaN	NaN	NaN
	53511	16.566351351715227	0.011164860689692078	F	NaN	NaN	NaN
	53512	16.603998828248894	0.012938493334278482	F	NaN	NaN	NaN
	53513	16.648492655198567	0.013862822187606087	F	NaN	NaN	NaN
	53514	16.697582893378605	0.016136230901797288	F	NaN	NaN	NaN
	53515	16.75183593142654	0.021477435860792298	F	NaN	NaN	NaN
	53516	16.80943335300107	0.02642748606803495	F	NaN	NaN	NaN
	53517	16.87092873084639	0.027280389886129835	F	NaN	NaN	NaN
	53518	16.938561036610132	0.025446188634768878	F	NaN	NaN	NaN
	53519	17.01013514006338	0.022945706565137367	F	NaN	NaN	NaN
	53520	17.08344426568666	0.02165677677284923	F	NaN	NaN	NaN
	53521	17.156224734678162	0.0211650080603112	F	NaN	NaN	NaN
	53522	17.226262743706986	0.01965381159021213	F	NaN	NaN	NaN
	53523	17.293704478043317	0.016746226915231414	F	NaN	NaN	NaN
	53524	17.361649775732474	0.013999476742265943	F	NaN	NaN	NaN
	53525	17.429649245032383	0.01336950474996056	F	NaN	NaN	NaN
	53526	17.49801671287562	0.01703017292765661	F	NaN	NaN	NaN
	53527	17.566436105569217	0.023905242965191684	F	NaN	NaN	NaN

# FILTER u
#        MJD  MAG  MAGERR  Upperlimit  Instrument  Telescope  Source
	53468	18.4673815960337	0.032156122907347165	F	NaN	NaN	NaN
	53469	18.29147125795061	0.02763736593615366	F	NaN	NaN	NaN
	53470	18.15056165210274	0.02832461377982335	F	NaN	NaN	NaN
	53471	18.044875491111643	0.027950229063144726	F	NaN	NaN	NaN
	53472	17.974461261848898	0.0254837735897073	F	NaN	NaN	NaN
	53473	17.934191094579845	0.020484214453572742	F	NaN	NaN	NaN
	53474	17.938222036035224	0.021635825014275287	F	NaN	NaN	NaN
	53475	17.992397860845458	0.024078008494749073	F	NaN	NaN	NaN
	53476	18.09730036843547	0.02526230573635626	F	NaN	NaN	NaN
	53477	18.222313686707416	0.025999244971843555	F	NaN	NaN	NaN
	53478	18.342022413146477	0.03089168908324281	F	NaN	NaN	NaN
	53479	18.440868425236637	0.036216660124921696	F	NaN	NaN	NaN
	53480	18.52057182608645	0.039679126149331015	F	NaN	NaN	NaN
	53481	18.564909847833615	0.04668300557626569	F	NaN	NaN	NaN
	53482	18.547040273464894	0.04961342929491353	F	NaN	NaN	NaN
	53483	18.475633171996932	0.057976880977863146	F	NaN	NaN	NaN
	53484	18.39780493481992	0.07173942541819382	F	NaN	NaN	NaN
	53485	18.317775001767124	0.06948918454006839	F	NaN	NaN	NaN
	53486	18.2165584250263	0.057427663392633124	F	NaN	NaN	NaN
	53487	18.0986123773109	0.043675084355213195	F	NaN	NaN	NaN
	53488	17.968603753461156	0.036006707353168445	F	NaN	NaN	NaN
	53489	17.83119944831733	0.03131932531099654	F	NaN	NaN	NaN
	53490	17.67574182207993	0.027493781638380482	F	NaN	NaN	NaN
	53491	17.519276498114486	0.029053381187175667	F	NaN	NaN	NaN
	53492	17.388161253043986	0.030927032455314172	F	NaN	NaN	NaN
	53493	17.281665168270937	0.03232127291270409	F	NaN	NaN	NaN
	53494	17.214151242913026	0.029264482520180452	F	NaN	NaN	NaN
	53495	17.170348744766482	0.02791627528366665	F	NaN	NaN	NaN
	53496	17.135429196616244	0.026322203557547587	F	NaN	NaN	NaN
	53497	17.111989021594066	0.027742500626266785	F	NaN	NaN	NaN
	53498	17.102533401384346	0.025872931614606298	F	NaN	NaN	NaN
	53499	17.112056971475244	0.02776733452821583	F	NaN	NaN	NaN
	53500	17.14990579458054	0.024895393458292343	F	NaN	NaN	NaN
	53501	17.208629651864392	0.022760869645768678	F	NaN	NaN	NaN
	53502	17.28113338604321	0.021501561136668904	F	NaN	NaN	NaN
	53503	17.35371087776012	0.022105528268997404	F	NaN	NaN	NaN
	53504	17.43307219624021	0.02220065635661311	F	NaN	NaN	NaN
	53505	17.518559818149186	0.02654773234274635	F	NaN	NaN	NaN
	53506	17.610126423428543	0.03946246685124538	F	NaN	NaN	NaN
	53507	17.706982368760496	0.05253503874223295	F	NaN	NaN	NaN
	53508	17.80774865996803	0.06099031904374265	F	NaN	NaN	NaN
	53509	17.911498972941214	0.07029548484604084	F	NaN	NaN	NaN
	53510	18.0173090575991	0.08304510582576474	F	NaN	NaN	NaN
	53511	18.124252734052746	0.09300962887109218	F	NaN	NaN	NaN
	53512	18.231360718835536	0.095755383094792	F	NaN	NaN	NaN
	53513	18.336885055942076	0.08645164334842542	F	NaN	NaN	NaN
	53514	18.441949310968514	0.07114785631716344	F	NaN	NaN	NaN
	53515	18.55168842259118	0.06311218624594257	F	NaN	NaN	NaN
	53516	18.671359149491966	0.05680925169694251	F	NaN	NaN	NaN
	53517	18.799795430596212	0.050085781292133966	F	NaN	NaN	NaN
	53518	18.9333936167155	0.04890861985979392	F	NaN	NaN	NaN
	53519	19.06923433739437	0.05653094520323587	F	NaN	NaN	NaN
	53520	19.197410302093633	0.06581240868130342	F	NaN	NaN	NaN
	53521	19.32013892155744	0.07170193913716817	F	NaN	NaN	NaN
	53522	19.43682456901529	0.0758719289071898	F	NaN	NaN	NaN
	53523	19.550502742095603	0.07782256417489393	F	NaN	NaN	NaN
	53524	19.66054627608504	0.07770859557869952	F	NaN	NaN	NaN
	53525	19.766672231630054	0.07639586400521328	F	NaN	NaN	NaN
	53526	19.8681745174398	0.07360430513378143	F	NaN	NaN	NaN
	53527	19.9648567785395	0.07096097389356146	F	NaN	NaN	NaN
	53528	20.05591868145828	0.07152741628971061	F	NaN	NaN	NaN
	53529	20.14127725767712	0.07883692161992875	F	NaN	NaN	NaN

# FILTER U
#        MJD  MAG  MAGERR  Upperlimit  Instrument  Telescope  Source
	53472	17.168468284166604	0.04980190997380227	F	NaN	NaN	NaN
	53473	17.194286938593343	0.03610951820693427	F	NaN	NaN	NaN
	53474	17.23902564734358	0.03731974144081272	F	NaN	NaN	NaN
	53475	17.30201579206439	0.04242997924677054	F	NaN	NaN	NaN
	53476	17.387361628331394	0.04848308671343192	F	NaN	NaN	NaN
	53477	17.47578961501185	0.05192567623955767	F	NaN	NaN	NaN
	53478	17.59563708915941	0.05849166573945949	F	NaN	NaN	NaN
	53479	17.675467963547547	0.05782038197448834	F	NaN	NaN	NaN
	53480	17.74373709786142	0.05713314277186334	F	NaN	NaN	NaN
	53481	17.790996874714153	0.06611431875487382	F	NaN	NaN	NaN
	53482	17.804062833952667	0.07552973641146771	F	NaN	NaN	NaN
	53483	17.76837209745187	0.07765740969296986	F	NaN	NaN	NaN
	53484	17.688346214072492	0.08353488853379777	F	NaN	NaN	NaN
	53485	17.589437603524555	0.09678671208879447	F	NaN	NaN	NaN
	53486	17.44389231533246	0.09205310465920617	F	NaN	NaN	NaN
	53487	17.318439231168743	0.09629259527442177	F	NaN	NaN	NaN
	53488	17.18370003488438	0.08621654525077439	F	NaN	NaN	NaN
	53489	17.041177613712065	0.0701817411837361	F	NaN	NaN	NaN
	53490	16.89807468584711	0.05384716952088654	F	NaN	NaN	NaN
	53491	16.761549622414915	0.041250423937633264	F	NaN	NaN	NaN
	53492	16.6388627528227	0.03487767465750487	F	NaN	NaN	NaN
	53493	16.52910940826934	0.02903546804285383	F	NaN	NaN	NaN
	53494	16.450303087656444	0.03876414467018324	F	NaN	NaN	NaN
	53495	16.510050138447838	0.04325885541306737	F	NaN	NaN	NaN
	53496	16.390809897604285	0.045223026435376415	F	NaN	NaN	NaN
	53497	16.324617775073445	0.03918742815399318	F	NaN	NaN	NaN
	53498	16.31760299293742	0.03463508194553799	F	NaN	NaN	NaN
	53499	16.33212599544456	0.03560161856949407	F	NaN	NaN	NaN
	53500	16.401457103660906	0.03612845227102606	F	NaN	NaN	NaN
	53501	16.488662217112495	0.04221430385388872	F	NaN	NaN	NaN
	53502	16.542971261348438	0.036314060656590735	F	NaN	NaN	NaN
	53503	16.572644656266895	0.04319385713771565	F	NaN	NaN	NaN
	53504	16.60795846175483	0.07795995710213965	F	NaN	NaN	NaN
	53505	16.692885642171973	0.08996976808088276	F	NaN	NaN	NaN
	53506	16.811072122311266	0.08564986311864083	F	NaN	NaN	NaN
	53507	16.942626113257237	0.0787986213336941	F	NaN	NaN	NaN
	53508	17.068642389963017	0.07279241577320877	F	NaN	NaN	NaN
	53509	17.169505297597606	0.06403154896085754	F	NaN	NaN	NaN
	53510	17.236134310427595	0.050895729334362164	F	NaN	NaN	NaN
	53511	17.344206712049964	0.05042268430480907	F	NaN	NaN	NaN
	53512	17.465525981151977	0.05248099193933564	F	NaN	NaN	NaN
	53513	17.55898306587534	0.08478446336588218	F	NaN	NaN	NaN
	53514	17.715223876267824	0.09055678283400709	F	NaN	NaN	NaN
	53515	17.906087562536552	0.09368420301008809	F	NaN	NaN	NaN
	53516	18.086688158756303	0.10029863565767586	F	NaN	NaN	NaN
	53517	18.234143694033445	0.10397351778725042	F	NaN	NaN	NaN
	53518	18.36641812323684	0.10598918373906945	F	NaN	NaN	NaN
	53519	18.4836756793274	0.10759719804663402	F	NaN	NaN	NaN
	53520	18.58546260738802	0.11293957916906676	F	NaN	NaN	NaN
	53521	18.671351820228466	0.1205582166274088	F	NaN	NaN	NaN
	53522	18.74083652341191	0.1351472735005336	F	NaN	NaN	NaN
	53523	18.794191995934195	0.16201360995349162	F	NaN	NaN	NaN
	53524	18.832628075993167	0.20255991822699915	F	NaN	NaN	NaN
	53525	18.856377523239296	0.25539300986082947	F	NaN	NaN	NaN
	53526	18.86564730933973	0.319672904980204	F	NaN	NaN	NaN