###################### HEADER ######################
# SNNAME:	SN2007ag
###################### HEADER ######################


# FILTER V
#        MJD  MAG  MAGERR  Upperlimit  Instrument  Telescope  Source
	54170	18.40705682541664	0.04784571469740226	F	NaN	NaN	NaN
	54171	18.46358671346764	0.04621458838876045	F	NaN	NaN	NaN
	54172	18.519978125413886	0.045846237439175735	F	NaN	NaN	NaN
	54173	18.576260614785554	0.045932673356864795	F	NaN	NaN	NaN
	54174	18.632164058143868	0.046002847517753374	F	NaN	NaN	NaN
	54175	18.687710904372704	0.04523652316483679	F	NaN	NaN	NaN
	54176	18.74293146816994	0.04378876164157827	F	NaN	NaN	NaN
	54177	18.797523788231985	0.04278601941345816	F	NaN	NaN	NaN
	54178	18.851696859468863	0.042847825921509514	F	NaN	NaN	NaN
	54179	18.90528048550803	0.04441591810715779	F	NaN	NaN	NaN
	54180	18.958900922611825	0.04809346519438416	F	NaN	NaN	NaN
	54181	19.013290295217036	0.05433433759503993	F	NaN	NaN	NaN
	54182	19.06760867389168	0.06272496780927203	F	NaN	NaN	NaN
	54183	19.120976838279518	0.07124331652045877	F	NaN	NaN	NaN
	54184	19.172531463605065	0.07892729173178713	F	NaN	NaN	NaN
	54185	19.22132932372663	0.0844035668956282	F	NaN	NaN	NaN
	54186	19.267446189745385	0.08720517899605917	F	NaN	NaN	NaN
	54187	19.312031109924888	0.08892184372864573	F	NaN	NaN	NaN
	54188	19.355044383642248	0.09003115652048733	F	NaN	NaN	NaN
	54189	19.39650634800614	0.08946457395168614	F	NaN	NaN	NaN
	54190	19.436385063724334	0.0882700936343284	F	NaN	NaN	NaN
	54191	19.47464859150457	0.08676578131770898	F	NaN	NaN	NaN
	54192	19.51124271494626	0.08532948514300057	F	NaN	NaN	NaN
	54193	19.54610681007233	0.08421039670234737	F	NaN	NaN	NaN
	54194	19.57925739032942	0.08393700753241065	F	NaN	NaN	NaN
	54195	19.61069572107948	0.08454619089379187	F	NaN	NaN	NaN
	54196	19.640298092099517	0.0846955276662715	F	NaN	NaN	NaN
	54197	19.668076254251382	0.08441597335282429	F	NaN	NaN	NaN
	54198	19.693997576504785	0.08460014219412326	F	NaN	NaN	NaN
	54199	19.718029427829432	0.08452108435175279	F	NaN	NaN	NaN
	54200	19.740181195154438	0.08496307241798468	F	NaN	NaN	NaN
	54201	19.760653130805938	0.08747186401561498	F	NaN	NaN	NaN
	54202	19.779428482824134	0.09259862098873906	F	NaN	NaN	NaN
	54203	19.796507773790964	0.0996240517203246	F	NaN	NaN	NaN
	54204	19.81181081808891	0.10867553084514808	F	NaN	NaN	NaN
	54205	19.825390256874144	0.12181086054245494	F	NaN	NaN	NaN
	54206	19.837275279785842	0.137414410223623	F	NaN	NaN	NaN
	54207	19.847466409405946	0.15356365735611144	F	NaN	NaN	NaN
	54208	19.85596416831637	0.1723505306218416	F	NaN	NaN	NaN
	54209	19.862674790902904	0.19356374142888272	F	NaN	NaN	NaN
	54210	19.867678257397998	0.21700406913130127	F	NaN	NaN	NaN

# FILTER i
#        MJD  MAG  MAGERR  Upperlimit  Instrument  Telescope  Source
	54170	18.00413570884993	0.06094062888811648	F	NaN	NaN	NaN
	54171	18.017974859321306	0.07178872524793883	F	NaN	NaN	NaN
	54172	18.033994218703732	0.08419194988609262	F	NaN	NaN	NaN
	54173	18.051920045474986	0.09676895702633351	F	NaN	NaN	NaN
	54174	18.071578961448623	0.109219028420006	F	NaN	NaN	NaN
	54175	18.093163143146125	0.12185685460400285	F	NaN	NaN	NaN
	54176	18.11691268042207	0.13421554601959845	F	NaN	NaN	NaN
	54177	18.142404859261745	0.1461218288481927	F	NaN	NaN	NaN
	54178	18.169203935527424	0.15695838251636804	F	NaN	NaN	NaN
	54179	18.198088119494216	0.1679715017407211	F	NaN	NaN	NaN
	54180	18.228716295833546	0.17673221038476922	F	NaN	NaN	NaN
	54181	18.263325289537402	0.18285348539367147	F	NaN	NaN	NaN
	54182	18.301637801561718	0.18665911680490996	F	NaN	NaN	NaN
	54183	18.3429314666495	0.18870536831647322	F	NaN	NaN	NaN
	54184	18.386587994149124	0.18892281603245142	F	NaN	NaN	NaN
	54185	18.432008488592405	0.18774734092746193	F	NaN	NaN	NaN
	54186	18.478515847547193	0.18559608924320203	F	NaN	NaN	NaN
	54187	18.525497952787333	0.18254414033188535	F	NaN	NaN	NaN
	54188	18.57232155686386	0.17906057856322585	F	NaN	NaN	NaN
	54189	18.6183150583103	0.1750028090294815	F	NaN	NaN	NaN
	54190	18.662915531913104	0.17072548526389703	F	NaN	NaN	NaN
	54191	18.705395212378967	0.16633281827312152	F	NaN	NaN	NaN
	54192	18.745218525586882	0.1621595895003137	F	NaN	NaN	NaN
	54193	18.781663367847987	0.1579293086168415	F	NaN	NaN	NaN
	54194	18.815251770611784	0.1540970356619228	F	NaN	NaN	NaN
	54195	18.848248920129816	0.14961491012772193	F	NaN	NaN	NaN
	54196	18.88061901868893	0.14459934072298608	F	NaN	NaN	NaN
	54197	18.91208842466053	0.13984345273568935	F	NaN	NaN	NaN
	54198	18.942383863085894	0.1355470858535106	F	NaN	NaN	NaN
	54199	18.9712320590063	0.1326715864135643	F	NaN	NaN	NaN
	54200	18.998923831053787	0.130697286713225	F	NaN	NaN	NaN
	54201	19.02611482651633	0.12898266128201308	F	NaN	NaN	NaN
	54202	19.052807292471662	0.1278994191948975	F	NaN	NaN	NaN
	54203	19.07899864653653	0.1270063293706709	F	NaN	NaN	NaN
	54204	19.104662964746208	0.1263912926546986	F	NaN	NaN	NaN
	54205	19.12981151757463	0.1266282648328628	F	NaN	NaN	NaN
	54206	19.154450831325327	0.12651057814349284	F	NaN	NaN	NaN
	54207	19.178578323615042	0.12652678183239524	F	NaN	NaN	NaN
	54208	19.202191412060525	0.1263788129581264	F	NaN	NaN	NaN
	54209	19.225260140603773	0.12580904741507223	F	NaN	NaN	NaN
	54210	19.24780296935107	0.12564743735759482	F	NaN	NaN	NaN
	54211	19.269633209874403	0.1256599708197494	F	NaN	NaN	NaN
	54212	19.29133083701683	0.125718791880889	F	NaN	NaN	NaN
	54213	19.312075480768428	0.12574795184763377	F	NaN	NaN	NaN
	54214	19.33261287615001	0.12571935715444577	F	NaN	NaN	NaN
	54215	19.352392227074308	0.1254795154447413	F	NaN	NaN	NaN
	54216	19.37175712672665	0.12525963905069676	F	NaN	NaN	NaN
	54217	19.390562558553412	0.12506671383884194	F	NaN	NaN	NaN
	54218	19.408742698508135	0.12495574404155363	F	NaN	NaN	NaN
	54219	19.426565584967133	0.12489159855089153	F	NaN	NaN	NaN
	54220	19.443548701255843	0.12446638230992137	F	NaN	NaN	NaN
	54221	19.460322327818375	0.12404396933542025	F	NaN	NaN	NaN
	54222	19.476154244731152	0.12472233774959049	F	NaN	NaN	NaN
	54223	19.491714945961135	0.12563479831709745	F	NaN	NaN	NaN
	54224	19.506538438695447	0.12718355956762623	F	NaN	NaN	NaN
	54225	19.520873950624477	0.1286410039900105	F	NaN	NaN	NaN
	54226	19.534680392910104	0.1299994425474499	F	NaN	NaN	NaN
	54227	19.54777845156981	0.13165443040049304	F	NaN	NaN	NaN
	54228	19.560559217136507	0.13344224606009003	F	NaN	NaN	NaN
	54229	19.572407558558485	0.13617005373439237	F	NaN	NaN	NaN
	54230	19.584036848033737	0.13906002067293835	F	NaN	NaN	NaN
	54231	19.5947403813519	0.1424197155312281	F	NaN	NaN	NaN
	54232	19.605104051922893	0.14592255884472255	F	NaN	NaN	NaN
	54233	19.614756029711437	0.14972516352728588	F	NaN	NaN	NaN
	54234	19.62384181740977	0.153758694215768	F	NaN	NaN	NaN
	54235	19.63243361339846	0.15799370411491767	F	NaN	NaN	NaN
	54236	19.640229254255754	0.1631361288721055	F	NaN	NaN	NaN
	54237	19.64775224217437	0.16858930880487144	F	NaN	NaN	NaN
	54238	19.654245472222225	0.17437798482237762	F	NaN	NaN	NaN
	54239	19.660510088102807	0.180272293791243	F	NaN	NaN	NaN
	54240	19.665869581070563	0.18661731864964967	F	NaN	NaN	NaN
	54241	19.67081588447517	0.19343715344030538	F	NaN	NaN	NaN
	54242	19.675080690562158	0.2010401195684142	F	NaN	NaN	NaN
	54243	19.6786964175224	0.20872613230678327	F	NaN	NaN	NaN
	54244	19.68185791045837	0.21647026214432577	F	NaN	NaN	NaN
	54245	19.684130797005864	0.22460032912316558	F	NaN	NaN	NaN

# FILTER r
#        MJD  MAG  MAGERR  Upperlimit  Instrument  Telescope  Source
	54170	18.06537715666915	0.10135576374995077	F	NaN	NaN	NaN
	54171	18.100042242706202	0.11363965668439746	F	NaN	NaN	NaN
	54172	18.135664576082153	0.12645041100394613	F	NaN	NaN	NaN
	54173	18.171942378107865	0.13941150354367407	F	NaN	NaN	NaN
	54174	18.208655994713048	0.15200092046028746	F	NaN	NaN	NaN
	54175	18.2459856118489	0.16460512919539616	F	NaN	NaN	NaN
	54176	18.2842018212473	0.17726520315817176	F	NaN	NaN	NaN
	54177	18.322860278537966	0.1894532623153757	F	NaN	NaN	NaN
	54178	18.361504245739564	0.2007172744262563	F	NaN	NaN	NaN
	54179	18.400887722999016	0.21183443479070443	F	NaN	NaN	NaN
	54180	18.44054736056492	0.22032770617855113	F	NaN	NaN	NaN
	54181	18.482473235338325	0.2250472043532482	F	NaN	NaN	NaN
	54182	18.526432191326013	0.22678955454405947	F	NaN	NaN	NaN
	54183	18.5718645574643	0.22562151150790888	F	NaN	NaN	NaN
	54184	18.618265619336615	0.22245618649587148	F	NaN	NaN	NaN
	54185	18.665131091790776	0.2174897535309579	F	NaN	NaN	NaN
	54186	18.711939779689754	0.2115541165419525	F	NaN	NaN	NaN
	54187	18.758158729971214	0.20442106679831273	F	NaN	NaN	NaN
	54188	18.803330333426477	0.1970739680282212	F	NaN	NaN	NaN
	54189	18.84684317488349	0.19004744320879063	F	NaN	NaN	NaN
	54190	18.88830272998058	0.18328489941820605	F	NaN	NaN	NaN
	54191	18.927070319638126	0.17739086121521191	F	NaN	NaN	NaN
	54192	18.96274749740311	0.17250616545986808	F	NaN	NaN	NaN
	54193	18.994726266797194	0.16944417135421783	F	NaN	NaN	NaN
	54194	19.023382140552147	0.16788665222408838	F	NaN	NaN	NaN
	54195	19.05044393114309	0.1664310672057509	F	NaN	NaN	NaN
	54196	19.07613938767474	0.16496752338322018	F	NaN	NaN	NaN
	54197	19.100494419233605	0.16322924793297916	F	NaN	NaN	NaN
	54198	19.123535856080753	0.16072357014994215	F	NaN	NaN	NaN
	54199	19.14529052847727	0.15706027634329442	F	NaN	NaN	NaN
	54200	19.166229413715055	0.1531668183412608	F	NaN	NaN	NaN
	54201	19.186943608656517	0.14898659775068085	F	NaN	NaN	NaN
	54202	19.207433903541	0.1449894362403184	F	NaN	NaN	NaN
	54203	19.227694594188744	0.14076708731654913	F	NaN	NaN	NaN
	54204	19.24770863900256	0.13657397031925553	F	NaN	NaN	NaN
	54205	19.267476708962896	0.13243481628759246	F	NaN	NaN	NaN
	54206	19.286997219820194	0.12834556209195203	F	NaN	NaN	NaN
	54207	19.306264467394723	0.1245807633739664	F	NaN	NaN	NaN
	54208	19.325272747506727	0.12078395362844335	F	NaN	NaN	NaN
	54209	19.34400164683081	0.11720456563538859	F	NaN	NaN	NaN
	54210	19.362456636540514	0.1136483417100071	F	NaN	NaN	NaN
	54211	19.380532336361295	0.11047132409872196	F	NaN	NaN	NaN
	54212	19.398537516237305	0.10737877333562067	F	NaN	NaN	NaN
	54213	19.416020177096904	0.10449116734476604	F	NaN	NaN	NaN
	54214	19.433387913219665	0.10179211851827027	F	NaN	NaN	NaN
	54215	19.450328476264	0.09979393311401605	F	NaN	NaN	NaN
	54216	19.46703167134736	0.09820560862061765	F	NaN	NaN	NaN
	54217	19.48341108081964	0.09717636153989392	F	NaN	NaN	NaN
	54218	19.499422637577428	0.09656629138464051	F	NaN	NaN	NaN
	54219	19.515221837720855	0.0961982066469318	F	NaN	NaN	NaN
	54220	19.530514658866913	0.09678641577060082	F	NaN	NaN	NaN
	54221	19.545679967957515	0.09765920926467336	F	NaN	NaN	NaN
	54222	19.560261582172853	0.10037228895445863	F	NaN	NaN	NaN
	54223	19.574673016836197	0.10317687918572419	F	NaN	NaN	NaN
	54224	19.588617254452306	0.10623269498592275	F	NaN	NaN	NaN
	54225	19.60224771740223	0.10972493352926282	F	NaN	NaN	NaN
	54226	19.615535522662306	0.113693767620547	F	NaN	NaN	NaN
	54227	19.628357916612647	0.11802360763795205	F	NaN	NaN	NaN
	54228	19.640970233759898	0.12251639808064647	F	NaN	NaN	NaN
	54229	19.652957461424492	0.128153246782892	F	NaN	NaN	NaN
	54230	19.66479602514359	0.1339514218638102	F	NaN	NaN	NaN
	54231	19.67600019879481	0.14002357548629324	F	NaN	NaN	NaN
	54232	19.68696845741264	0.14592337379498008	F	NaN	NaN	NaN
	54233	19.697439975680652	0.15146026246778566	F	NaN	NaN	NaN
	54234	19.70751083191104	0.15748023319300775	F	NaN	NaN	NaN
	54235	19.71723063903905	0.16392346717991033	F	NaN	NaN	NaN
	54236	19.726376995595846	0.17118010528534516	F	NaN	NaN	NaN
	54237	19.73532603582706	0.17871662437780364	F	NaN	NaN	NaN
	54238	19.743520795424093	0.18639630754495293	F	NaN	NaN	NaN
	54239	19.751545739185588	0.1940608316656641	F	NaN	NaN	NaN
	54240	19.758896078352826	0.20161530296710536	F	NaN	NaN	NaN
	54241	19.76593428633904	0.2095265318007486	F	NaN	NaN	NaN
	54242	19.772456691339098	0.21802730955365313	F	NaN	NaN	NaN
	54243	19.778481066263854	0.22721227472072597	F	NaN	NaN	NaN
	54244	19.784156481339934	0.23687663651132496	F	NaN	NaN	NaN
	54245	19.789139925917084	0.24689340573287566	F	NaN	NaN	NaN